3
100.579111 100.51641 667
100.574916 100.52090 623
100.603737 100.46488 835
100.589262 100.47747 663
100.573736 100.54513 660
100.578039 100.54272 704
100.565543 100.60348 607
100.579212 100.57072 671
100.581092 100.50857 653
100.578252 100.55908 692


-0.0213859936478


-0.0213859198728


-0.0213859805535


-0.0213859444686


-0.0213859103035
4
100.611505 100.59262 672
100.626557 100.58718 700
100.622469 100.48263 720
100.626237 100.51021 714
100.618009 100.55796 686
100.617698 100.55249 697
100.612560 100.58748 611
100.604387 100.62158 612
100.632553 100.41703 806
100.624098 100.51614 729


-0.0213857313427


-0.0213860470729


-0.0213857127477


-0.0213860208525


-0.0213857138966
5
100.654167 100.60698 720
100.654354 100.51051 690
100.651401 100.56459 739
100.648985 100.57717 670
100.654620 100.54372 720
100.662778 100.47344 753
100.647229 100.56360 639
100.654737 100.50603 758
100.656634 100.52714 724
100.654403 100.60051 655


-0.021385668642


-0.021386017858


-0.0213855704452


-0.0213855557519


-0.0213860389905
6
100.682496 100.52836 714
100.676515 100.57364 690
100.698420 100.47886 822
100.679957 100.53091 687
100.672601 100.58569 678
100.677233 100.57188 700
100.699219 100.53643 887
100.679047 100.57634 696
100.676650 100.54529 703
100.681895 100.55287 721


-0.0213855038555


-0.0213859197204


-0.0213854743073


-0.0213854258112


-0.0213855158464
100.5319006 0.00503659971338
100.5425978 0.00704979755335
100.5460048 0.00624891275177
100.5476542 0.00683494087225
