ID,y
1,83.9425554276
2,100.837079048
3,83.4944887161
4,79.1749620438
5,119.436311722
8,96.2992238998
10,115.581601143
11,98.6139259338
12,121.982988358
14,96.9142589569
15,121.274134636
16,111.696800232
17,103.492346764
19,98.5071954727
20,109.695165634
21,103.310860634
22,121.160019875
23,109.309911728
26,97.301864624
28,99.6785879135
29,104.003603935
33,101.84965992
35,94.6683368683
41,96.5547132492
42,93.3057041168
43,115.709282875
45,104.086434364
46,103.736623764
51,93.6743545532
53,80.483399868
55,113.456802368
56,93.635717392
57,103.600959778
58,94.1851444244
59,104.667232513
63,114.201597214
64,94.1105690002
65,104.589863777
69,94.0349407196
71,94.0145483017
72,103.002091408
73,93.8921899796
76,104.537230492
77,104.420854568
78,115.039237976
82,94.3144931793
83,104.546419144
84,93.6818113327
85,103.321439743
87,113.963564873
88,95.8340578079
89,113.511655807
91,94.1144638062
93,93.5335226059
94,104.373087883
95,93.9120044708
96,116.085827827
97,93.1296415329
98,112.724593163
99,94.482254982
101,103.796369553
103,113.453892708
104,94.4062595367
105,114.875600815
110,93.5862827301
111,114.245565414
113,112.341687202
114,92.8555421829
115,114.323975563
117,113.432553291
120,94.2877159119
121,114.201510429
122,93.6225233078
123,112.854369164
126,112.369140625
132,112.687590599
135,104.881270409
137,103.696235657
138,93.9235925674
140,93.4509944916
142,112.383375168
144,112.150177002
148,90.6981935501
149,112.007012367
155,93.2233476639
156,112.712082863
157,93.3967781067
162,113.234482765
163,94.3657684326
167,93.6337051392
172,115.707565308
179,113.53644371
180,93.8881340027
181,110.860614777
182,93.6477012634
183,113.388619423
185,113.464615822
187,115.126706123
188,93.9070739746
189,93.5466623306
191,94.0517482758
192,113.734208107
193,93.5656585693
194,111.314335823
195,92.8342733383
196,113.531952858
198,94.6443443298
199,113.989248276
201,103.551537514
204,94.0584583282
205,106.501940727
206,92.1396121979
210,94.0382766724
211,103.699676514
216,114.135427475
219,116.347027779
220,92.770573616
221,111.477492332
226,110.853268623
227,93.7487297058
228,113.917128563
230,113.441050529
231,93.2236700058
235,116.114705086
236,93.9477367401
238,113.314876556
242,104.169624329
243,93.9813451767
244,77.8466773033
245,115.688988686
247,112.985272408
248,93.1041126251
249,93.7810125351
250,112.417416573
251,93.949341774
253,116.111175537
254,94.6992988586
256,93.7700395584
257,92.3515481949
258,113.999026299
259,94.3174467087
262,81.5137023926
266,93.758477211
267,113.709430695
272,102.838764191
273,113.400483131
275,93.507900238
276,114.090031624
279,93.9972305298
280,104.411121368
283,94.7908697128
285,113.568636894
288,113.503858566
289,93.0847969055
290,103.449632645
291,93.5232439041
292,113.748930931
293,112.118614197
296,92.9499959946
297,113.301242828
298,115.05284977
299,94.0230093002
304,93.162112236
305,81.8239736557
306,93.451166153
307,111.357633591
311,110.964042664
313,111.41130352
314,92.2577571869
316,95.4584379196
324,94.3790597916
327,94.1282997131
329,93.9916086197
330,111.471574783
337,103.54753685
338,93.278585434
339,103.845276833
340,93.6806373596
343,94.1000185013
345,115.62435627
346,93.8445272446
347,113.303263664
349,113.81851387
350,92.63534832
352,112.062916756
353,93.1930646896
354,77.7834324837
357,93.3431997299
358,111.826330185
362,113.459384918
364,114.551989555
365,103.294338226
366,93.4771308899
367,114.043820381
368,93.5452013016
370,77.7361598015
373,93.4768943787
377,93.2894229889
378,111.620388031
382,104.061250687
384,114.104763031
390,93.7223834991
392,112.980331421
393,113.595684052
395,93.6753358841
396,104.392478943
399,77.855281353
406,111.490158081
408,111.547947884
409,93.2396564484
410,78.0047841072
412,113.527243614
413,92.054567337
419,94.1041488647
420,113.344778061
421,92.9169197083
430,101.571199417
434,93.6051511765
436,93.8765897751
437,93.6449584961
438,92.7805156708
439,113.867537498
440,94.4822587967
443,113.99288559
446,94.1365709305
448,93.9939556122
452,94.6046333313
453,103.758811951
457,104.107146263
458,93.8544988632
459,114.10958004
460,104.270528793
462,104.468420029
464,103.959856033
465,116.374944687
467,115.092391014
471,114.08124733
472,78.0867185593
473,93.9371423721
475,94.0462770462
480,94.2222070694
488,111.239035606
490,111.536827087
491,104.682591438
492,78.2351269722
493,93.5991096497
497,93.4007701874
498,113.646121025
499,94.1841030121
500,103.534020424
501,93.8414945602
502,113.954147339
506,82.6609401703
510,111.463931084
511,92.9572629929
512,93.9741563797
516,95.1145067215
518,93.1261367798
519,111.855927467
521,92.8072462082
522,110.563118935
526,113.31509304
529,93.6416711807
532,113.828781128
533,93.9115400314
536,112.094789505
537,101.293319702
539,94.3017129898
540,103.723452568
541,93.9686136246
543,93.3036575317
546,113.769577026
547,93.554142952
548,77.9950613976
551,93.5140562057
552,103.732158661
556,104.871053696
557,94.1931962967
558,113.892222404
559,93.9558258057
560,104.576659203
562,106.578471184
566,92.6553258896
570,113.395809174
571,93.575750351
572,104.44462204
573,93.9187755585
575,116.172522545
576,113.589808464
577,92.2780971527
579,93.4883708954
580,112.034222603
581,113.15412426
589,111.382416725
591,103.476747513
593,93.8148765564
594,103.483133316
595,94.2692375183
598,93.7099075317
602,113.084058762
604,111.537994385
606,112.77737236
608,93.756975174
609,103.790407181
610,93.906329155
616,113.466377258
617,94.4711017609
618,102.776900291
620,103.683652878
622,110.208404541
623,91.8422174454
624,109.766746521
626,113.07997036
628,111.952870369
629,93.7760772705
630,113.478693008
637,93.0015153885
638,103.833821297
643,94.250210762
645,94.114777565
646,115.055119514
648,93.9718446732
652,92.6754350662
653,93.47651577
654,113.311473846
656,113.565078735
657,93.4539575577
659,93.8449039459
660,103.768610001
663,93.5416269302
664,112.343457222
666,105.339544296
668,113.209375381
669,92.3015165329
671,94.06645298
675,93.3312454224
677,94.2860326767
678,116.078341484
679,104.459241867
682,94.0554323196
685,104.085567474
687,93.9080762863
688,93.8265542984
693,113.910470009
696,94.351855278
698,94.0442171097
701,93.7040138245
704,104.61476326
705,116.002598763
709,114.469590187
710,94.1101093292
711,103.82508564
712,94.2490777969
714,112.412061691
715,94.4345111847
716,110.859254837
717,93.2253379822
720,116.206954956
721,93.8654556274
724,102.582507133
725,93.7389163971
726,113.898554802
728,111.344372749
731,94.5016126633
734,103.791181564
738,93.3412818909
745,114.079825401
746,93.7636518478
751,77.8841533661
754,93.6795415878
756,94.8304796219
758,93.8177261353
759,113.261307716
761,116.185440063
766,94.7233486176
767,112.825787544
768,91.9178237915
769,111.6068573
770,94.6515903473
771,77.9620594978
772,103.246349335
773,93.5453739166
774,112.671873093
776,114.148534775
777,94.1101121902
780,115.426198959
782,103.299986839
787,103.489537239
788,94.1266174316
792,92.4262704849
793,115.828149796
798,94.5862016678
800,92.9464588165
806,110.987475395
809,113.389564514
811,112.787369728
812,93.4013834
814,116.341943741
816,103.602637291
817,93.6583366394
818,111.121130943
820,112.893631935
823,93.9274597168
829,93.0830755234
830,113.21006012
831,92.6258535385
834,112.786379814
839,93.748878479
841,77.8620762825
844,103.664000511
845,94.0294561386
848,93.4474115372
850,97.2310161591
851,103.337620735
852,92.2893571854
854,94.4821996689
855,94.1599740982
856,103.144094467
859,103.029852867
861,112.665174484
864,94.385471344
865,113.762897491
866,94.146897316
867,94.0794363022
869,93.4432153702
871,94.4406147003
872,110.963518143
882,103.27311039
883,93.554684639
885,94.3848323822
888,94.1942005157
893,110.470521927
901,115.710300446
903,103.94171524
904,94.6491107941
905,104.512312889
910,94.5562906265
911,112.521784782
914,112.756631851
918,111.098873138
921,92.1930141449
928,94.0174655914
929,104.482998848
932,92.5264606476
933,103.9686203
934,94.5593233109
935,112.272975922
937,77.8800692558
939,94.3009128571
940,102.525324821
941,94.7675447464
942,103.780823708
943,94.307182312
944,103.331542969
947,110.97867012
949,114.178719521
951,111.86264801
952,93.9492197037
953,103.948393822
954,77.8722882271
957,114.091745377
959,92.5399065018
960,116.391328812
963,116.195858002
965,110.97546196
967,104.002425194
971,93.9212636948
972,77.9238052368
973,94.112496376
974,112.36552906
975,93.6000928879
978,117.951356888
980,113.441249847
981,94.1843919754
984,112.773942947
986,94.5458784103
988,92.0362224579
989,113.941718102
990,103.618494987
992,115.722876549
996,93.802441597
999,112.468421936
1000,93.3483438492
1001,113.694024086
1002,92.2537879944
1003,114.175967216
1004,92.5050039291
1008,113.041430473
1009,93.7707090378
1010,106.392075539
1012,116.209985733
1013,94.7962627411
1014,112.002674103
1015,94.1765460968
1016,116.124450684
1019,93.8079042435
1020,112.253529549
1021,94.5454053879
1022,105.267299652
1024,94.5454053879
1025,77.8132433891
1027,93.7035417557
1028,102.333329201
1029,95.7436933517
1030,92.7752885818
1033,113.179134369
1036,94.9075431824
1037,114.51336956
1038,95.0759878159
1042,94.3014059067
1043,104.00104332
1044,94.3598890305
1045,113.011255264
1047,115.917193413
1050,93.3708963394
1051,110.51716423
1054,93.8707427979
1056,94.1755542755
1057,93.8719644547
1059,93.9655485153
1062,100.373980522
1063,106.216308594
1064,94.1755542755
1066,93.7491903305
1070,103.919247627
1076,112.752934456
1077,101.067879677
1078,114.339009285
1080,114.272912979
1082,113.073752403
1083,94.3347272873
1089,113.911247253
1091,94.4465141296
1093,94.2261180878
1097,94.355134964
1099,93.7157030106
1101,94.9652042389
1103,93.9428062439
1104,112.414583206
1106,111.277141571
1109,93.350189209
1110,111.75647068
1111,92.5933523178
1112,113.918245316
1114,94.1141242981
1116,93.036356926
1117,114.008030891
1120,94.2377309799
1124,115.235330582
1125,93.3529977798
1126,111.797408104
1134,111.955853462
1137,94.2084779739
1138,114.001872063
1144,111.869510651
1145,94.9384813309
1146,92.7343959808
1148,93.6780138016
1150,94.593255043
1152,104.190366745
1153,94.2689476013
1154,103.760650635
1155,94.4529380798
1157,94.0245857239
1162,94.3207445145
1165,113.96571064
1166,94.8147735596
1167,105.295591354
1168,94.943696022
1169,103.883084297
1171,115.906493187
1172,95.3532352448
1173,103.890488625
1174,93.951423645
1176,94.0452241898
1177,104.184095383
1178,94.0323963165
1182,112.941337585
1186,94.769993782
1187,115.910689354
1188,94.3197174072
1189,115.527826309
1191,104.895010948
1192,94.2623319626
1197,112.818021774
1198,93.6704349518
1200,78.0668578148
1201,94.0427389145
1203,94.2562704086
1209,116.44557476
1214,104.847423553
1218,113.93149662
1222,94.3567333221
1226,95.191037178
1228,94.4051170349
1230,94.6687831879
1232,78.1966924667
1233,98.4236774445
1236,118.464524269
1238,93.933971405
1241,111.981559753
1244,104.679171562
1246,94.2089176178
1247,112.639821053
1250,115.561510086
1251,94.3140497208
1254,111.311413765
1255,94.1041870117
1256,114.058176994
1257,93.8627195358
1258,93.6720180511
1259,111.963953018
1260,94.3098545074
1263,111.998010635
1267,78.2960767746
1268,112.382606506
1271,94.3354473114
1272,111.172504425
1274,104.034268379
1275,94.4209976196
1276,111.230903625
1277,94.390045166
1279,92.9303922653
1281,94.3461284637
1282,94.3663606644
1283,114.061829567
1285,112.577150345
1286,94.0732517242
1289,114.558433533
1296,115.149209976
1299,94.5669374466
1301,93.8476982117
1306,94.0920915604
1307,93.6878986359
1308,94.289812088
1313,111.213942528
1314,94.5292282104
1315,111.848962784
1316,94.4362535477
1317,111.242998123
1319,93.8621740341
1323,94.5193004608
1324,104.026855469
1325,93.6956892014
1328,104.400139809
1329,94.5909280777
1330,112.911444664
1331,94.218667984
1332,105.051947594
1337,93.9743146896
1338,112.34869194
1339,93.6893196106
1340,114.05488205
1343,111.627649307
1347,102.429055214
1348,94.0713663101
1349,105.22796917
1352,92.7796735764
1354,94.8222637177
1359,112.477464676
1360,95.0539531708
1363,111.263216019
1364,94.4329719543
1365,104.071516991
1366,94.2963371277
1372,94.3602256775
1375,103.818825722
1376,93.9067344666
1378,93.6349725723
1379,113.402488708
1380,94.876947403
1381,103.267636299
1384,113.529558182
1387,94.8208913803
1388,113.9161129
1392,78.205119133
1394,103.842967987
1395,94.2714204788
1396,111.527523994
1398,93.8276252747
1399,111.527523994
1400,93.7171478271
1401,93.9294071198
1403,95.4836158752
1404,112.036373138
1406,111.527523994
1407,93.531542778
1408,111.703008652
1410,78.1577363014
1412,111.612481117
1413,94.3522796631
1415,94.4064559937
1420,111.703008652
1422,113.766655922
1423,107.157411575
1424,111.703008652
1425,94.2928142548
1426,78.1577363014
1427,94.1904659271
1429,93.2457456589
1430,112.363286018
1431,94.7412004471
1432,103.803174019
1434,114.368243217
1437,94.325214386
1438,104.660692215
1440,112.48607254
1441,112.509396553
1442,93.8586196899
1444,112.760035515
1445,94.1990013123
1446,103.925619125
1448,94.5758333206
1453,94.2752361298
1454,111.613423347
1455,94.2864122391
1456,116.118108749
1458,111.613423347
1459,95.9935646057
1461,94.4444446564
1465,94.8111028671
1466,113.074867249
1469,94.6776790619
1472,94.277141571
1474,93.9614086151
1477,112.598752022
1479,111.010606766
1482,93.6775884628
1483,78.0952601433
1487,93.6603755951
1488,112.857542992
1490,112.780350685
1492,112.25992012
1494,115.805123329
1496,102.788002968
1497,95.1475372314
1499,95.3449821472
1502,94.3231058121
1507,113.203235626
1508,92.7600126266
1509,111.342095375
1511,94.3749895096
1512,111.657598495
1513,115.488241196
1514,103.342991829
1518,112.960530281
1519,92.0939750671
1522,113.157893181
1524,78.0664386749
1527,93.8557567596
1529,94.4823265076
1532,105.000419617
1536,113.60314846
1537,116.524364471
1539,104.263097763
1542,115.31401825
1543,93.9460906982
1544,103.619117737
1545,83.4638910294
1550,93.7067403793
1551,112.846813202
1554,106.834036827
1556,103.942837715
1559,93.8176631927
1560,78.1140933037
1562,94.7743425369
1566,92.6292524338
1567,112.566225052
1569,104.066060066
1570,114.172843933
1571,112.391681671
1574,92.7837657928
1578,103.884094238
1580,94.4220046997
1583,113.285203934
1584,92.7858133316
1585,111.319581985
1586,95.21372509
1587,113.102640152
1588,92.1899995804
1590,114.598003387
1592,103.545874596
1596,112.884215355
1598,114.675969124
1599,93.7804756165
1604,115.711867332
1606,103.101818085
1607,94.3817949295
1608,103.365459442
1609,116.336265564
1611,94.2212324142
1613,94.4541625977
1616,94.2137203217
1619,113.432434082
1620,93.4468593597
1621,112.212915421
1622,93.7244787216
1625,115.564206123
1627,116.341195107
1629,114.083533287
1634,94.8183164597
1636,94.0212001801
1638,104.101482391
1639,94.1022396088
1641,94.1467943192
1643,94.0471220016
1644,103.449743271
1645,115.594658852
1646,94.4572973251
1647,107.207022667
1648,94.2158412933
1652,94.4504261017
1653,112.484648705
1656,95.4290046692
1658,93.7794589996
1659,111.650846481
1661,94.1961326599
1663,94.4419498444
1664,113.295462608
1665,94.344792366
1666,103.937912941
1667,103.225558281
1668,78.1644678116
1669,103.257509232
1670,94.8243465424
1672,113.178105354
1674,112.664956093
1677,112.860958099
1678,93.617354393
1679,112.499505043
1680,93.8177900314
1683,105.13620472
1686,105.020265579
1687,113.515212059
1689,113.523509026
1690,94.2970237732
1691,116.590947151
1692,112.454421997
1693,92.7789440155
1695,93.3883342743
1696,94.3098011017
1697,111.489851952
1700,103.930356979
1701,93.6285667419
1702,113.351687431
1703,92.6125917435
1704,112.844776154
1706,94.9109783173
1707,112.763507843
1708,94.6009998322
1710,94.6084260941
1711,104.504909515
1713,104.346497536
1717,103.131712914
1719,103.896952629
1720,93.967663765
1722,94.2836112976
1725,103.873840332
1726,94.5411281586
1727,104.647316933
1729,111.764379501
1730,94.5398588181
1731,111.730838776
1733,103.922247887
1734,94.2823991776
1735,113.734999657
1738,94.4462947845
1742,92.8260965347
1745,112.662242889
1747,93.7135133743
1749,94.6378297806
1751,94.0677347183
1752,78.1097745895
1753,102.690048218
1754,94.3049993515
1755,94.3139410019
1756,104.489179611
1758,113.877985001
1759,94.1525621414
1760,105.353066444
1761,115.265679359
1762,94.3077487946
1763,110.523665428
1764,92.3704862595
1766,94.0536899567
1768,93.8685235977
1769,78.1267476082
1771,112.59092617
1772,94.5162210464
1773,104.037392616
1774,93.1416044235
1775,113.742136002
1777,112.089006424
1779,94.1598062515
1780,107.916436195
1787,92.9122571945
1788,95.0020608902
1790,94.4078197479
1796,114.666173935
1801,93.5560388565
1803,94.5681276321
1807,114.621713638
1809,115.240226746
1812,93.6976737976
1813,111.473152161
1814,94.2014255524
1815,112.894008636
1816,94.4128255844
1818,94.5020675659
1820,94.7013339996
1821,117.192966461
1822,94.2783346176
1825,94.4588222504
1826,103.622481346
1828,94.1646680832
1831,103.862459183
1836,116.06881237
1837,93.7952165604
1841,93.8925895691
1844,103.202131271
1848,94.8793439865
1851,104.279824257
1852,94.6655235291
1853,93.651673317
1854,111.223262787
1856,93.2094783783
1859,115.541752815
1860,94.6797170639
1861,78.0078701973
1863,102.426275253
1865,95.1411361694
1866,104.026007652
1867,94.1392211914
1868,92.7381725311
1872,93.9921321869
1879,94.0201749802
1880,103.826225281
1882,94.2820806503
1885,103.978003502
1887,103.769584656
1888,92.4067850113
1890,113.921934128
1894,94.318447113
1895,103.2943964
1896,94.5645294189
1897,113.212903976
1900,114.259488106
1901,94.0289592743
1902,114.038488388
1905,93.8590202332
1906,111.110412598
1912,104.11733532
1915,94.6924247742
1916,103.662757874
1917,94.5190429688
1918,103.598419189
1920,78.1200027466
1923,94.0442876816
1924,103.927102089
1925,93.9761648178
1930,116.42384243
1932,111.287386894
1933,94.6945457458
1934,116.269702911
1935,94.1776399612
1940,78.1239948273
1941,94.9518375397
1942,112.167225838
1943,94.2490530014
1944,93.2640867233
1945,112.662556648
1948,116.505856514
1949,94.7084684372
1952,94.5235385895
1954,93.378288269
1955,111.492209435
1958,95.2462835312
1959,78.3057408333
1960,110.472640991
1963,94.0186910629
1965,93.6360406876
1968,104.26047802
1969,94.4390687943
1971,94.1864147186
1972,111.510505676
1973,92.3184833527
1975,92.5294752121
1977,93.8102827072
1978,93.9872875214
1979,111.316804886
1981,92.2999238968
1982,116.719561577
1987,112.12103653
1988,92.5756492615
1993,94.6027021408
1997,94.6491308212
1999,94.2044973373
2001,94.3189811707
2002,115.730913162
2003,93.6813144684
2004,81.849401474
2006,111.403357506
2007,95.1637868881
2009,106.907869339
2010,94.5034151077
2013,94.1696081161
2018,78.0636043549
2022,104.032046318
2024,113.674432755
2025,94.1074523926
2026,103.997822762
2030,107.208407402
2031,94.2364253998
2032,104.15032196
2033,94.1398468018
2035,93.8813381195
2036,111.758313179
2037,93.2011022568
2040,94.3828020096
2043,121.216199875
2044,106.617598534
2046,104.132534981
2054,114.547219276
2055,94.2788362503
2056,107.855981827
2059,94.0962362289
2060,94.0533561707
2062,95.2464456558
2063,113.052030563
2066,94.3563175201
2067,115.635309219
2072,96.4357776642
2073,112.971436501
2074,94.248755455
2075,115.943224907
2076,95.457983017
2080,94.2098531723
2082,94.0466957092
2085,113.404547691
2087,113.091350555
2091,113.552199364
2092,94.1375980377
2093,107.887517929
2098,96.7004384995
2101,110.469036102
2102,94.7917919159
2103,78.1377367973
2105,103.942925453
2106,94.2072238922
2107,114.945886612
2110,95.067864418
2114,94.0788803101
2115,111.427790642
2117,83.5410394669
2118,93.8683691025
2119,103.717302322
2120,94.4488697052
2122,94.6706104279
2123,112.59909153
2126,94.2581367493
2127,104.114575386
2128,93.8457231522
2129,113.099268913
2132,95.5981140137
2135,103.85218811
2138,94.6494255066
2139,116.46818924
2141,113.051376343
2142,94.523639679
2146,94.4988012314
2151,114.446736336
2157,103.235895157
2159,119.018903732
2162,94.423828125
2164,115.998268127
2167,94.041217804
2168,112.632527351
2171,94.7467088699
2173,94.2609233856
2174,103.879687309
2175,93.6673278809
2178,94.4540605545
2180,94.3990907669
2185,111.529088974
2189,94.782866478
2190,115.203418732
2192,103.559919357
2194,116.982317924
2200,116.607656479
2201,94.6115913391
2203,111.864015579
2204,93.9790477753
2205,113.519968033
2209,112.108821869
2213,104.954358101
2214,94.5749931335
2215,118.729829788
2216,94.6509847641
2218,94.9926958084
2219,103.87582016
2220,94.6669836044
2222,92.8035554886
2223,111.927680969
2225,113.609479904
2226,93.9690170288
2230,94.5562334061
2233,114.518834114
2234,112.730651855
2235,93.96966362
2236,78.1185112
2237,93.7892246246
2240,115.883432388
2241,93.8586807251
2248,104.081076622
2249,93.2491140366
2250,111.707082748
2252,112.528456688
2253,94.1931056976
2254,113.395868301
2256,78.1403245926
2258,94.534403801
2259,112.429524422
2262,94.3054714203
2265,94.1756286621
2266,104.329177856
2269,93.9266681671
2271,94.113404274
2273,93.6843929291
2274,110.579204559
2275,94.8135490417
2277,93.929265976
2279,93.8890256882
2280,78.1290650368
2282,94.4004869461
2283,103.077030182
2288,92.3658266068
2289,114.019777298
2291,94.295589447
2292,116.320326805
2297,94.9964990616
2298,104.413773537
2299,94.1006393433
2300,112.911221504
2301,93.7056837082
2304,94.0478057861
2305,103.677972794
2306,94.3054714203
2308,94.7906618118
2309,112.624200821
2311,95.5775032043
2312,103.723172188
2316,103.711018562
2321,104.507884026
2322,111.693603516
2325,103.62520504
2326,94.3988704681
2329,116.325532913
2330,93.6378726959
2331,104.274538994
2332,114.893144608
2333,94.3054714203
2334,103.324213982
2335,113.236400604
2337,114.486070633
2338,94.107831955
2340,114.895978928
2342,95.319108963
2345,93.9409122467
2349,94.9294204712
2351,78.5416760445
2352,94.5219125748
2354,111.288173676
2355,114.210042
2357,113.563902855
2358,93.3267421722
2360,94.3463792801
2361,111.288173676
2364,93.365606308
2366,94.5924777985
2369,103.804003716
2370,94.1169776917
2371,113.498666763
2373,117.721811295
2374,94.0479545593
2376,113.679832458
2378,112.895466805
2382,94.3000888824
2383,93.6337833405
2386,105.364408493
2387,93.9582567215
2389,93.9681634903
2390,117.086380005
2392,91.7833242416
2398,114.930034637
2399,94.4483470917
2400,95.3221139908
2401,112.420125008
2402,94.004860878
2404,94.5122613907
2407,114.343182564
2408,111.555598259
2409,114.577345848
2412,81.4885859489
2413,94.8107538223
2415,94.1714029312
2420,112.490456581
2422,93.5927553177
2423,103.501277924
2426,94.7306785583
2432,93.7916984558
2434,93.7294511795
2435,94.3663339615
2436,111.462379456
2438,111.881351471
2440,112.10799408
2443,93.7657985687
2444,93.928106308
2447,104.085496902
2450,94.0258321762
2454,93.675078392
2455,113.069560051
2459,94.2878313065
2460,110.871874809
2463,94.9315490723
2465,93.4505491257
2468,78.1422214508
2469,93.6573705673
2474,93.7595529556
2478,93.606842041
2480,94.0879955292
2481,115.907128334
2489,94.3899765015
2490,103.821699142
2492,93.1711683273
2496,94.2855815887
2497,114.598024368
2500,94.2392673492
2505,94.2910661697
2507,94.9585494995
2508,113.405033112
2509,94.2064981461
2510,79.158056736
2513,91.9966678619
2515,94.3659181595
2518,93.6156787872
2519,114.052031517
2520,93.6036081314
2521,114.206140518
2523,112.227005005
2525,94.1045885086
2529,112.527145386
2530,93.5085630417
2533,114.444966316
2535,93.8402824402
2538,102.557510376
2544,114.044650078
2553,112.486413002
2556,94.1058731079
2558,91.6654119492
2559,117.431919098
2560,94.004573822
2561,112.845360756
2562,94.5616998672
2563,111.255176544
2564,93.3882083893
2565,113.538395882
2567,104.050872803
2572,94.0317573547
2575,94.2143201828
2576,114.911429405
2577,92.6013250351
2578,93.0887842178
2579,114.990930557
2580,92.387755394
2582,111.177952766
2583,96.0816764832
2587,94.4470825195
2589,114.004947662
2590,94.2134943008
2591,112.600283623
2594,93.4644041061
2597,94.2304000854
2598,103.205517769
2599,92.41106987
2600,101.568482399
2602,112.940368652
2603,94.0421485901
2604,103.711837769
2606,111.859173775
2607,78.06528759
2608,94.0136184692
2613,111.731850624
2614,93.7819471359
2615,111.965174675
2617,112.158774376
2620,94.4208669662
2623,111.14504528
2624,93.822432518
2627,111.721511841
2629,78.0660305023
2630,93.2932395935
2632,93.0883617401
2636,94.2592945099
2639,93.4222240448
2640,103.284675598
2642,112.582468033
2644,103.148806572
2646,111.074516296
2647,93.4310932159
2649,94.0337114334
2650,107.175330162
2652,103.685404778
2653,102.052384377
2655,109.004182816
2657,113.137662888
2659,110.80618
2662,93.4394054413
2663,114.282967567
2664,93.8234958649
2665,103.960121155
2670,93.6347351074
2671,104.121035576
2672,93.4166688919
2675,103.688438416
2677,110.269701958
2679,112.619495392
2683,112.67402935
2684,93.5219497681
2685,94.4359397888
2688,103.634063721
2689,93.8002624512
2690,103.769194603
2693,93.3510951996
2694,112.287004471
2697,101.178593636
2699,94.3796234131
2703,93.5261354446
2705,103.617405891
2709,78.5894641876
2710,93.5206756592
2711,111.590324402
2712,93.0238227844
2713,93.7688236237
2714,113.694160461
2715,93.1568861008
2717,92.1388444901
2718,114.377963066
2720,111.648940086
2721,94.1556739807
2726,94.3824596405
2728,94.6091909409
2731,103.2003088
2732,111.001595497
2734,93.790476799
2736,103.854782104
2737,94.1868457794
2738,103.061483383
2739,117.329523087
2746,94.7648792267
2749,103.157202721
2751,115.529981613
2752,105.116656303
2753,93.4467039108
2757,103.769572258
2758,93.9023361206
2759,110.580064774
2760,94.0190401077
2762,111.27555275
2764,94.5732088089
2765,115.427287102
2769,113.239337921
2771,114.271849632
2774,93.9485454559
2776,93.7020425797
2777,113.876965523
2778,92.7093305588
2779,112.472898483
2782,92.7770662308
2784,94.9398193359
2787,93.7738189697
2789,93.2785282135
2792,94.2842082977
2798,94.2383136749
2799,103.392437935
2800,94.0064477921
2801,79.370619297
2802,93.7831382751
2804,93.8857774734
2807,103.828763008
2808,93.8264379501
2809,117.32160759
2811,115.111063957
2812,94.074432373
2814,91.8165168762
2816,95.2882127762
2817,113.656094551
2818,110.783314705
2820,111.736507416
2821,78.204723835
2822,93.8711004257
2823,102.057981491
2824,94.9624204636
2826,93.617190361
2829,93.0799360275
2834,94.6137084961
2835,78.024394989
2838,93.9698677063
2839,113.091526985
2840,94.9330816269
2841,110.982803345
2842,94.2407474518
2846,112.796001434
2848,93.9103784561
2849,92.1308860779
2850,113.619920731
2851,93.8143320084
2853,94.1875429153
2854,112.510746956
2858,112.25731945
2861,93.195391655
2864,92.8325366974
2865,114.189928055
2866,111.459313393
2867,93.3209924698
2868,112.381289482
2870,111.728671074
2877,94.1796894073
2878,111.668670654
2880,113.168375969
2882,78.1281890869
2883,93.7443084717
2884,103.370221138
2885,94.5757236481
2887,94.2192735672
2888,111.459992409
2889,94.1974573135
2890,103.18754673
2891,95.9113435745
2892,116.210953712
2893,93.307220459
2898,113.255588531
2899,94.0435752869
2900,112.978461266
2901,93.8509254456
2909,94.4208717346
2910,112.139528275
2911,112.192839622
2913,112.540394783
2914,96.8640422821
2918,93.8725786209
2919,111.73669529
2920,95.418879509
2921,111.679883957
2922,93.5349349976
2923,103.506542206
2925,113.429070473
2926,92.9528570175
2927,112.800850868
2929,111.910931587
2933,93.7240333557
2934,112.827709198
2936,112.598366737
2941,103.321075439
2942,94.2254238129
2943,110.822368622
2945,105.032670021
2950,93.1443634033
2951,112.297329903
2953,117.719474792
2954,93.9634971619
2955,105.745909691
2956,94.9770126343
2960,94.5896520615
2962,94.5887365341
2963,106.830798149
2964,104.878473282
2966,78.1428842545
2967,93.019575119
2968,113.697029114
2969,91.9684782028
2971,94.3074541092
2972,95.0256471634
2974,95.2844524384
2975,113.841879845
2977,115.879321098
2980,112.331881523
2981,93.7097663879
2983,94.4406871796
2984,103.880125999
2985,116.233890533
2986,104.082925797
2987,95.0272464752
2989,93.258146286
2990,112.130122185
2991,94.3377990723
2992,78.0495166779
2995,101.224767685
2996,103.312944412
3002,116.03200531
3004,114.570987701
3005,116.398848534
3006,94.4661741257
3010,94.248626709
3011,104.03101635
3014,93.0307645798
3015,94.5689706802
3016,94.2028427124
3017,117.456564903
3018,94.3287143707
3021,103.378951073
3024,103.877614975
3028,95.0748929977
3030,93.5326547623
3032,94.2180776596
3039,94.3766870499
3040,104.228229523
3041,95.3925209045
3043,93.9250164032
3044,111.885270119
3046,112.476910591
3055,94.5434894562
3056,114.685551643
3058,93.5549983978
3059,113.372450829
3061,116.483662605
3063,104.446752548
3066,94.437338829
3067,103.889379501
3068,78.1402578354
3069,94.2255554199
3072,115.429757118
3073,112.281496048
3074,94.0021591187
3077,93.3814868927
3082,93.8389434814
3084,101.236805916
3085,112.360844612
3088,103.841732979
3091,94.1874437332
3092,111.719807625
3093,94.4065265656
3094,103.240950584
3096,114.349903107
3097,94.2235527039
3098,78.1225028038
3102,115.239124298
3106,94.7741737366
3109,93.2363729477
3111,92.7480230331
3112,116.402650833
3113,93.8407087326
3115,94.0304288864
3116,113.964403152
3117,94.2222213745
3121,113.20266819
3122,93.8360996246
3123,94.2046279907
3124,103.831113815
3125,94.1559886932
3126,103.141047478
3127,116.925208092
3129,92.9519462585
3130,112.585631371
3132,103.95223999
3134,104.456871033
3135,94.6033964157
3137,78.0710902214
3138,94.1383323669
3140,94.2235784531
3144,112.200984001
3145,94.5890417099
3146,112.580938339
3147,94.3568687439
3148,104.857422829
3149,104.437312126
3150,112.56208992
3151,93.600646019
3152,94.5468931198
3155,96.7284030914
3156,114.478070259
3159,92.2839860916
3161,94.0209302902
3162,105.272168159
3163,93.9570798874
3165,103.150465965
3172,94.5001983643
3173,111.053956032
3176,94.0376348495
3177,104.829590797
3179,113.42517662
3183,92.8111925125
3186,94.2652769089
3187,103.474523544
3189,112.7563591
3190,93.32563591
3192,116.875928879
3193,94.4844284058
3194,111.950585365
3197,94.0994100571
3198,95.1624555588
3200,93.8745622635
3201,116.15141201
3202,95.1601657867
3204,94.5823955536
3205,93.2492380142
3206,114.503827095
3208,105.092186928
3210,103.505491257
3211,93.9298343658
3212,116.490908623
3213,94.7222356796
3214,111.833438873
3216,103.867323875
3219,93.7219181061
3220,113.407930374
3221,93.8584003448
3226,108.154787064
3227,94.5941295624
3228,112.361099243
3229,93.7144098282
3232,78.1574268341
3233,94.4734802246
3234,95.0642948151
3236,94.148226738
3238,112.544997215
3239,111.559919357
3240,94.4544229507
3247,111.552657127
3249,103.452990532
3252,116.286560059
3253,94.7008771896
3254,103.224121094
3255,94.7367248535
3256,116.218590736
3257,93.6974277496
3262,94.3586387634
3263,104.669719696
3264,95.0110740662
3266,111.465497017
3267,93.0069122314
3269,94.5878992081
3272,116.245758057
3274,94.1093235016
3275,104.507232666
3277,94.1729459763
3279,95.9602403641
3280,103.817927361
3283,94.1223993301
3285,94.6078662872
3287,93.0932817459
3288,103.91217041
3290,103.790411949
3291,94.1427698135
3298,111.757257462
3299,93.6526203156
3302,115.770524025
3303,94.5550384521
3304,104.476331711
3307,95.0941076279
3309,94.189332962
3314,78.1554193497
3316,113.012406349
3317,94.5384864807
3319,93.8986406326
3320,111.891386986
3321,94.5092763901
3322,103.937994957
3324,93.1998720169
3326,92.8114566803
3329,112.821591377
3330,93.6052885056
3331,111.877375603
3335,116.540176392
3337,94.2298288345
3338,103.99148941
3339,94.2105255127
3340,112.797445297
3341,94.6173973083
3343,93.6083555222
3346,93.8243026733
3348,94.7364645004
3351,103.83618927
3352,115.99484539
3355,92.3320646286
3356,113.525335312
3358,103.82314682
3359,94.5408010483
3360,110.645516396
3371,111.757512093
3372,93.9269704819
3374,94.2794380188
3377,111.674304962
3378,92.052652359
3380,104.650844574
3382,94.2564115524
3386,95.1047019958
3389,110.738821983
3391,105.063159943
3393,93.8006162643
3394,105.731186867
3395,94.3922271729
3397,111.990159035
3398,94.3636798859
3399,78.3474569321
3400,94.3851900101
3404,104.162649155
3407,112.366170883
3409,104.494782448
3419,94.4591674805
3421,93.6928749084
3425,93.5775880814
3427,78.1862874031
3428,116.312342644
3429,112.170357704
3431,92.5173521042
3435,93.3411397934
3436,112.692741394
3439,93.8103466034
3441,95.36328125
3442,116.323990822
3443,94.2149620056
3444,103.489439964
3445,94.0931901932
3446,116.241606712
3449,93.2120704651
3453,94.8932580948
3457,94.2925510406
3460,104.012616158
3461,93.8610458374
3462,94.3181629181
3464,104.407166481
3465,78.1464929581
3466,94.9399051666
3467,103.665210724
3468,94.0964660645
3469,103.687843323
3470,103.163358688
3472,112.76222229
3473,94.9664697647
3475,92.7368745804
3476,112.007525444
3478,103.441876411
3479,93.7233428955
3483,94.0028486252
3484,102.750606537
3485,94.3664464951
3487,93.2902355194
3488,112.156882286
3496,113.720238686
3497,94.3338441849
3499,94.7424383163
3500,78.1813840866
3501,94.1069154739
3504,94.7491197586
3508,104.785228729
3511,93.6479358673
3512,113.550813675
3515,94.5115394592
3517,93.9045801163
3518,104.084608078
3526,113.890052795
3528,115.661354065
3529,94.274143219
3530,112.312919617
3531,93.7967605591
3532,116.918511391
3533,93.6872844696
3534,94.5904331207
3535,78.1263561249
3536,94.1919260025
3537,113.379737854
3538,94.290687561
3539,111.65401268
3540,105.13428688
3545,112.228971481
3546,92.2912559509
3550,104.438092232
3551,93.5782585144
3553,94.2054643631
3554,104.000677109
3557,94.0191802979
3558,111.365373611
3559,93.215842247
3561,94.3694763184
3562,111.836429596
3563,94.3935775757
3564,103.823159218
3565,94.0943689346
3567,93.9110565186
3571,103.823159218
3572,94.612288475
3574,94.0457162857
3576,93.7880496979
3577,112.42231369
3578,93.6545791626
3579,93.4803657532
3583,93.698348999
3585,93.7654380798
3586,103.089826584
3587,112.489645958
3593,93.6624698639
3594,112.804167747
3595,94.3649616241
3599,94.003736496
3600,104.868782997
3601,112.584936142
3602,93.2059459686
3604,93.9190950394
3609,116.174836159
3610,117.732987404
3612,113.031759262
3614,114.726863861
3615,93.9537706375
3617,96.5040159225
3618,112.203761101
3619,111.771612167
3620,112.469205856
3621,93.6207485199
3625,93.7123994827
3626,103.341394424
3630,103.389105797
3631,93.6747760773
3632,104.249329567
3633,94.5025339127
3634,112.287677765
3637,94.3013715744
3639,94.3415317535
3640,112.005737305
3641,94.0584058762
3644,113.697793961
3645,94.0676908493
3646,94.3686275482
3647,93.6113204956
3648,111.719846725
3653,112.350449562
3654,94.3839893341
3655,112.287035942
3659,103.071540833
3660,94.4742012024
3662,111.772031784
3666,94.2402105331
3668,93.8419075012
3671,94.4274406433
3673,94.4971323013
3674,111.449964523
3675,93.474240303
3681,93.9072008133
3682,112.486194611
3686,111.467798233
3687,93.959859848
3692,78.7845869064
3695,112.124676704
3696,93.8075199127
3699,112.207092285
3705,112.083395004
3707,78.1277780533
3708,94.4319534302
3709,112.310100555
3710,93.9831123352
3712,93.0276679993
3715,112.110704422
3716,93.5927181244
3720,111.558349609
3722,78.1277780533
3726,94.0783929825
3728,94.3208656311
3729,110.722470284
3731,103.275586128
3735,113.148346901
3736,93.4668292999
3739,102.396850586
3741,111.34864521
3743,103.62545681
3744,93.6694126129
3745,111.133188248
3746,93.4604692459
3751,93.4806575775
3753,92.0763816833
3760,113.139766693
3761,93.2463388443
3762,110.755540848
3763,93.9123735428
3765,93.0760908127
3768,111.332770348
3769,93.2152557373
3770,103.060536385
3773,110.686635971
3774,93.5158042908
3776,93.7192726135
3778,93.4471054077
3779,112.194769859
3780,94.1568536758
3781,109.947705269
3782,93.4659013748
3783,111.559430122
3784,93.5192480087
3786,93.7187538147
3789,108.222133636
3790,93.5631790161
3793,111.520445824
3795,111.503885269
3797,94.3604888916
3798,116.707774162
3800,112.235490799
3804,94.201748848
3810,93.6385097504
3815,111.427258492
3816,94.201748848
3818,103.643799782
3824,111.35647583
3828,101.825371742
3830,111.270683289
3831,93.5433244705
3832,78.021525383
3834,111.564847946
3835,93.8355064392
3836,110.348920822
3838,94.0957756042
3839,115.503396034
3840,110.982718468
3845,92.7203092575
3846,109.835851669
3847,93.928229332
3849,78.0734767914
3853,111.083748817
3855,103.898743629
3856,94.4714012146
3864,78.0264463425
3865,93.8805608749
3866,111.269392014
3867,93.3624153137
3868,112.193486214
3869,93.8242025375
3871,92.9260721207
3875,102.277881622
3876,94.5539073944
3878,93.2840280533
3879,111.127911568
3881,112.193486214
3883,110.958241463
3884,92.9572305679
3886,111.031283379
3890,92.852309227
3893,109.76927948
3897,103.103645325
3901,94.0103616714
3902,108.952389717
3913,111.921193123
3914,94.5637693405
3916,93.001786232
3917,111.350248337
3924,103.022901535
3925,93.8882350922
3928,94.3453302383
3929,112.505171776
3932,91.3680992126
3933,103.078866959
3934,77.9500441551
3935,93.1384706497
3936,94.0321588516
3937,110.232744217
3938,93.8398389816
3939,110.245980263
3943,92.9392251968
3944,111.568177223
3945,111.621099472
3946,95.0415172577
3947,112.005106926
3948,93.5851354599
3949,111.254335403
3950,94.3152475357
3951,110.919651031
3952,94.5121393204
3953,110.796409607
3961,113.96128273
3962,94.0758943558
3966,94.7181196213
3967,104.19520092
3968,94.2873678207
3969,111.790079117
3970,93.620798111
3971,103.303162575
3973,97.4524374008
3974,110.971315384
3975,112.218142509
3977,94.1290559769
3979,112.778651237
3985,93.421538353
3986,103.741153717
3988,110.226744652
3991,94.2509880066
3992,103.190069199
3993,92.1379442215
3994,94.0573310852
3995,111.882537842
4005,111.746725082
4007,93.0750417709
4008,103.562641144
4009,93.6317052841
4010,111.536712646
4011,78.0875520706
4012,92.7879629135
4013,103.359398842
4015,110.605597496
4016,112.434220314
4018,111.894983292
4025,93.9613866806
4026,112.867952347
4028,112.994153023
4029,94.2760848999
4031,94.0218191147
4032,110.456813812
4033,97.3959417343
4034,104.547486305
4037,93.1275863647
4038,103.237709999
4039,93.8418474197
4041,93.723151207
4042,109.97059536
4043,94.0093450546
4044,103.072743416
4045,94.1670246124
4046,111.841236115
4047,94.4317674637
4048,103.658637047
4049,93.8122730255
4051,93.5186805725
4052,110.862962723
4058,103.271763802
4062,109.155945778
4064,110.181346893
4067,92.7813129425
4068,78.0730452538
4070,94.2759943008
4072,115.311118126
4074,110.03772068
4075,92.114361763
4076,111.264105797
4077,93.9030056
4078,111.679548264
4080,103.082229614
4082,110.47667408
4085,93.7307605743
4086,113.618642807
4088,112.835144997
4089,93.6837463379
4092,78.1387042999
4094,93.6245317459
4095,111.902036667
4096,92.9129495621
4097,103.122455597
4102,93.9901437759
4105,112.572468758
4107,113.482363701
4111,93.550948143
4112,104.33049202
4113,94.4112205505
4114,115.730826378
4115,93.393658638
4116,111.857617378
4117,93.5276060104
4118,94.1116065979
4119,112.7377882
4120,95.6771383286
4122,78.1499967575
4125,94.2969694138
4126,112.507689476
4129,111.688844681
4134,110.516776085
4137,94.0397844315
4141,103.085618019
4142,94.1806268692
4144,94.295539856
4145,103.038245201
4146,95.2631397247
4150,93.7950954437
4151,77.9833288193
4154,92.8202228546
4156,94.0502872467
4157,111.516256332
4159,112.437752724
4160,93.4403600693
4161,112.444465637
4168,94.224354744
4171,103.18515873
4172,104.664727211
4173,95.3582220078
4175,93.4053640366
4176,103.086852074
4177,94.2962560654
4178,102.135339737
4179,93.7324457169
4181,111.53578949
4183,94.3187294006
4184,111.557445526
4185,93.5927610397
4186,112.428952217
4188,116.042009354
4190,111.396431923
4192,93.1142730713
4193,109.612247467
4194,111.741790771
4195,93.8290205002
4196,78.0442237854
4202,94.0993928909
4203,102.854764938
4208,94.1045017242
4209,112.514351845
4210,93.2490797043
4211,110.318434715
4212,116.477237701
4214,103.15749836
4215,93.9475469589
4216,111.858007431
4217,93.8301591873
4219,93.8627510071
4222,110.243592262
4224,77.9294400215
4231,103.421339035
4232,94.3041095734
4234,93.7395772934
4236,94.3023891449
4237,103.346426964
4240,94.2600078583
4242,103.038919449
4243,94.3354911804
4247,93.9094762802
4248,111.058577538
4249,92.1622533798
4254,103.08435154
4263,93.8777427673
4265,111.021974564
4267,112.722888947
4268,111.767627716
4271,112.110480309
4272,95.1698293686
4273,111.313339233
4274,94.0876274109
4276,94.3221969604
4278,93.9395771027
4280,93.9766607285
4281,111.213646889
4283,94.6284475327
4284,111.218209267
4285,94.3616132736
4286,112.270338058
4287,94.288939476
4288,113.564210892
4289,93.3474378586
4290,80.7899169922
4293,92.8442602158
4296,111.718595505
4297,95.3151903152
4299,92.8216562271
4303,111.773055077
4310,94.561132431
4312,103.659246445
4318,103.16387558
4320,111.631314278
4322,93.7633361816
4323,115.290206909
4325,104.60011673
4326,112.068078995
4328,103.548383713
4330,104.944681168
4332,111.177569389
4333,94.5349025726
4335,93.9539985657
4336,112.81000042
4338,103.80479908
4341,94.3354606628
4342,103.038984299
4344,103.22786808
4347,93.9848031998
4348,103.301234245
4351,108.148775101
4352,93.4931325912
4353,111.684223175
4355,103.3971138
4356,94.1311893463
4359,105.192737579
4360,93.9703149796
4361,94.0077285767
4364,94.032869339
4365,103.776740074
4368,94.4168262482
4372,93.7282333374
4374,93.0495443344
4376,94.277879715
4377,103.318060875
4380,94.024140358
4383,104.901700974
4384,93.7538528442
4385,103.231872559
4389,94.3419361115
4391,93.7943296432
4392,111.521763802
4393,93.2716722488
4395,94.0527410507
4396,112.103426933
4398,114.894814491
4399,107.540970802
4401,91.9857120514
4406,94.6384315491
4408,103.85098362
4412,103.318968773
4415,94.1664772034
4418,111.620433807
4419,93.1530790329
4420,78.2903251648
4422,112.442696571
4423,93.1655063629
4425,94.6678037643
4428,111.700843811
4431,112.651498795
4434,92.804813385
4436,94.0057039261
4437,111.410999298
4439,116.337180138
4440,94.0515594482
4441,113.050949097
4444,93.915391922
4445,103.775256157
4446,94.1369256973
4447,113.107693672
4452,104.263905525
4456,113.56748867
4457,94.2751922607
4458,111.907027245
4460,94.2481422424
4461,116.581241608
4462,93.6114330292
4465,103.393362045
4466,103.214213371
4468,94.0376291275
4469,103.832231522
4472,112.585843086
4475,93.7649173737
4478,94.1275491714
4479,112.608346939
4480,94.7628011703
4483,78.3990869522
4484,95.0568819046
4485,104.374594688
4486,94.3527917862
4488,94.3355970383
4489,105.913825989
4490,94.3948383331
4491,104.804000854
4492,93.9073705673
4493,107.786633492
4494,93.4114217758
4495,102.880066872
4498,78.3280725479
4499,94.3201341629
4500,104.006653786
4503,111.89515686
4505,103.578191757
4506,94.1106290817
4507,94.1969909668
4508,103.2816782
4510,112.644152641
4511,91.9128246307
4513,94.7744350433
4516,78.4655284882
4519,94.5218420029
4521,93.8154916763
4531,93.2711935043
4532,78.4451770782
4533,99.2124242783
4534,111.189517021
4536,103.265915871
4537,94.2779130936
4539,93.6475887299
4542,103.472628593
4545,93.2759256363
4549,94.2001810074
4551,93.6697444916
4554,103.254302979
4556,111.482294083
4559,113.087288857
4561,112.234678268
4562,111.224019051
4566,113.309412956
4569,93.920088768
4570,112.10802269
4573,94.3406820297
4574,103.667370796
4575,93.7234611511
4577,93.8957004547
4578,111.125888824
4580,112.020395279
4582,93.182767868
4583,112.36282444
4585,94.048002243
4587,103.235502243
4595,94.1169481277
4596,111.966422081
4601,93.7217292786
4602,111.89632988
4603,93.6600780487
4605,112.395656586
4606,95.166686058
4607,111.14121151
4608,94.0351676941
4610,94.132976532
4613,104.538744926
4617,94.6787967682
4618,111.085438728
4619,93.6197929382
4620,93.6028280258
4622,101.869240761
4625,94.2502231598
4626,103.228896141
4627,93.7632513046
4629,94.0879440308
4631,92.993973732
4633,103.227705002
4634,115.609081268
4635,94.2524900436
4639,93.8811779022
4640,102.81929493
4642,103.523052216
4644,112.03441906
4646,103.225691795
4647,94.007604599
4648,78.3574404716
4649,94.1357736588
4650,115.521399498
4655,94.1373329163
4660,95.024066925
4661,114.898096085
4662,91.8209838867
4663,111.923624039
4665,93.962644577
4666,111.995355606
4667,103.522441864
4668,94.4030380249
4670,94.4262180328
4671,112.971447945
4672,93.1614837646
4673,103.50496006
4675,103.398784637
4676,93.8774785995
4677,111.909583092
4680,93.9370174408
4682,94.9565382004
4683,113.59119606
4685,103.355232239
4686,93.7967796326
4688,113.279362679
4690,111.333468437
4692,114.416964531
4693,94.331571579
4697,93.8222045898
4700,112.376399994
4702,112.602860451
4707,116.919033051
4708,94.1499576569
4710,81.4929599762
4716,98.0672149658
4717,94.8177127838
4718,93.5893220901
4720,94.5033311844
4721,80.4972286224
4723,93.892001152
4726,112.387962341
4727,92.9529762268
4729,93.9622278214
4731,94.0282907486
4732,116.150465965
4735,93.7932405472
4736,104.220599174
4737,94.2298660278
4738,111.201559067
4739,111.617945671
4744,104.465594292
4747,93.9411725998
4749,113.017710686
4750,94.1435270309
4752,113.560466766
4755,95.7235813141
4756,103.756057739
4757,112.960745811
4758,94.4412212372
4759,103.559552193
4763,94.7181806564
4764,103.374575615
4765,94.4407644272
4766,93.9876031876
4767,113.471916199
4769,112.609863281
4770,93.5421915054
4771,79.6797332764
4772,103.947411537
4774,113.72002697
4776,112.9097929
4777,112.196861267
4778,94.0377502441
4780,93.3863830566
4784,93.3341112137
4786,94.9238805771
4787,78.426492691
4788,96.4230451584
4789,113.525370598
4791,104.093711853
4792,94.3816099167
4795,112.943821907
4796,93.7150735855
4803,93.4269237518
4805,95.5387353897
4807,94.0807104111
4809,93.6538276672
4816,93.9249973297
4817,79.4679560661
4818,92.2307300568
4820,93.5209636688
4821,104.115716934
4823,113.222474098
4824,95.3314933777
4825,112.312766075
4829,103.124774933
4830,96.696185112
4831,114.653958321
4833,104.519523621
4836,95.5058517456
4837,113.136275291
4838,93.2964277267
4840,95.2976026535
4841,78.4872293472
4842,93.9378433228
4843,114.674282074
4844,93.7708539963
4849,109.177529335
4851,105.698841095
4852,94.2261552811
4858,93.5732717514
4860,96.7362470627
4863,112.157631874
4864,94.0688419342
4865,112.201930046
4867,112.936994553
4868,92.9302034378
4869,112.485669136
4873,93.5236959457
4875,94.935379982
4876,116.399139404
4877,94.196972847
4878,111.918521881
4880,78.4295005798
4886,112.317996979
4888,104.058502197
4889,95.1235151291
4890,114.405303001
4893,94.1068572998
4895,94.0110254288
4896,103.911086082
4899,92.8348894119
4901,93.6720428467
4902,112.040596008
4903,94.9645032883
4904,113.49238205
4910,94.0855607986
4912,93.8716125488
4915,95.0629062653
4916,104.765341759
4917,93.9490795135
4920,103.936630249
4927,104.801120758
4928,94.7663946152
4931,104.446113586
4934,93.4827375412
4936,95.2175626755
4939,114.387950897
4942,114.804491043
4943,97.4615774155
4944,103.869981766
4945,93.9982128143
4947,111.434103966
4948,93.1162519455
4951,94.2311573029
4952,113.533931732
4953,94.1743736267
4956,94.8610076904
4957,114.513009071
4958,94.3210754395
4960,93.6370639801
4968,94.9104337692
4969,104.082291603
4971,104.058959961
4973,114.683529854
4975,114.019808769
4976,94.7824316025
4978,94.4498682022
4979,115.337043762
4982,93.3283081055
4983,112.697142601
4984,95.6249513626
4985,116.856293678
4986,93.6179981232
4987,115.00008297
4988,94.8304986954
4994,94.2984628677
4995,95.0745687485
5002,79.3593916893
5004,94.1283006668
5005,104.152983665
5006,94.1430616379
5007,104.818775177
5009,113.697143555
5011,114.696741104
5014,94.8356132507
5015,105.413128853
5018,94.3428411484
5019,112.880342484
5020,93.8041782379
5021,113.109489441
5022,94.9213953018
5023,93.2939338684
5025,96.8815526962
5032,93.9200181961
5034,93.9801568985
5036,94.2867126465
5038,93.5891075134
5039,115.013819695
5046,94.5484580994
5049,112.919216156
5051,94.0671234131
5052,93.560669899
5053,113.601034164
5054,95.3008985519
5055,94.0701637268
5057,94.1154537201
5059,93.3540649414
5062,98.6783151627
5063,112.903424263
5065,115.333999634
5069,94.4445877075
5071,95.2871227264
5074,114.277098656
5075,93.6371297836
5076,116.661794662
5077,78.3803281784
5079,105.299141884
5080,93.4903249741
5081,114.06627655
5083,105.132805824
5088,103.96548748
5089,94.4526538849
5093,112.288068771
5094,103.968270302
5095,95.2647075653
5099,112.388758659
5101,114.17484951
5103,103.522150993
5104,94.8426065445
5105,113.817444801
5107,93.9113006592
5108,113.648385048
5109,92.6217126846
5111,94.0108776093
5112,111.130579948
5113,94.6129226685
5114,110.916459084
5115,93.6442317963
5118,94.4741163254
5122,94.7920217514
5123,78.3841114044
5125,94.1989345551
5127,104.804808617
5128,94.4150018692
5129,114.242191315
5132,94.3563489914
5134,112.666465759
5135,94.0706481934
5137,111.96364975
5142,95.1615600586
5143,103.27301693
5144,94.059135437
5148,94.6765079498
5149,94.3799066544
5150,104.117629051
5154,78.3791675568
5155,94.1699848175
5159,93.6086263657
5164,93.6844892502
5165,114.112015724
5166,94.5982637405
5167,112.670559883
5169,94.496556282
5171,92.6997022629
5172,112.300869942
5176,93.7493972778
5184,114.239505768
5185,93.6929302216
5186,112.324692726
5188,104.083972931
5189,113.160569191
5190,93.7668886185
5191,114.099716187
5193,112.126770973
5196,94.2423610687
5199,78.4863944054
5200,104.97731781
5203,92.8581199646
5204,111.608556747
5205,94.5761651993
5207,94.3382987976
5208,106.462675095
5212,94.255651474
5214,94.365354538
5218,94.6957139969
5220,94.0801668167
5222,93.4510574341
5224,94.9844141006
5225,103.906454086
5227,112.456323624
5229,104.025938988
5232,92.0608854294
5233,116.789875984
5234,104.650514603
5237,112.687042236
5239,116.934043884
5240,93.906167984
5241,112.10539341
5244,93.9096050262
5248,112.445549965
5251,93.2378253937
5253,94.2204008102
5255,94.3564519882
5256,103.405014038
5257,94.3059139252
5259,94.9374818802
5260,111.276497841
5266,94.2540950775
5268,94.6864347458
5275,112.531367302
5276,111.9277668
5277,93.8528118134
5279,94.1717624664
5280,103.500061989
5281,94.6546897888
5283,95.0679264069
5284,78.4187450409
5285,94.6819372177
5286,103.866388321
5287,95.4070520401
5289,95.5869188309
5290,112.131435394
5292,104.844446182
5293,93.74122715
5294,103.554405212
5297,93.8429841995
5299,103.835569382
5302,93.2691192627
5305,78.3034186363
5306,94.7965497971
5308,94.6359090805
5309,93.9008779526
5310,116.833472252
5312,112.167040825
5316,113.862117767
5317,94.4698448181
5319,78.3990936279
5320,95.8802080154
5323,94.9234619141
5329,114.778964043
5331,111.014192581
5334,112.206562996
5336,111.494823456
5338,104.473125458
5341,94.0528364182
5345,95.6113033295
5348,94.3225488663
5349,112.671131134
5355,105.60270977
5356,94.0948734283
5360,105.451519966
5362,112.592301369
5364,111.927262306
5366,103.943972588
5367,93.2574605942
5368,93.7629575729
5370,93.3303956985
5371,78.4104781151
5373,105.268896103
5375,112.691697121
5376,92.6373376846
5378,112.154947281
5379,93.7562990189
5383,94.6782073975
5384,105.072110176
5389,111.838235855
5391,79.3843369484
5393,112.407071114
5395,113.932990074
5397,112.062944412
5398,94.5202827454
5399,112.242686272
5401,116.454257965
5402,93.7909927368
5403,112.025622368
5404,94.0390291214
5407,78.3908009529
5408,95.2575979233
5413,112.621399879
5414,94.0776548386
5417,94.2110776901
5418,104.876393318
5420,114.280592918
5421,94.3795413971
5424,94.1919441223
5425,111.644467354
5426,94.0796108246
5429,113.980859756
5431,94.0628385544
5437,102.754966736
5440,93.318239212
5444,104.020372391
5446,106.203141212
5447,94.6200218201
5451,93.8489131927
5452,107.888696671
5455,104.599677086
5456,94.3432769775
5458,94.3490762711
5459,114.412361145
5460,94.5869016647
5462,94.0374240875
5463,111.850703239
5464,93.9829263687
5465,112.803185463
5466,95.0756416321
5467,104.044855118
5468,93.0479621887
5469,111.989671707
5472,94.9812498093
5474,93.8693561554
5475,114.432452202
5476,95.056391716
5479,103.671720505
5480,112.788659096
5482,111.774962425
5485,93.9206228256
5486,116.230701447
5488,78.8447618484
5495,103.76601696
5496,93.2824993134
5497,113.475974083
5499,112.355257034
5503,95.5365409851
5504,94.5992650986
5507,96.2787733078
5509,94.2417526245
5511,93.8438615799
5512,112.057704926
5516,111.945381165
5517,94.7784576416
5518,104.767836571
5521,94.3498840332
5522,104.105609894
5527,94.9000825882
5528,94.2546873093
5529,111.9317379
5532,94.4160957336
5533,111.907385826
5535,106.167464256
5536,106.02150631
5540,95.3540229797
5547,93.7951116562
5548,112.419594765
5550,78.3953647614
5551,94.6283140182
5554,111.95891571
5555,94.0032939911
5559,112.218815804
5560,93.8655347824
5561,111.195796967
5562,92.3161239624
5563,112.954967499
5565,78.3840165138
5566,94.019865036
5567,104.347599983
5568,94.6604576111
5572,93.7971668243
5574,93.6281452179
5576,94.0637025833
5579,111.798999786
5580,78.547097683
5581,94.0626344681
5583,93.6521148682
5584,112.724096298
5586,112.41160965
5587,94.5969486237
5589,103.182405472
5591,102.9184618
5592,95.4595794678
5593,114.110574722
5594,93.3493728638
5595,78.4280629158
5596,112.15396595
5597,111.461078644
5598,116.883857727
5599,93.788394928
5602,111.926920891
5603,93.3493728638
5605,94.9161119461
5607,93.7638731003
5608,111.541496277
5609,94.3105020523
5610,94.4575204849
5612,94.967171669
5613,112.129252434
5614,94.5301866531
5616,94.7049617767
5621,94.3271064758
5623,94.1917285919
5628,115.059985161
5629,93.2292642593
5631,95.015789032
5633,100.645251274
5638,103.824537277
5639,94.2312021255
5640,105.019053459
5645,93.7099905014
5646,78.4311261177
5649,93.8891057968
5653,113.344873428
5655,112.781932831
5656,94.2329826355
5658,94.5584163666
5662,116.64733696
5663,93.078827858
5667,94.8479404449
5670,93.8394813538
5671,103.149905205
5672,94.5386419296
5673,103.347322464
5674,94.4939994812
5675,103.506206512
5676,94.8532953262
5679,112.243603706
5683,113.926991463
5687,93.6802711487
5688,78.5674638748
5690,94.3485927582
5691,111.98282814
5692,94.1018276215
5693,114.535736084
5694,94.2342882156
5697,112.34138298
5698,93.2493839264
5699,112.232946396
5704,93.8470363617
5707,112.356343269
5709,103.544101715
5710,94.5680150986
5714,94.6452865601
5718,94.7239685059
5721,94.9127998352
5723,93.8508043289
5724,114.201476097
5725,94.5678119659
5726,111.955692291
5729,97.3564214706
5730,104.853499413
5731,93.9868059158
5733,78.8205456734
5736,94.7496757507
5741,103.585408211
5745,112.395750999
5747,94.6582612991
5748,103.551125526
5750,112.482029915
5751,94.8280286789
5752,94.8525819778
5754,95.3289718628
5755,93.9042348862
5757,94.7273845673
5758,116.641615868
5760,103.431800842
5762,103.90339756
5766,112.748527527
5768,96.3768424988
5769,116.607555389
5770,94.5136890411
5771,112.530913353
5772,95.1359148026
5773,113.77212429
5774,94.4614677429
5776,95.3338804245
5777,112.460512161
5778,94.3168783188
5780,115.644249916
5782,95.6062450409
5783,79.4116172791
5784,95.9447126389
5786,94.61008358
5788,95.1979389191
5789,112.8525877
5790,94.0190172195
5791,103.774345398
5793,104.404187202
5794,94.4322462082
5796,117.126818657
5797,95.285528183
5801,94.8020658493
5803,94.0553741455
5804,111.076527596
5805,95.5741853714
5806,78.9240465164
5808,112.399093628
5813,93.9909620285
5815,95.1578702927
5816,102.271036148
5822,93.728053093
5823,111.540620804
5825,104.012545586
5827,112.81223774
5829,103.221564293
5830,93.8055953979
5831,112.646214485
5832,93.6825227737
5833,112.166956902
5837,117.043177605
5838,94.2951374054
5839,94.2511234283
5842,105.102534294
5844,112.575878143
5845,104.208374023
5846,114.533189774
5848,78.4514465332
5850,111.843057632
5851,93.2695684433
5853,95.6743021011
5854,104.140192032
5858,105.029828072
5860,111.258335114
5864,103.934638023
5866,93.7928352356
5867,112.174844742
5868,93.4712533951
5869,111.687143326
5870,93.5799627304
5871,112.492073059
5874,113.726927757
5876,112.204763412
5877,92.1295671463
5878,94.07766819
5879,112.136217117
5880,94.0181770325
5884,95.1719884872
5886,111.471214294
5890,104.707565308
5896,93.7300510406
5897,102.695448875
5898,95.0672578812
5901,104.307352066
5903,111.992646217
5906,93.6428184509
5908,111.751402855
5909,92.6641960144
5910,111.82505703
5911,93.5775985718
5912,112.104138374
5914,113.651853561
5919,112.437512398
5924,93.8550786972
5926,94.2941627502
5929,103.34185791
5930,94.0372037888
5932,94.5248479843
5933,114.274742126
5934,93.1503505707
5935,111.208959579
5936,93.3857212067
5937,111.483606339
5938,93.43309021
5939,112.322702408
5942,111.834211349
5943,93.8419065475
5944,104.011506081
5946,112.17183876
5951,93.0276880264
5953,103.225990295
5954,93.460609436
5957,103.733879089
5961,93.3684110641
5962,104.012693405
5964,78.1385908127
5965,93.5167074203
5968,113.890412331
5969,94.7621021271
5974,93.647403717
5975,111.14590168
5978,78.1087207794
5981,104.440649986
5982,93.6597948074
5983,110.563180923
5989,112.463580132
5991,94.3943824768
5992,103.217849731
5995,94.3476839066
5996,103.070426941
5997,113.179011345
5998,93.1506595612
5999,78.1591954231
6001,112.871084213
6002,93.0600500107
6003,109.045253754
6004,93.4622612
6006,112.419565201
6007,94.6614236832
6011,102.522248268
6012,105.29878521
6014,93.6474027634
6015,103.137191772
6016,94.2847232819
6017,110.834765434
6018,94.9806394577
6024,94.1211538315
6025,104.330629349
6026,113.889334679
6028,111.057199478
6029,77.9763231277
6030,94.650847435
6036,113.879397392
6040,94.6585235596
6041,111.357034683
6042,93.6659889221
6044,93.6781387329
6045,103.203534126
6047,104.280744553
6048,94.6355838776
6049,111.977396965
6051,115.944478989
6052,111.03728199
6053,91.8559980392
6054,112.84368515
6058,104.319956779
6059,94.1834211349
6062,94.3841314316
6063,116.204066277
6064,103.233143806
6065,94.6519060135
6067,94.0798444748
6068,112.222635269
6070,103.324175835
6071,104.234392166
6072,110.975793839
6080,111.009806633
6081,93.9012308121
6084,103.854453087
6087,93.5426616669
6089,103.741769791
6092,111.02967453
6094,94.4849510193
6095,111.661499977
6097,112.214986801
6100,93.2579832077
6104,103.714886665
6105,94.7964143753
6106,112.052200317
6107,78.2059979439
6108,93.5335245132
6109,111.021071434
6110,94.7717056274
6114,111.01952076
6116,93.8317871094
6117,103.191511154
6118,93.8336572647
6123,78.0106143951
6125,111.95093441
6128,109.64936924
6130,103.433911324
6132,110.924588203
6137,78.1304559708
6139,114.560131073
6140,93.9932327271
6141,111.797088623
6142,105.086304665
6144,114.422920227
6145,94.3456735611
6146,94.1213254929
6149,92.5704698563
6156,94.2530231476
6159,114.04150486
6160,93.9855613708
6162,103.895945549
6164,111.974075317
6165,94.0349082947
6168,78.575316906
6169,111.819835663
6170,94.6111249924
6171,111.773571968
6172,92.4813070297
6173,115.119026184
6176,95.9455432892
6177,92.8919010162
6178,93.8937540054
6180,94.2737932205
6181,103.126226425
6182,93.4022274017
6185,93.5159692764
6186,112.488441467
6188,112.016480446
6189,92.9757184982
6192,103.847495079
6193,94.0935916901
6194,103.186840057
6195,93.5922956467
6196,114.627104759
6197,94.8783721924
6201,111.985767365
6202,93.5305299759
6203,111.109567642
6204,95.0968637466
6207,117.057209969
6209,93.4777927399
6210,94.6713562012
6211,110.90486145
6213,111.569581985
6216,91.9360218048
6217,92.2636423111
6219,94.9567184448
6222,78.0592532158
6223,93.8593187332
6235,95.8679456711
6240,93.859585762
6242,93.7194280624
6247,94.7142467499
6251,112.372823715
6254,111.599398613
6255,93.8879890442
6260,102.627077103
6261,93.860534668
6262,104.042532921
6264,111.000577927
6269,103.915838242
6271,104.696768761
6275,113.020494461
6276,94.1796550751
6278,93.6988458633
6279,111.986371994
6281,113.145578384
6284,92.5608320236
6286,93.9108076096
6287,78.0820226669
6288,93.9512138367
6292,93.4551143646
6293,94.7284593582
6295,96.0914077759
6298,112.461164474
6300,113.02679348
6304,103.322422028
6308,112.581885338
6310,94.5163469315
6312,111.212659836
6320,93.6375083923
6324,93.6143035889
6325,111.84219265
6330,94.3962812424
6336,112.38435173
6340,104.896522522
6341,95.9613866806
6342,102.661570549
6344,93.9758691788
6345,112.252575874
6347,112.145769119
6348,93.2351036072
6349,112.5519104
6351,78.0310354233
6353,112.186728477
6354,94.4149665833
6357,94.2671470642
6358,104.088703156
6360,102.508248329
6363,113.353338242
6364,91.9417896271
6368,113.849583626
6370,94.4166402817
6371,94.0347738266
6377,94.1880512238
6379,93.7245416641
6381,93.7419910431
6382,78.0168480873
6383,112.081548691
6388,110.908561707
6390,111.446610451
6392,102.603452682
6393,93.4040241241
6395,94.275683403
6398,103.050104141
6401,77.8805484772
6402,93.297205925
6403,112.439657211
6405,93.9876966476
6406,92.0682153702
6407,111.530845642
6409,103.122683525
6411,92.3083925247
6413,93.4598684311
6416,104.445942879
6417,94.196149826
6418,93.4801454544
6419,116.913427353
6420,112.888775826
6426,112.152097702
6429,93.9847621918
6430,94.5653734207
6431,112.483689308
6432,93.3212404251
6434,94.5641517639
6437,112.258792877
6438,93.7991085052
6439,102.716778755
6440,93.6919603348
6441,93.7145299911
6442,110.68957901
6443,96.0216913223
6445,93.8524370193
6448,110.877709389
6450,113.657869339
6453,93.8659887314
6455,93.9451332092
6457,93.2020311356
6458,111.703317642
6461,94.0788707733
6464,111.452766418
6467,94.0276470184
6469,94.6034097672
6470,77.6723241806
6471,93.357963562
6473,102.66916275
6474,94.1224660873
6479,93.9844694138
6481,92.4642934799
6484,112.268749237
6495,91.9782238007
6496,115.059619904
6505,111.419677734
6506,93.4203166962
6508,95.3596162796
6509,94.0151128769
6510,102.839353561
6512,103.002675056
6513,93.5173854828
6514,111.994924545
6515,93.2110376358
6519,94.2941932678
6521,92.6925210953
6523,77.94947052
6525,105.209985733
6526,93.168885231
6528,94.12545681
6529,113.841306686
6531,103.450928688
6533,103.824866295
6534,93.2471122742
6535,111.826599121
6536,92.7395582199
6537,111.181325912
6540,93.0867557526
6541,111.765292168
6547,92.8106012344
6548,110.889621735
6551,111.39025116
6553,111.681564331
6555,103.840924263
6556,95.0616378784
6561,77.7364354134
6564,94.1442060471
6565,111.83259964
6568,93.6577472687
6569,110.516582489
6573,104.599794388
6574,93.8337421417
6577,112.182324409
6579,113.4034338
6581,93.0843887329
6582,111.856602669
6585,100.953574181
6586,94.0391674042
6589,103.240160942
6590,77.6930003166
6593,92.5543718338
6594,112.008799553
6595,92.8475255966
6599,92.398601532
6600,93.4058427811
6601,112.743854523
6602,91.7798395157
6603,110.725546837
6604,93.9505958557
6607,103.005556107
6608,103.438969612
6609,93.1695079803
6611,93.520699501
6613,110.52050972
6614,94.044128418
6616,95.2587404251
6617,110.52050972
6618,93.41726017
6619,101.914772034
6621,103.854455948
6627,102.773533821
6629,113.048447609
6631,77.6988401413
6634,93.0957775116
6636,93.4811582565
6638,93.6822652817
6639,110.525933266
6641,110.713324547
6642,93.5239753723
6651,114.007223129
6654,77.7215781212
6657,93.6538496017
6663,93.5927047729
6665,108.905492783
6666,93.5262374878
6668,93.8132696152
6669,103.897233963
6670,94.2013483047
6671,92.5207118988
6673,94.0129566193
6675,92.8867416382
6676,77.6634259224
6677,93.2454118729
6679,92.8070220947
6680,111.901903152
6681,102.870128632
6685,102.876054764
6688,93.5876083374
6689,94.1956062317
6690,108.302699089
6692,110.537044525
6693,93.2499752045
6694,94.4315242767
6698,116.965172768
6699,93.6253376007
6700,110.334077835
6701,93.0352106094
6702,111.49782753
6704,94.22423172
6707,111.599280357
6712,111.302440643
6713,92.3142213821
6715,95.0333108902
6721,112.149065971
6722,93.7647686005
6723,111.041879654
6724,95.9130411148
6725,117.08946228
6731,112.247430801
6735,81.1273059845
6736,94.86977005
6737,104.322894096
6738,93.5491008759
6739,102.843708992
6741,103.109492302
6743,93.4514369965
6745,93.7022867203
6747,110.544179916
6749,92.6898593903
6750,103.143260002
6751,115.71870327
6752,93.4268436432
6753,110.555616379
6755,114.987307549
6756,93.1037845612
6757,103.056005478
6759,111.413906097
6761,92.307756424
6763,92.8981218338
6764,116.282046318
6765,92.6576147079
6766,111.963230133
6768,112.276004791
6771,93.9127521515
6773,93.0831098557
6774,93.514752388
6778,103.040873528
6779,96.3583288193
6781,92.4419050217
6784,92.9426021576
6786,93.6677112579
6787,110.337965012
6790,90.9858188629
6793,102.840304375
6795,108.653734207
6798,110.173583984
6806,101.698037148
6807,93.3017396927
6810,93.150645256
6815,110.062016487
6816,92.4848661423
6817,100.845641136
6818,92.3693189621
6819,102.151110649
6820,93.4592704773
6822,91.4750432968
6823,114.957291603
6824,109.761964798
6825,93.331445694
6828,77.5995731354
6829,114.350111008
6831,109.484827995
6832,91.5134057999
6833,110.760315895
6834,92.3721485138
6836,93.3140649796
6837,110.427772522
6838,91.3627662659
6840,102.487296104
6843,91.3356389999
6845,89.9984407425
6846,96.1606931686
6847,110.174921036
6851,110.531721115
6852,92.3967123032
6853,108.248216629
6858,92.2745952606
6861,110.319448471
6863,112.134520531
6864,77.5761361122
6865,93.4083271027
6866,109.565050125
6867,94.0137033463
6868,101.291199684
6869,92.5671644211
6870,109.776144028
6874,109.688886642
6875,92.641667366
6877,111.314986229
6878,92.1083974838
6880,93.9879322052
6883,110.359097481
6884,93.3554649353
6886,93.173374176
6890,93.0867948532
6893,110.028233528
6894,91.9962654114
6899,111.312401772
6900,93.6401796341
6904,92.4997272491
6905,110.479646683
6906,91.1925697327
6910,91.2756004333
6912,102.660264969
6913,112.554375648
6920,92.324174881
6922,93.3792161942
6923,108.669273376
6926,93.0742645264
6927,109.610882759
6928,92.5854482651
6931,111.608095169
6933,93.1821994781
6936,90.1107406616
6937,110.075780869
6939,111.963984489
6941,92.5375547409
6942,114.165574074
6943,93.5286712646
6944,100.42293644
6945,93.6380462646
6946,109.020486832
6947,114.816151619
6949,102.671340942
6951,101.715355873
6953,111.037682533
6954,92.5383758545
6955,110.952046394
6963,109.440236092
6964,91.7480545044
6966,92.9465970993
6968,92.4659080505
6970,101.14494133
6972,111.408493042
6976,111.082416534
6978,109.528938293
6981,101.214381218
6985,102.328496933
6986,92.2090005875
6987,110.517901421
6989,112.168828011
6991,114.927297592
6993,114.313465118
6994,93.2183990479
6995,110.977704048
6996,92.2982912064
6997,111.993087769
6998,77.9322195053
7001,110.294904709
7003,111.840137482
7006,93.9206647873
7008,103.532414436
7010,90.8134737015
7011,92.5781564713
7012,112.432063103
7013,91.7040271759
7014,110.353691101
7017,101.076122284
7018,93.2864208221
7019,89.1298084259
7023,93.5637779236
7024,100.895354271
7025,92.6675949097
7026,110.385438919
7027,92.0808610916
7028,112.243491173
7030,108.563235283
7031,93.2915582657
7033,110.505867004
7036,94.6916952133
7037,93.5389881134
7039,92.9020271301
7044,92.2190465927
7045,110.393209457
7046,95.1207771301
7049,103.203587532
7050,93.1448812485
7051,101.156431198
7054,110.200186729
7055,94.6578016281
7057,92.8481407166
7060,111.361423492
7061,93.9461231232
7063,91.7332429886
7064,109.780691147
7067,94.0095119476
7071,92.8281965256
7074,101.05460453
7075,92.8902463913
7078,110.394492149
7079,91.578245163
7080,111.646352768
7081,93.7785511017
7082,110.952179909
7083,91.3287181854
7085,112.982794762
7092,102.318719864
7094,92.4811792374
7100,92.7042512894
7101,110.169348717
7102,109.537096024
7104,110.869037628
7105,93.9480733871
7106,93.6885080338
7107,100.3204813
7108,77.7462792397
7109,92.6356124878
7110,110.09307766
7112,93.7430391312
7113,101.169956207
7114,92.1866197586
7116,110.779292107
7117,95.0583953857
7118,102.657660484
7120,93.4086561203
7121,101.962979317
7123,101.201900482
7124,93.506275177
7127,109.264208794
7131,101.211126328
7132,92.8579015732
7133,90.1301584244
7134,110.198482513
7135,92.6175537109
7136,113.157381058
7137,92.40325737
7141,92.16822052
7144,102.126873016
7147,109.881917953
7148,90.8482179642
7150,90.2311525345
7151,93.4209852219
7152,101.388106346
7154,92.1162757874
7156,94.36257267
7157,101.780146599
7159,115.279229164
7161,93.384554863
7163,91.5835065842
7164,100.443754196
7167,77.6044654846
7169,102.853756905
7170,93.4321470261
7173,91.9958820343
7174,101.618313789
7177,109.557785988
7178,102.863322258
7179,91.84877491
7180,77.9068088531
7181,109.749014854
7182,91.6700210571
7184,93.2996416092
7185,111.229620934
7186,90.6141757965
7187,113.17146492
7188,92.9068374634
7189,110.289431572
7191,101.050193787
7193,109.425253868
7197,93.9415664673
7199,94.7728090286
7200,110.930512428
7201,92.5606212616
7204,93.0807380676
7207,109.447713852
7209,112.218226433
7210,92.9233522415
7211,103.291435242
7213,92.6753168106
7214,111.792446136
7216,111.346509933
7217,92.465924263
7220,110.404332161
7224,108.553421021
7225,94.587805748
7226,111.340920448
7227,92.7513952255
7234,111.206542015
7236,80.6428403854
7239,102.769965172
7240,93.1092262268
7242,113.382049561
7244,110.686162949
7245,90.9010438919
7247,110.989902496
7248,92.7133560181
7249,115.903409004
7250,111.660603523
7251,92.3118658066
7252,110.438253403
7253,77.58466959
7256,93.3646001816
7260,92.5032606125
7261,111.149827957
7264,93.2495269775
7269,112.769848824
7270,92.7330265045
7273,111.361105919
7279,91.5916748047
7281,110.97840023
7284,93.663567543
7285,113.038702011
7286,115.885056496
7287,91.7505865097
7289,92.9790391922
7292,92.4044923782
7293,110.615427971
7296,94.2717504501
7297,111.914948463
7298,90.6777658463
7299,112.00613308
7301,102.804690361
7304,109.615016937
7306,118.279063225
7308,92.9953546524
7309,101.214985847
7312,92.3808574677
7313,77.6208739281
7314,93.3622694016
7316,92.5530166626
7319,116.790774345
7321,92.7643928528
7323,94.0893363953
7324,102.983708382
7325,92.4772138596
7328,101.836842537
7330,77.6800222397
7334,92.405380249
7337,111.694766998
7338,94.5482997894
7339,91.3689432144
7341,92.32837677
7342,111.77293396
7344,111.629939079
7345,111.290520668
7347,109.863911629
7349,110.964290619
7350,93.1291456223
7353,113.14043045
7355,111.002792358
7356,92.1158838272
7357,111.60196209
7358,92.9087209702
7360,93.1572809219
7363,102.777299881
7364,92.8853559494
7366,93.3308420181
7368,93.7129735947
7369,112.2626791
7370,92.0723381042
7373,92.5495433807
7374,110.936260223
7375,92.0232152939
7377,92.9075288773
7379,91.6894388199
7380,115.271838188
7382,108.94982338
7383,93.2861385345
7385,91.6698350906
7386,102.768606186
7391,92.4395179749
7394,104.029029846
7396,111.484371185
7397,90.8706293106
7399,93.2222728729
7400,102.74971199
7403,77.5658974648
7405,111.741013527
7408,108.160701752
7414,112.891046524
7416,102.626176834
7417,91.2278213501
7419,92.9947290421
7420,100.614742279
7421,92.4681339264
7422,93.0207958221
7423,102.975278854
7425,77.6436023712
7430,92.354391098
7432,92.5039634705
7433,92.4231767654
7434,110.730869293
7436,109.726750374
7437,91.9495506287
7438,102.439811707
7440,103.375928879
7441,92.7416810989
7442,112.430971146
7445,110.783867836
7446,102.198983192
7448,111.737197876
7450,101.283245087
7451,92.5870265961
7454,110.933390617
7455,94.5824632645
7457,110.780220032
7459,102.385023117
7462,93.0537261963
7464,92.567073822
7465,107.740931511
7466,94.1172571182
7467,110.098748207
7469,111.675580025
7472,92.5252456665
7473,108.990829468
7479,92.0002536774
7480,102.888414383
7484,109.701662064
7491,93.1479263306
7494,103.097005844
7495,91.8784132004
7501,93.0030918121
7503,92.7663154602
7504,102.545633316
7505,93.6558332443
7508,111.091417313
7509,91.8582601547
7510,77.5476922989
7511,112.759073257
7515,92.4066324234
7516,102.650690079
7517,92.4583377838
7518,102.667822838
7519,93.1077432632
7521,92.6586503983
7522,102.390875816
7524,103.161272049
7526,101.753118515
7527,92.6583824158
7528,101.695163727
7529,93.1937980652
7534,109.270628929
7537,111.024908066
7538,92.211022377
7540,92.6767139435
7541,110.169932365
7545,111.068180084
7551,114.379013062
7553,93.9784421921
7554,101.020991325
7555,92.7246246338
7561,111.461499214
7562,94.9678544998
7564,93.1080656052
7565,103.494283676
7566,92.8267030716
7567,112.832567215
7569,100.81730938
7570,93.147649765
7571,113.467916489
7572,93.0491046906
7574,102.866411209
7578,110.880533218
7579,91.9459972382
7586,92.5278759003
7587,81.9850206375
7590,92.6311645508
7593,108.969287872
7594,91.8486242294
7595,92.8297147751
7600,92.6827669144
7601,77.6006536484
7602,92.503367424
7603,112.768391609
7604,92.4908084869
7606,92.8790941238
7608,113.598932266
7613,77.5082240105
7615,110.714752197
7616,110.292021751
7617,115.868748665
7618,92.4794721603
7619,102.209619522
7622,92.4082679749
7623,102.807966232
7624,92.6006145477
7625,102.641326904
7626,93.8497648239
7627,102.691971779
7628,78.5489630699
7631,102.514009476
7632,102.521050453
7633,92.7301416397
7634,114.706357002
7635,92.1277618408
7636,111.605941772
7637,111.605941772
7639,92.2274942398
7640,77.5363492966
7644,111.714711189
7645,92.4472866058
7648,102.50565815
7649,92.82462883
7650,110.937115669
7652,107.730624199
7653,91.6457128525
7655,92.649020195
7659,110.86032486
7662,91.9536685944
7664,91.6776733398
7666,93.8666553497
7668,92.835357666
7669,110.798721313
7670,91.4206495285
7672,91.3736686707
7673,111.1967659
7678,92.5052528381
7679,77.5810956955
7680,102.954227448
7683,91.8233375549
7685,115.846892357
7688,92.2734727859
7690,109.500819206
7692,92.8846101761
7693,94.5760889053
7695,111.313793182
7696,91.9561004639
7698,92.0809555054
7699,112.944224358
7702,91.8362321854
7703,111.690397263
7704,92.4769277573
7707,112.821753502
7713,78.3353614807
7715,102.653326035
7717,109.612724304
7718,92.1890659332
7719,102.846908569
7721,112.185024261
7722,93.6438989639
7725,100.118699074
7727,99.6218347549
7730,78.0195941925
7733,91.1396846771
7735,100.798743248
7740,110.90764904
7741,110.44960022
7742,90.9088220596
7744,111.056821823
7747,91.7549791336
7750,77.6460208893
7752,110.612266541
7754,110.070445061
7756,103.301465034
7757,92.6775531769
7758,102.271566391
7760,102.632640839
7761,92.0809726715
7763,114.955842018
7765,91.6866321564
7767,111.725520134
7768,92.395740509
7771,92.722990036
7773,90.3173980713
7774,112.952288628
7776,102.924778938
7779,93.0139799118
7783,90.8902139664
7786,103.878938675
7787,93.0202264786
7789,91.6308078766
7791,92.5045022964
7793,91.4017295837
7794,107.286541939
7795,90.4679698944
7799,77.4831728935
7800,107.769815445
7802,92.6397657394
7805,101.469752312
7807,100.587992668
7808,91.7767906189
7811,102.389629364
7817,109.072860718
7818,100.931629181
7819,92.8652763367
7822,92.4860029221
7823,111.028207779
7825,111.087175369
7828,91.4623565674
7832,92.3647165298
7833,77.5763502121
7834,109.451810837
7835,92.2145662308
7837,91.8987674713
7840,91.0109043121
7842,91.4487667084
7843,109.637471199
7844,91.8136787415
7846,91.9589204788
7850,91.8364171982
7853,109.481365204
7855,112.425709724
7858,92.3826608658
7863,110.365714073
7865,110.364701271
7866,90.9574708939
7868,91.4754056931
7869,109.382591248
7871,77.4960541725
7872,101.063716888
7874,101.098380089
7877,111.077102661
7878,92.1533718109
7879,109.171483994
7881,91.2540025711
7883,91.4329156876
7885,100.717633247
7886,92.0850305557
7889,93.5123920441
7890,102.546964645
7891,91.6318340302
7893,91.9523210526
7894,101.856329918
7896,109.709734917
7898,100.884331703
7901,92.3654441833
7902,108.927913666
7904,111.271213531
7905,92.8382835388
7906,114.292515755
7909,92.329957962
7910,101.02857399
7913,91.3121004105
7918,110.470993042
7919,91.7810955048
7923,91.4769582748
7925,92.3134422302
7927,89.1490039825
7930,90.5197162628
7932,92.192150116
7933,90.9152822495
7935,91.4471597672
7939,102.736161232
7942,90.4850378036
7943,110.188739777
7945,101.778801918
7946,92.6790189743
7948,92.0093765259
7949,108.40414238
7950,91.2984266281
7951,111.665745735
7955,100.767967224
7959,92.0491523743
7960,110.928730011
7961,91.6147527695
7962,101.710632324
7964,102.045409203
7965,92.5505046844
7966,110.730970383
7967,102.721169472
7968,92.1910352707
7971,102.630352974
7974,91.742732048
7976,104.671998024
7978,110.342187881
7982,110.895390511
7983,92.121963501
7984,101.93715477
7986,91.8665771484
7989,108.397959709
7991,108.926692963
7992,110.196754456
7993,91.4251146317
7994,109.834105492
7995,92.3708133698
7997,91.841345787
7998,101.93715477
7999,109.058760643
8002,92.3465738297
8007,91.9171228409
8009,91.6444511414
8011,91.7351331711
8013,91.990860939
8015,100.862625122
8017,110.486519814
8019,115.322624207
8023,92.3942070007
8024,110.268811226
8026,110.409890175
8027,91.1864356995
8029,91.6358127594
8030,110.825143814
8031,92.4106464386
8033,93.3876056671
8035,92.5052118301
8036,102.268382072
8039,102.487224579
8042,90.4331254959
8044,91.1732749939
8046,77.6851773262
8048,110.512672424
8049,92.7874526978
8050,101.426150322
8053,90.9892377853
8054,91.9118118286
8059,91.4969367981
8061,91.9270915985
8062,111.269301414
8064,110.167123795
8066,102.66295433
8067,91.7273025513
8068,91.0574588776
8070,91.9151067734
8071,109.860332489
8072,91.7323255539
8076,90.1847820282
8080,91.3063201904
8081,111.281923294
8084,101.321147919
8087,111.46556282
8089,91.3746566772
8090,114.814554214
8091,102.31018734
8094,113.207743645
8100,91.8835411072
8101,92.8731622696
8110,92.5409622192
8111,108.905894279
8112,92.8192100525
8115,116.444228172
8116,91.9572296143
8118,110.171325684
8121,115.821199417
8125,109.574287415
8127,110.400835991
8128,92.0568418503
8129,108.833747864
8131,93.1173191071
8138,92.9120979309
8139,101.777435303
8140,90.5794553757
8141,90.4503993988
8142,111.474149704
8143,110.112280846
8145,110.434456825
8146,92.0302619934
8148,111.982381821
8153,110.848831177
8154,91.6263170242
8155,113.401910782
8161,91.4471282959
8162,111.116114616
8163,91.4523086548
8166,109.390465736
8168,110.175340652
8170,91.8042783737
8172,109.367966652
8173,92.2162103653
8176,101.19371891
8179,91.9233007431
8181,91.6440382004
8182,115.729010582
8184,111.266961098
8190,102.419316292
8191,92.3338375092
8194,111.471217155
8196,111.783863068
8198,109.476411819
8199,109.458333969
8201,111.909162521
8202,91.8577461243
8207,92.431224823
8208,108.714382172
8211,109.384217262
8214,111.664618492
8217,91.4571247101
8218,108.003513336
8222,92.8921146393
8229,102.152145386
8231,91.424571991
8233,92.3583059311
8236,91.7210025787
8238,110.942317009
8240,100.768058777
8243,101.220254898
8246,109.456127167
8250,91.2938976288
8254,93.4001455307
8256,77.6329565048
8257,109.09496212
8258,90.7883806229
8260,92.2093667984
8261,111.21596241
8263,113.148695946
8264,91.8811483383
8267,109.048373222
8268,91.7420225143
8271,92.5780563354
8272,108.707663536
8275,93.1060504913
8276,92.791384697
8277,102.359641075
8278,115.01142025
8279,91.4438123703
8280,109.327503204
8281,93.4296722412
8282,108.759358406
8287,113.706912994
8288,91.3433542252
8289,110.322297096
8294,91.6009492874
8296,90.7651185989
8299,110.574131966
8302,101.506937027
8308,109.929459572
8314,102.191245079
8315,92.6957864761
8316,109.849272728
8317,91.3517589569
8319,111.34586525
8320,89.5093069077
8321,115.982527733
8323,91.9380941391
8325,90.7500581741
8326,108.652160645
8328,108.952225685
8330,107.637412071
8331,91.9938297272
8332,110.29234314
8334,93.5450735092
8338,91.7891101837
8339,92.6166591644
8341,90.698756218
8345,109.457622528
8346,91.7192392349
8347,101.791666985
8349,92.602221489
8351,91.719575882
8352,111.031363487
8353,108.956533432
8355,111.120148659
8358,109.06105423
8359,106.972225189
8360,91.7725362778
8361,109.856090546
8363,101.388097763
8364,91.1874036789
8365,93.4045333862
8366,100.685458183
8370,109.251803398
8372,91.2785863876
8376,92.7252693176
8377,112.049359322
8379,109.781070709
8380,91.1771011353
8381,111.823536873
8386,90.1941843033
8388,101.068112373
8389,91.7285852432
8391,111.299717903
8394,93.8595380783
8396,102.555696487
8398,100.80300045
8400,112.974311829
8401,91.0940504074
8404,90.6028175354
8407,92.9867982864
8408,109.932076454
8409,108.796174049
8410,102.747945786
8411,94.2836894989
8413,90.7066755295
8414,110.157452583
8416,94.685046196
