ID,y
1,79.6336320599
2,95.1905059737
3,82.03453487
4,79.0900389651
5,113.657010856
8,93.3228403431
10,112.989488528
11,95.0380824475
12,118.339505675
14,96.5549305398
15,117.571401141
16,104.574128659
17,98.0143784085
19,95.9672469203
20,108.442400342
21,97.3336174005
22,117.826329337
23,98.0144697902
26,95.9765226632
28,96.8254823597
29,98.0124575958
33,98.0110235228
35,95.6045823766
41,97.0616204041
42,95.1714040278
43,118.169404401
45,105.335935124
46,102.101796266
51,94.4169931656
53,81.6617063768
55,115.41289836
56,93.324595973
57,103.947668466
58,94.8167666338
59,104.242017763
63,112.483926685
64,95.5072696206
65,105.329023425
69,94.5374854146
71,96.7701337775
72,102.515021494
73,94.1985039914
76,104.072912122
77,108.720675729
78,114.573684172
82,94.7031099006
83,105.322932199
84,94.8970338682
85,104.295511884
87,112.124791896
88,97.0459415713
89,113.828470186
91,93.7538545325
93,93.8021454477
94,106.598679713
95,94.1367578517
96,111.01268114
97,94.3571863241
98,112.840819381
99,93.0022745751
101,104.472434808
103,113.823764198
104,92.1570248591
105,111.316589707
110,96.1948460405
111,111.627301481
113,114.244974848
114,94.6605286402
115,111.831273515
117,113.819075103
120,92.7190005958
121,113.77539104
122,95.2705613422
123,112.839703152
126,111.434500355
132,112.964866098
135,102.855836112
137,104.716317662
138,95.9640446226
140,92.5271840213
142,111.457216878
144,113.29956333
148,92.0193146077
149,113.379172828
155,94.7388556989
156,112.612374199
157,94.3370637172
162,113.206924835
163,96.0740409269
167,94.393840664
172,118.126130701
179,113.670438165
180,95.2855545167
181,110.456853124
182,96.2530438367
183,113.796935392
185,113.796263423
187,113.574808577
188,94.0527082286
189,94.4006055238
191,92.8544350891
192,114.799659451
193,95.4955794897
194,112.652652716
195,93.1722060945
196,114.427222283
198,96.450886429
199,112.878514298
201,106.747482658
204,95.4158062875
205,103.999621925
206,94.01593831
210,94.7390949419
211,104.435555531
216,113.550073327
219,117.326017433
220,93.4831097765
221,109.883991154
226,110.44175825
227,93.2896393448
228,112.303191853
230,112.072745187
231,94.3122458366
235,116.810160818
236,93.2863264684
238,112.488350087
242,106.095097406
243,93.2923966719
244,79.1421727868
245,112.040557572
247,113.006154854
248,93.5793185622
249,95.0068579271
250,113.219932677
251,93.2813164773
253,116.804124887
254,94.1337223951
256,95.4244160343
257,93.7412438089
258,113.453675762
259,93.5648584614
262,79.0926727809
266,94.5651003786
267,112.86661641
272,103.369752531
273,113.766753191
275,96.13321187
276,114.804801566
279,94.7240395683
280,105.256911766
283,94.3256889266
285,112.488945879
288,113.761706414
289,95.8285196528
290,107.325630242
291,94.9991370461
292,111.724230128
293,110.672649493
296,95.7024190961
297,112.742764296
298,114.864445876
299,94.2265353025
304,91.9543993164
305,78.0569008744
306,94.8946663867
307,110.625987048
311,112.602562328
313,110.777361912
314,92.4671591748
316,92.3953654817
324,92.0968173408
327,94.9705441606
329,93.1157485582
330,112.04961185
337,105.533408666
338,94.5443967814
339,104.139466663
340,94.7495380533
343,93.3483241352
345,116.112013475
346,94.4245020729
347,112.569414126
349,114.396574608
350,92.7730440557
352,113.737109716
353,92.2811753002
354,78.4246536769
357,93.5099223456
358,111.397543994
362,112.797308455
364,117.397938015
365,103.098563623
366,93.3898809874
367,113.525808024
368,95.3269070216
370,78.6511442298
373,94.6765445666
377,92.7793703687
378,109.765474992
382,103.566399524
384,111.847932736
390,93.5986562886
392,112.646400597
393,112.862966481
395,94.9337323558
396,105.829412661
399,79.3835263892
406,110.746171873
408,110.745501119
409,92.4044986767
410,77.0508047541
412,112.6481222
413,92.8479546097
419,93.8697221572
420,111.561130543
421,91.6885694109
430,98.9787402922
434,93.5161280374
436,95.7714899851
437,91.7798070709
438,92.9660597072
439,111.73555079
440,93.7722280341
443,113.348977719
446,94.2571193693
448,93.6475323897
452,93.6614435858
453,104.18764883
457,103.859668558
458,93.9972317052
459,115.489397527
460,103.537004461
462,105.037250578
464,103.464017818
465,116.839752886
467,119.166229103
471,111.014727992
472,77.0134876932
473,94.6571196067
475,95.183426374
480,93.5829175787
488,110.676554369
490,110.564598926
491,102.809964402
492,79.8994030044
493,93.3562464189
497,92.8934861036
498,112.988243579
499,94.5100369552
500,101.137652732
501,94.5976681479
502,111.637047093
506,78.6612552007
510,108.090613306
511,91.5953689934
512,93.2078678335
516,93.2309806058
518,93.2453679494
519,112.139264892
521,92.4960908309
522,111.311196599
526,111.926718004
529,94.1812901524
532,112.043842276
533,94.5212801937
536,112.166122341
537,100.177168855
539,94.5927907238
540,103.312798956
541,94.8029361722
543,94.4928991255
546,112.512539928
547,92.71063182
548,79.2628209946
551,93.1124881057
552,103.54307712
556,106.005202755
557,96.0105572894
558,113.461762881
559,95.4523311842
560,102.427522602
562,103.833629153
566,94.1301518738
570,112.964092967
571,91.7348800592
572,104.755118679
573,93.9307312139
575,116.802851287
576,110.229778412
577,93.0873014385
579,91.7220608964
580,110.309189304
581,113.025292117
589,110.531396626
591,102.132692455
593,94.4820136803
594,105.521404707
595,94.2203007482
598,92.4898300503
602,111.312319437
604,113.455986699
606,111.073807382
608,93.3697554399
609,103.898248105
610,93.2103649705
616,111.198285828
617,94.7793848199
618,101.991791155
620,103.99065343
622,110.007533973
623,92.4242943808
624,133.496361386
626,111.416434695
628,112.482757308
629,95.8710564057
630,111.534930888
637,95.1271344157
638,105.055192148
643,95.1268680676
645,93.5275774763
646,118.928726007
648,96.8941381169
652,93.425309169
653,91.092572897
654,112.935897524
656,112.958772317
657,94.7846980429
659,95.048504513
660,102.81373605
663,93.5514644418
664,112.835667617
666,102.198944818
668,109.713795842
669,93.385255898
671,96.0735454137
675,92.5567950305
677,91.4429507367
678,110.815053571
679,107.083679815
682,94.5854800007
685,103.98024116
687,95.5196618815
688,92.2727494032
693,108.726371048
696,95.2242861263
698,94.1889621532
701,96.8140947859
704,105.865346503
705,117.221820966
709,113.403170257
710,94.3660171322
711,104.835333653
712,93.6591279218
714,110.70706898
715,94.3831236317
716,111.164492449
717,94.5568527221
720,116.662046659
721,92.9487016122
724,102.631502165
725,95.5365800255
726,111.385862251
728,111.703218976
731,93.3282117426
734,103.932499329
738,93.6559256014
745,111.50872029
746,93.1496976409
751,78.2995801095
754,94.1387395038
756,94.9036374247
758,92.8856720178
759,110.913952923
761,117.110837371
766,94.5292592177
767,113.573234884
768,93.0512185328
769,114.005974117
770,93.9003547226
771,80.481576366
772,106.245343008
773,93.3570362031
774,112.894892329
776,112.391964753
777,93.1145788755
780,118.194211597
782,103.907736866
787,103.428184544
788,95.1850637802
792,92.2743780371
793,113.274449664
798,93.8077522967
800,92.6480258255
806,111.134308539
809,111.383342129
811,113.531482377
812,93.2330744071
814,117.398562852
816,103.651627884
817,96.0211110928
818,112.818287986
820,111.236950302
823,94.9614727987
829,91.8129162679
830,113.173197822
831,91.8355273264
834,111.178376417
839,95.3395533982
841,78.5811785911
844,104.220188801
845,94.5764444336
848,92.4478161143
850,94.915727002
851,103.969106095
852,93.3515004458
854,92.8005678448
855,95.6035536317
856,104.541091456
859,103.25560274
861,112.865703518
864,93.7141003241
865,112.24921151
866,93.1108391406
867,93.6435700706
869,93.9931997662
871,92.2898555237
872,111.112173673
882,102.974053578
883,94.0415614727
885,95.3700939483
888,95.6622487137
893,109.847889372
901,110.801235355
903,103.347634258
904,93.4036266716
905,105.116578766
910,94.8837388481
911,111.097520678
914,112.827864865
918,113.126821325
921,91.9112385363
928,95.4205353948
929,105.340022046
932,94.9001864724
933,107.66896063
934,94.8756841277
935,113.645037418
937,77.124135324
939,94.6876716581
940,100.912716781
941,94.9048905631
942,103.117795249
943,94.0932474427
944,103.662492963
947,111.087020415
949,111.879433167
951,110.584402259
952,95.1918397957
953,103.330902924
954,78.0646477599
957,112.123783357
959,93.7139670075
960,117.77251656
963,117.348592076
965,111.080988116
967,103.175916039
971,95.2728846652
972,78.4078865198
973,93.6553900488
974,112.960121177
975,93.865454547
978,120.714765735
980,114.016046713
981,95.4658184031
984,112.896118449
986,94.8582475831
988,92.9774939793
989,110.977580017
990,104.86493332
992,110.770740526
996,91.6526620617
999,112.870730868
1000,92.5493151836
1001,112.203671519
1002,92.4655143479
1003,112.31579785
1004,93.2672725017
1008,111.002981835
1009,93.4176750612
1010,107.519705333
1012,118.897718688
1013,92.349085862
1014,112.034648603
1015,94.1010885841
1016,116.973970986
1019,94.4310201369
1020,112.462662037
1021,94.8465094921
1022,105.861382579
1024,94.8455033619
1025,77.761106051
1027,94.1618228791
1028,105.245243781
1029,95.1494471947
1030,95.3965891271
1033,113.878571281
1036,90.1193427778
1037,111.004535491
1038,91.6281368843
1042,94.6531249606
1043,102.545409894
1044,93.6795744366
1045,112.382104325
1047,115.877550153
1050,95.1522365099
1051,110.409871563
1054,94.4731838372
1056,95.4406651457
1057,94.1367371872
1059,94.5311908026
1062,99.0683857964
1063,103.924974273
1064,95.4380258251
1066,93.3339103524
1070,104.149211114
1076,112.646926038
1077,100.113706699
1078,113.229824338
1080,113.678306434
1082,113.810528998
1083,94.981992487
1089,113.789444631
1091,96.3398182224
1093,96.3803181072
1097,96.2532867918
1099,94.3371702414
1101,95.5653391916
1103,94.6974229545
1104,112.757671983
1106,113.739788583
1109,95.1369812002
1110,112.593898343
1111,95.0952307012
1112,114.855110166
1114,95.0779474285
1116,95.0129539911
1117,112.816838703
1120,94.2366809326
1124,113.19992201
1125,94.8031754707
1126,112.707404231
1134,112.490232123
1137,94.4223371942
1138,113.583209756
1144,112.0099466
1145,95.457342596
1146,93.6096177942
1148,95.167421962
1150,93.45748561
1152,104.862623383
1153,92.9316030177
1154,105.404891523
1155,94.7461294303
1157,93.9390206956
1162,95.358588389
1165,112.932945365
1166,94.8399594062
1167,106.472694
1168,96.2489469508
1169,103.897426073
1171,117.513890374
1172,97.2250860967
1173,103.895828096
1174,95.3011103246
1176,96.3366063144
1177,105.692521112
1178,94.6561429266
1182,112.790198255
1186,94.7676741137
1187,115.803591204
1188,95.7096136431
1189,118.802717066
1191,105.838552623
1192,95.1653573892
1197,112.324654184
1198,93.4298596881
1200,79.1348232483
1201,94.8266872684
1203,96.3226354751
1209,118.011636272
1214,104.338851608
1218,112.079499376
1222,95.5099260263
1226,97.2198976392
1228,95.3147449937
1230,91.6663567373
1232,79.1146435776
1233,98.4577100493
1236,116.406277675
1238,94.578848778
1241,111.977421316
1244,104.210404484
1246,95.8208836581
1247,114.899502794
1250,113.006929526
1251,95.6927979692
1254,112.83220809
1255,95.697487926
1256,112.118566622
1257,94.1193489075
1258,92.9380167527
1259,112.587198387
1260,95.9256958924
1263,111.110589913
1267,78.665878176
1268,112.632067472
1271,94.9349071356
1272,110.466361069
1274,104.370859747
1275,95.3206911013
1276,111.079940786
1277,93.2081359955
1279,93.5650045117
1281,95.037508684
1282,95.6780870129
1283,113.230574364
1285,115.010247893
1286,94.6516315393
1289,113.53067834
1296,115.3447731
1299,92.5478955548
1301,92.2960091478
1306,93.8043078704
1307,95.1573240665
1308,93.8863947481
1313,111.067543036
1314,96.4228516483
1315,112.525146105
1316,94.7085506653
1317,111.219670725
1319,93.8046188384
1323,94.0795558601
1324,104.424462089
1325,95.433151888
1328,103.377581637
1329,95.9498151118
1330,113.454314397
1331,94.2048087213
1332,106.783515336
1337,95.0588113633
1338,112.423680427
1339,93.6432129857
1340,113.537006692
1343,110.716558235
1347,103.57827469
1348,95.6640588994
1349,105.838962754
1352,93.6326797862
1354,97.1335588832
1359,113.138945013
1360,94.9284584522
1363,111.296465711
1364,95.8380550128
1365,105.308272751
1366,95.5903606124
1372,96.0962289294
1375,105.641600262
1376,94.6846480356
1378,92.9182679089
1379,113.895577052
1380,95.563931571
1381,103.918567228
1384,115.151622164
1387,92.6105215854
1388,113.856658039
1392,78.0498478128
1394,105.214690717
1395,96.641387692
1396,111.927622169
1398,95.2084541116
1399,111.92661604
1400,93.0935981802
1401,95.1834461162
1403,98.5448995208
1404,114.809083162
1406,111.924268403
1407,94.8885063413
1408,111.154201549
1410,78.7100727406
1412,111.768794867
1413,96.0620908074
1415,96.6510949692
1420,111.150180475
1422,112.103215383
1423,111.14119249
1424,111.148838968
1425,97.2856653572
1426,78.7047361234
1427,96.3395844066
1429,92.519509305
1430,112.816126631
1431,96.4017263368
1432,105.864935177
1434,112.474590853
1437,95.6221817044
1438,105.292009895
1440,114.362268112
1441,113.454469816
1442,94.6597405658
1444,113.854954634
1445,96.3042755742
1446,104.947223044
1448,93.3997347261
1453,93.6472501585
1454,111.754709018
1455,95.169078693
1456,115.24006537
1458,111.753367511
1459,93.7699578707
1461,94.8304440183
1465,92.5843629411
1466,111.988829193
1469,94.1227563931
1472,93.6408805091
1474,95.7669282958
1477,114.440506588
1479,111.570302425
1482,92.049889907
1483,78.2577279876
1487,94.6847666329
1488,114.169929215
1490,113.24908828
1492,112.111379994
1494,118.435043566
1496,104.188539294
1497,95.0893205888
1499,97.5177116245
1502,93.4488355751
1507,113.792191645
1508,93.5803598027
1509,111.810650951
1511,93.7309711166
1512,112.741708391
1513,115.018194665
1514,102.910103122
1518,113.5014653
1519,93.2227018028
1522,113.524309702
1524,79.5291285168
1527,94.6312858443
1529,95.057047347
1532,105.210425575
1536,113.199847667
1537,117.993818541
1539,106.349594347
1542,113.912628499
1543,94.6287549471
1544,103.626261768
1545,81.6146070223
1550,94.4725839587
1551,109.393452555
1554,104.223395339
1556,104.819135368
1559,94.1102385023
1560,79.1155012005
1562,94.3592015351
1566,93.2419517137
1567,113.349006805
1569,104.894579366
1570,114.640168082
1571,113.552248676
1574,93.5582264944
1578,104.478375902
1580,93.7364983716
1583,113.926220614
1584,93.5548750655
1585,112.96055717
1586,95.3129467342
1587,112.957930166
1588,93.1392830996
1590,114.577794348
1592,104.009736962
1596,113.898708297
1598,111.315341046
1599,94.9780758051
1604,116.500296528
1606,102.066376151
1607,95.9970276004
1608,104.814283339
1609,117.459147583
1611,95.0272448744
1613,95.3856840433
1616,95.9612478162
1619,114.47228139
1620,93.6036500149
1621,112.496903971
1622,94.4527571133
1625,111.396244298
1627,117.453111253
1629,114.276832554
1634,94.7118089164
1636,94.4841518261
1638,105.136228857
1639,96.083785128
1641,96.084820821
1643,95.9530850657
1644,104.123244688
1645,118.741938738
1646,93.9946365395
1647,104.375466251
1648,94.8816819173
1652,93.712347965
1653,113.476693198
1656,96.9297574641
1658,94.9582817863
1659,113.271110928
1661,95.7691482067
1663,95.978246502
1664,113.234570667
1665,94.4837773774
1666,104.782244908
1667,103.211639621
1668,80.6111418499
1669,104.997692687
1670,96.0802972527
1672,112.845452785
1674,112.651079943
1677,114.106542039
1678,94.5057781908
1679,111.696933098
1680,94.7744460501
1683,105.100724853
1686,106.130531033
1687,112.78266933
1689,114.596184761
1690,94.6710311958
1691,117.174302748
1692,114.250785974
1693,93.5183157887
1695,95.59046795
1696,93.5657536036
1697,113.104848324
1700,104.770839008
1701,95.7077102734
1702,112.490330591
1703,94.2503324993
1704,113.63884526
1706,95.8026385025
1707,113.491420088
1708,96.2133193582
1710,96.084975574
1711,105.073840929
1713,106.894819743
1717,103.592260748
1719,104.431129301
1720,93.9218964546
1722,94.0826482646
1725,104.264820955
1726,95.6000707435
1727,107.318121951
1729,113.089772675
1730,94.3621520017
1731,113.837162111
1733,104.759776701
1734,95.1036864972
1735,111.998242454
1738,95.3437651023
1742,93.7487537664
1745,112.627278393
1747,95.5386936757
1749,97.307773317
1751,96.4932438225
1752,79.5435963076
1753,103.762117411
1754,97.247219756
1755,96.9211898521
1756,104.157845126
1758,114.000978547
1759,95.7206964901
1760,108.595739884
1761,116.440363597
1762,94.8637734051
1763,112.937477383
1764,96.3399712213
1766,95.7091456085
1768,96.6775336316
1769,78.4727636878
1771,112.828362441
1772,93.8734302212
1773,105.755001326
1774,95.3016358361
1775,114.822029147
1777,114.25903851
1779,95.7139954503
1780,106.517062447
1787,94.8759636219
1788,94.9447281889
1790,96.1293125113
1796,113.333178336
1801,93.1324291483
1803,95.5288966237
1807,113.217082846
1809,116.301053206
1812,94.8552796801
1813,113.539945683
1814,96.6364786759
1815,113.197684006
1816,98.1743409119
1818,93.8094711779
1820,93.8180593355
1821,117.109154835
1822,97.5578872279
1825,94.9759179416
1826,105.710408553
1828,96.3228432823
1831,104.505608927
1836,115.677974811
1837,95.6137230098
1841,96.2972180777
1844,104.714452029
1848,94.2674118619
1851,106.898359767
1852,96.9836621943
1853,94.5072119779
1854,113.261286649
1856,95.6339426317
1859,116.487783057
1860,95.6003808772
1861,81.4624695566
1863,106.189464316
1865,96.0861014005
1866,106.718576626
1867,96.4154803905
1868,94.0801007771
1872,96.4248593511
1879,95.7559305821
1880,105.456531576
1882,95.5219900551
1885,105.686312719
1887,104.648740803
1888,93.6752404681
1890,113.085558832
1894,96.5605179291
1895,103.912852318
1896,96.1327246487
1897,113.647609619
1900,114.639361286
1901,94.6489924714
1902,115.045064478
1905,95.356326402
1906,110.397128031
1912,104.500455289
1915,96.1175330654
1916,106.391441554
1917,96.2736599827
1918,105.747493553
1920,79.4074381331
1923,97.0734211683
1924,104.740959571
1925,95.6292850972
1930,118.004862436
1932,112.401247404
1933,96.6023927989
1934,113.800257129
1935,94.0220619263
1940,79.1857242371
1941,94.7969885166
1942,112.804563438
1943,95.2097258815
1944,95.0785745487
1945,112.552081907
1948,118.509319354
1949,95.8551796703
1952,94.9893033426
1954,94.0841568335
1955,111.624063335
1958,93.0416525817
1959,80.1521100988
1960,112.871408299
1963,96.4409403142
1965,95.373765779
1968,105.810793158
1969,96.2885311181
1971,96.1912405425
1972,112.605499037
1973,94.0114312731
1975,93.9488720211
1977,95.2286819472
1978,97.962322671
1979,113.166733879
1981,93.9277437243
1982,113.856056655
1987,113.230875518
1988,93.7531291798
1993,97.5433285943
1997,93.6376848958
1999,95.9014742847
2001,95.9089421138
2002,115.66781981
2003,95.5942641052
2004,80.7245344531
2006,113.180715085
2007,95.6499472047
2009,109.201779782
2010,94.8227931843
2013,98.1275701343
2018,80.0477879273
2022,106.839995291
2024,113.718452824
2025,96.535878961
2026,106.540794875
2030,108.586610919
2031,96.4170061296
2032,104.460198604
2033,95.8935618769
2035,95.598592585
2036,113.763362736
2037,93.8966322287
2040,95.8966181997
2043,116.538840931
2044,107.76479206
2046,106.433593714
2054,114.761165427
2055,96.7878147104
2056,106.424505587
2059,94.2408051362
2060,94.5956677181
2062,92.978685489
2063,112.579715301
2066,96.5028330994
2067,113.155187466
2072,97.9138728568
2073,114.416291303
2074,95.6928062219
2075,112.499044979
2076,95.0732166536
2080,96.2992779156
2082,94.5882892665
2085,109.115527108
2087,113.594955071
2091,112.459920048
2092,96.732602108
2093,106.412039148
2098,99.7587743402
2101,112.824126484
2102,94.0717783024
2103,79.1310264752
2105,107.406809984
2106,95.5836672673
2107,116.005535666
2110,95.2724257648
2114,94.5836353937
2115,113.334283757
2117,78.896261886
2118,94.0968816329
2119,104.592993402
2120,95.6079564042
2122,93.6945138783
2123,113.177624377
2126,95.6740792828
2127,105.74647843
2128,96.0474137781
2129,112.570057756
2132,97.4896803234
2135,106.00403398
2138,95.3795016189
2139,117.93476869
2141,110.625819619
2142,95.6499075387
2146,96.9246734089
2151,113.774753189
2157,103.016689446
2159,113.737859703
2162,94.3952673554
2164,117.114901845
2167,92.5861624901
2168,112.125209306
2171,93.065939505
2173,96.1340993311
2174,104.60078723
2175,94.873477692
2178,94.497036259
2180,95.0903447978
2185,112.918233939
2189,92.3730161995
2190,112.355338593
2192,102.828456518
2194,114.970270666
2200,116.333848694
2201,94.6081246261
2203,113.174267626
2204,94.3026278968
2205,113.586531185
2209,113.295479886
2213,105.18270118
2214,93.4766646534
2215,113.283416547
2216,93.8347613377
2218,93.2383277932
2219,104.415124798
2220,94.5348501946
2222,91.8188223547
2223,112.958637329
2225,113.542446989
2226,95.6386141577
2230,94.6269638317
2233,112.51456869
2234,112.734435218
2235,94.2922248213
2236,79.2334705797
2237,94.6622599098
2240,116.016170783
2241,94.5341532557
2248,105.090683041
2249,95.5783566323
2250,112.608776209
2252,112.235046691
2253,96.9913549235
2254,112.538136174
2256,78.139123357
2258,92.822964897
2259,111.677731118
2262,95.6785204653
2265,95.4224775383
2266,103.986819004
2269,94.4806536327
2271,95.7116414959
2273,93.5974611422
2274,112.552320991
2275,94.4297541202
2277,94.72313459
2279,94.2774746854
2280,78.5475680941
2282,95.0561358749
2283,101.594157998
2288,93.1968006734
2289,113.80900064
2291,94.8940849116
2292,117.893977203
2297,95.8275530446
2298,105.187785465
2299,96.1058894189
2300,113.719573156
2301,93.6411368777
2304,95.9457150924
2305,104.685345757
2306,95.6637737662
2308,94.8446893257
2309,113.473217229
2311,94.7399419932
2312,104.441854273
2316,103.452414449
2321,104.764257743
2322,111.921263114
2325,104.640938245
2326,94.180245114
2329,117.881568016
2330,94.5015097324
2331,103.852434732
2332,112.983945242
2333,95.6547121958
2334,103.665153217
2335,111.743642804
2337,113.986343989
2338,92.274449621
2340,112.981263776
2342,96.1885864838
2345,93.0970336459
2349,96.5150494214
2351,78.0305828022
2352,94.9247457209
2354,111.407708312
2355,116.706966267
2357,113.498158093
2358,94.5825763193
2360,92.9937421201
2361,111.405347893
2364,94.2453681859
2366,96.5392557111
2369,104.255933582
2370,95.3083864778
2371,112.355237058
2373,121.244993812
2374,96.5653338298
2376,112.587833522
2378,113.753973275
2382,95.5701206302
2383,93.8697269457
2386,102.397214881
2387,94.9070295207
2389,94.334384016
2390,114.771474962
2392,91.4787305797
2398,112.961810374
2399,95.157762302
2400,96.4371991378
2401,112.061317278
2402,94.7537044559
2404,93.1119288979
2407,115.439990946
2408,112.064129647
2409,113.84505415
2412,81.2983526502
2413,94.949996422
2415,95.3916330743
2420,111.609162498
2422,94.1701828573
2423,103.804471865
2426,95.1381109827
2432,94.7730730766
2434,92.947607739
2435,95.1420221516
2436,112.014033412
2438,113.015479801
2440,112.375849864
2443,94.9558421882
2444,93.294720678
2447,105.023825087
2450,95.5072296862
2454,93.6613243357
2455,111.854961473
2459,95.6124547282
2460,112.39581664
2463,93.6855604373
2465,94.1057934814
2468,78.2500736598
2469,94.6792768533
2474,93.9535310062
2478,93.7010619484
2480,94.4407994656
2481,115.935348397
2489,94.9867095016
2490,107.673840619
2492,93.0766675845
2496,95.6000492948
2497,112.906477445
2500,94.5723580449
2505,94.9821038651
2507,91.6961225463
2508,113.484912023
2509,95.5532556666
2510,80.1568656808
2513,93.1645901214
2515,94.9779897206
2518,93.8244496623
2519,111.378284285
2520,93.8237820186
2521,114.772265981
2523,111.580860837
2525,95.8437625827
2529,112.827103265
2530,94.6619186765
2533,115.177778398
2535,93.0231334937
2538,102.933375742
2544,113.470267498
2553,112.45386075
2556,92.8822691945
2558,94.749771293
2559,118.080482665
2560,93.4715154388
2561,111.168576897
2562,94.395025019
2563,112.478798316
2564,92.7644916465
2565,111.79837596
2567,105.012452406
2572,93.7183021013
2575,94.6547693281
2576,112.333655626
2577,92.242801286
2578,93.6533208099
2579,112.009990895
2580,93.1093611277
2582,114.004222646
2583,93.9472138994
2587,93.1384359536
2589,111.016547136
2590,95.5039691483
2591,112.806309886
2594,95.186660268
2597,95.8371700949
2598,103.875810341
2599,93.8551252306
2600,103.075818252
2602,112.857965644
2603,93.7079053703
2604,104.081319768
2606,109.346605123
2607,77.8934039099
2608,96.3707046806
2613,112.844768408
2614,94.8712264376
2615,111.844634162
2617,114.134342071
2620,92.3465652968
2623,112.600635596
2624,94.0580202575
2627,112.840073116
2629,77.8860269276
2630,94.4932721495
2632,94.9311260278
2636,92.2851692302
2639,93.2137955606
2640,103.365419053
2642,112.789205671
2644,104.470033032
2646,108.513580494
2647,93.1490234767
2649,94.0453679707
2650,110.495519428
2652,103.741566804
2653,102.441767199
2655,113.008058217
2657,112.27012194
2659,110.794035218
2662,93.7790930154
2663,115.269461098
2664,94.5316451211
2665,103.106854349
2670,95.4828581917
2671,103.101017827
2672,93.5939984408
2675,103.733857318
2677,108.02380314
2679,112.622329637
2683,112.734002671
2684,95.904792223
2685,93.2370434957
2688,103.301333723
2689,95.5118559674
2690,102.866404058
2693,94.8901321174
2694,112.654482949
2697,103.447539747
2699,93.4889401566
2703,94.496199437
2705,102.568205405
2709,80.0052624735
2710,92.6055741083
2711,112.925837017
2712,91.6825398771
2713,94.5086762308
2714,113.608065916
2715,92.5500973584
2717,92.0256857346
2718,112.396821339
2720,111.396660089
2721,93.5212506573
2726,94.8949457719
2728,93.4206398279
2731,102.482658029
2732,110.859406389
2734,93.1615827141
2736,102.677162708
2737,94.6520558899
2738,102.308934646
2739,113.370837932
2746,92.3617818673
2749,102.804964316
2751,117.66095385
2752,104.424249528
2753,94.2564817838
2757,107.587601775
2758,94.927581461
2759,111.791663276
2760,93.8892057267
2762,110.59755115
2764,94.2119937202
2765,111.270199803
2769,113.040494348
2771,113.69521044
2774,94.8175682559
2776,91.9893608974
2777,113.884793804
2778,92.9913306833
2779,112.926127106
2782,91.3821232197
2784,92.8024305677
2787,93.0924517974
2789,91.4910948016
2792,93.7700563595
2798,96.6214643187
2799,103.30024807
2800,93.3698511135
2801,80.5729817022
2802,93.48189828
2804,93.7048803546
2807,104.114625526
2808,95.1267060682
2809,118.922997436
2811,114.671695346
2812,94.485240563
2814,91.6107349533
2816,93.7170505467
2817,112.801627853
2818,110.799392152
2820,112.349627199
2821,79.5997005061
2822,94.1630174565
2823,103.343948308
2824,93.7474167165
2826,90.833365142
2829,93.2499480512
2834,92.9313255392
2835,77.8046796813
2838,97.1539448288
2839,111.329661454
2840,91.4151544049
2841,110.356382074
2842,94.8791445117
2846,112.753154592
2848,94.3226462045
2849,92.4868720234
2850,113.562446502
2851,94.1742779328
2853,93.1990510284
2854,112.718134762
2858,114.323973004
2861,92.4205437711
2864,92.3470049629
2865,115.201711388
2866,110.74949936
2867,92.3339842281
2868,112.134473232
2870,112.10504842
2877,94.2714065696
2878,112.755893547
2880,111.813759964
2882,77.531019486
2883,95.5594963848
2884,103.161047824
2885,92.6603285325
2887,94.2483751803
2888,109.78834631
2889,94.7068431519
2890,104.204020773
2891,93.4753027938
2892,116.472714573
2893,95.2736931937
2898,114.537972317
2899,92.3365285001
2900,114.687091569
2901,95.2957738711
2909,94.4323173499
2910,111.36852508
2911,111.498714293
2913,112.717857394
2914,94.542195913
2918,92.785243702
2919,111.348220243
2920,93.4330647244
2921,112.741443601
2922,94.9214767772
2923,102.889894598
2925,114.02018292
2926,92.9901601172
2927,113.309531264
2929,112.318084884
2933,94.7282327978
2934,113.157059959
2936,111.736275644
2941,100.734554802
2942,93.476996593
2943,112.884137514
2945,106.459781806
2950,93.5605686933
2951,112.185411617
2953,118.93934114
2954,94.7214799956
2955,104.148392066
2956,96.8862423455
2960,96.4349656066
2962,95.8321817593
2963,105.823644632
2964,103.999708385
2966,78.7021407643
2967,95.3218474765
2968,113.360683693
2969,92.7980164966
2971,93.4365027887
2972,95.542510962
2974,93.5744800804
2975,113.089552242
2977,117.773824632
2980,113.223574263
2981,94.5093496166
2983,95.2370354305
2984,106.819581481
2985,117.602930293
2986,104.608383314
2987,95.5374906319
2989,93.8661358209
2990,112.081276014
2991,92.8431685858
2992,77.245367014
2995,103.893852031
2996,105.796909401
3002,113.245956901
3004,114.904900205
3005,117.032212944
3006,95.0433660928
3010,96.1788741072
3011,104.201284805
3014,93.5068016419
3015,93.4306811379
3016,94.9289416826
3017,115.118519184
3018,92.6259950645
3021,103.921768955
3024,104.279212985
3028,93.0038623135
3030,93.4530532922
3032,94.2220076884
3039,94.9321515203
3040,106.151170759
3041,96.5279020217
3043,94.3683725126
3044,112.818437328
3046,111.536227551
3055,92.006835408
3056,114.328979885
3058,93.1258518131
3059,111.547476023
3061,117.319030341
3063,105.325444668
3066,95.0876564432
3067,104.264791429
3068,78.8219103711
3069,93.9505302534
3072,114.743108623
3073,113.491097985
3074,92.7883080311
3077,93.9934000671
3082,96.6964790333
3084,103.863955119
3085,112.828585934
3088,104.867100382
3091,94.2437917097
3092,113.102610826
3093,96.1414027781
3094,102.907172157
3096,112.593328603
3097,93.739833147
3098,78.117494127
3102,114.50470383
3106,93.3975337716
3109,95.1958652668
3111,93.0818973667
3112,116.996330093
3113,94.5511747304
3115,96.7468790903
3116,111.42259272
3117,95.7032034781
3121,114.310422669
3122,91.8992167169
3123,94.3047093184
3124,106.713230757
3125,94.8923832348
3126,101.928514319
3127,116.528755676
3129,95.5060192357
3130,111.413855272
3132,106.087743852
3134,107.593166903
3135,95.5153888887
3137,79.4426165764
3138,93.5714784586
3140,95.4569146415
3144,113.330652055
3145,94.4374352989
3146,112.212814021
3147,95.5217030675
3148,104.84419342
3149,104.076016558
3150,112.473691506
3151,94.791319855
3152,96.1467892
3155,96.9063073512
3156,114.006061863
3159,93.0140874674
3161,94.0503981932
3162,106.340509485
3163,95.4270223012
3165,102.328411726
3172,92.5243718243
3173,111.709035799
3176,94.3952693073
3177,104.626582529
3179,113.021139861
3183,93.4132904608
3186,94.3961880277
3187,104.012742192
3189,112.470466319
3190,94.8603581898
3192,116.506947796
3193,92.5173333733
3194,113.577048552
3197,94.2171791476
3198,94.6390211677
3200,95.646866285
3201,118.336337039
3202,94.6377665369
3204,94.6890027003
3205,93.6003063162
3206,114.584020246
3208,104.589177815
3210,103.796256614
3211,93.2286273371
3212,117.268384504
3213,92.7541213477
3214,111.907724817
3216,104.640885784
3219,94.5951908204
3220,112.966205908
3221,94.5149622004
3226,109.329642803
3227,95.1337556534
3228,113.494727413
3229,93.7407284726
3232,77.9351861662
3233,95.0095384379
3234,92.2108460199
3236,95.8323712153
3238,112.950974988
3239,111.600238921
3240,90.8300670886
3247,110.976559742
3249,104.104342032
3252,117.90236011
3253,95.0399507181
3254,103.431298969
3255,93.7015156146
3256,113.543648597
3257,93.9022412491
3262,94.7633564351
3263,104.082928362
3264,96.7829498467
3266,112.660149587
3267,93.4411413071
3269,95.2840996212
3272,117.506677624
3274,94.1913704172
3275,103.048689517
3277,94.1810281289
3279,97.2275129042
3280,105.333729221
3283,96.1041902646
3285,94.6610835673
3287,93.3315663203
3288,104.190673519
3290,105.73213557
3291,93.4818860402
3298,111.829971476
3299,94.8865502153
3302,113.266087844
3303,95.0136274694
3304,107.129498311
3307,93.0228482626
3309,92.6217744019
3314,78.5865008341
3316,114.596816709
3317,94.9150925093
3319,94.6217024976
3320,112.797558166
3321,94.2922322995
3322,105.924929476
3324,92.1512252007
3326,93.5566035174
3329,110.946365316
3330,93.0537938454
3331,113.059171878
3335,116.870290123
3337,95.4807166811
3338,105.51889724
3339,95.0944675644
3340,110.935076452
3341,95.1358074887
3343,95.5972084492
3346,93.5388414551
3348,94.4609981007
3351,104.176304194
3352,117.333235366
3355,93.3865331711
3356,113.078048132
3358,105.270689868
3359,95.6679506735
3360,109.3388142
3371,113.726777854
3372,94.8996395849
3374,96.1001036946
3377,112.497497973
3378,92.8968623843
3380,103.658804456
3382,95.0279991881
3386,94.1505755664
3389,112.666977671
3391,104.124979135
3393,94.9843593325
3394,105.072989778
3395,94.4236978258
3397,113.134682113
3398,95.8367530987
3399,80.7867383434
3400,95.4160320325
3404,103.559399631
3407,111.700451153
3409,105.867425354
3419,94.9082398973
3421,94.2845829467
3425,95.8467084832
3427,81.2646875752
3428,117.461267756
3429,112.467440203
3431,90.803759584
3435,95.3807596068
3436,113.125174676
3439,98.692742611
3441,92.6601847385
3442,117.45657295
3443,94.7096275857
3444,103.052885242
3445,93.3630634639
3446,112.227316476
3449,93.3194521106
3453,93.4394297445
3457,92.1018811698
3460,103.956965036
3461,94.4484151521
3462,92.8165890288
3464,105.197795217
3465,78.6955660662
3466,94.4407792773
3467,104.9189457
3468,95.8119648253
3469,104.542517327
3470,103.627139011
3472,113.064187639
3473,92.9476577609
3475,93.1015440432
3476,112.175184579
3478,105.608684935
3479,96.1121979996
3483,93.8037735618
3484,103.607759594
3485,95.3867988387
3487,94.5961173255
3488,112.114476892
3496,112.331084791
3497,93.3740835082
3499,95.5512334085
3500,78.3470773578
3501,94.8970274838
3504,95.4520663957
3508,105.127091159
3511,93.5390479612
3512,115.554025167
3515,94.3662389965
3517,94.1081020936
3518,104.56933278
3526,112.575734639
3528,125.467643568
3529,93.5169931381
3530,111.808374326
3531,95.2774524228
3532,114.329311949
3533,93.653551854
3534,93.9853388262
3535,77.3601119089
3536,95.0455688759
3537,112.149196429
3538,93.8976502067
3539,110.791218056
3540,106.108508436
3545,111.774046869
3546,91.9782776942
3550,104.861256809
3551,93.7426326211
3553,96.2061746837
3554,103.925437462
3557,94.1677954468
3558,112.872325675
3559,93.2825729604
3561,95.3082626278
3562,113.079350693
3563,93.5543839483
3564,104.10487007
3565,93.3228206173
3567,92.2224172155
3571,104.102522817
3572,94.4673153023
3574,94.8007582204
3576,94.9869816776
3577,112.832374693
3578,94.8467343902
3579,94.6289091707
3583,93.9689973623
3585,94.445512959
3586,104.784156946
3587,111.921893278
3593,94.2275671392
3594,114.540264205
3595,94.7526194817
3599,95.2238971792
3600,103.65841571
3601,113.020924793
3602,93.2681517592
3604,94.7802729419
3609,117.75542616
3610,111.146603724
3612,112.88127018
3614,115.676712242
3615,95.8085507949
3617,97.7367076976
3618,111.878946595
3619,111.697599978
3620,111.931585427
3621,95.3363986128
3625,96.7403543757
3626,103.133147985
3630,103.235642339
3631,94.5635071217
3632,104.928132767
3633,95.9111252307
3634,112.690607321
3637,93.9189602139
3639,93.3001799089
3640,114.411648279
3641,94.4188895712
3644,112.868160317
3645,94.1514931438
3646,93.8866479353
3647,93.9086871987
3648,112.865419368
3653,112.767749991
3654,95.8045515697
3655,114.0238388
3659,101.849366673
3660,96.133814544
3662,113.06780181
3666,94.7971511098
3668,95.8099210633
3671,92.4566978973
3673,93.6000239257
3674,112.669140115
3675,94.120993247
3681,92.0782030124
3682,112.043760805
3686,111.756342898
3687,90.4542334142
3692,78.0149290713
3695,113.125445797
3696,95.248704957
3699,115.326665246
3705,113.019595556
3707,77.7827809542
3708,94.6981036695
3709,112.671978438
3710,94.0987377437
3712,94.1619738015
3715,112.700908568
3716,94.1017891558
3720,112.620324005
3722,77.7777503023
3726,95.065513905
3728,92.6027645094
3729,113.952041395
3731,103.016411815
3735,111.827345009
3736,96.8856096797
3739,101.599130771
3741,110.885846068
3743,102.108930702
3744,93.81716705
3745,113.309960678
3746,93.8553857404
3751,92.5280675347
3753,93.794413594
3760,110.986808683
3761,93.5493639614
3762,111.135318291
3763,93.7415085731
3765,92.5712132547
3768,112.817563982
3769,93.7544906256
3770,106.474921134
3773,111.426905159
3774,95.0040877394
3776,94.7485487046
3778,92.0598814322
3779,110.869387177
3780,91.4324192431
3781,111.358738165
3782,94.9052321783
3783,112.115356579
3784,93.8776217916
3786,94.1987347427
3789,108.055602027
3790,94.59582259
3793,112.174953718
3795,111.213699623
3797,94.1880989461
3798,116.490853027
3800,112.156779799
3804,95.6087865486
3810,93.583146949
3815,111.900976261
3816,95.6047623297
3818,102.048902274
3824,112.100337467
3828,101.946050066
3830,110.42800686
3831,95.0007510315
3832,77.189367685
3834,111.461685142
3835,92.4249415433
3836,111.42768503
3838,93.6362106281
3839,116.218485512
3840,112.558387669
3845,92.0378140388
3846,110.102745474
3847,93.1510528119
3849,77.8721265058
3853,110.732584826
3855,104.164380917
3856,93.9935456957
3864,77.5269725709
3865,93.1849287581
3866,111.237716134
3867,93.1221381041
3868,112.13397332
3869,94.4256873563
3871,94.2048031431
3875,102.988824555
3876,93.2910672768
3878,92.7827324315
3879,111.167255463
3881,112.129616612
3883,112.187890688
3884,92.5948038666
3886,111.699096639
3890,93.6158725604
3893,106.250340605
3897,105.287765124
3901,93.2774117058
3902,110.563447385
3913,109.055047816
3914,93.0864539387
3916,93.3661682634
3917,110.432181534
3924,104.284047028
3925,94.0456196953
3928,95.8181424169
3929,111.12019683
3932,91.9030495215
3933,103.752696376
3934,78.3202949065
3935,91.8865394722
3936,92.9103210096
3937,110.264056772
3938,91.8188264394
3939,111.585055645
3943,91.9023088646
3944,112.251688592
3945,111.123938723
3946,95.180804476
3947,112.067365114
3948,94.9457080462
3949,112.064951044
3950,93.0660789731
3951,111.558316249
3952,91.9978039415
3953,112.152646526
3961,114.146927447
3962,93.2516000893
3966,93.2985281076
3967,102.641325609
3968,94.4246138119
3969,111.178417262
3970,94.5852310399
3971,106.471013831
3973,91.2724134355
3974,112.057602971
3975,112.60668341
3977,96.6980171298
3979,111.53634017
3985,93.7630875973
3986,103.10608441
3988,111.385444954
3991,94.1309051309
3992,103.14154946
3993,94.0052036112
3994,95.135874855
3995,111.920697965
4005,111.231865364
4007,93.8535675121
4008,102.299206309
4009,95.6463881888
4010,111.270107496
4011,78.2994528584
4012,92.8607056367
4013,104.708505112
4015,112.709639703
4016,110.237599129
4018,112.09223541
4025,92.8811458826
4026,113.066812301
4028,114.336249036
4029,95.695490389
4031,91.4918604119
4032,111.009769941
4033,90.3605424732
4034,104.372327861
4037,92.6566410835
4038,102.450208997
4039,93.8753661296
4041,94.0072711568
4042,110.04309128
4043,94.2334589684
4044,103.715464409
4045,91.7422571446
4046,113.932071801
4047,96.6874004077
4048,106.054309781
4049,94.2296092768
4051,93.836380781
4052,112.691516333
4058,103.102085052
4062,108.401958698
4064,110.159804776
4067,93.6297728132
4068,77.4920695635
4070,91.9113956522
4072,115.410073419
4074,110.868127586
4075,92.3883994818
4076,110.854728026
4077,94.6546649836
4078,112.605404419
4080,103.703397324
4082,108.998093322
4085,93.1095236295
4086,113.733615575
4088,113.046021867
4089,93.1337830928
4092,77.2226698089
4094,94.3576580272
4095,111.339340765
4096,90.5263131158
4097,101.581964153
4102,92.2953320773
4105,110.973236745
4107,111.479068541
4111,93.4818094256
4112,104.071955447
4113,93.570853772
4114,113.954135485
4115,92.4708030148
4116,111.568500953
4117,94.1608764648
4118,94.3506846768
4119,110.940786544
4120,92.5739447741
4122,78.7724304543
4125,92.0898068707
4126,112.503365975
4129,111.293295858
4134,112.886889686
4137,93.0016890471
4141,103.195301919
4142,96.3621324354
4144,93.7254557518
4145,104.209930498
4146,94.7705693025
4150,92.8456137696
4151,78.7345721626
4154,93.6006873847
4156,95.5663778222
4157,111.377620283
4159,110.189639325
4160,93.4877549645
4161,110.933157439
4168,94.1307981935
4171,103.432399937
4172,107.182054989
4173,94.8787999206
4175,91.1103022167
4176,103.671200088
4177,93.7143847674
4178,100.135255738
4179,93.0265036048
4181,111.109597823
4183,95.6438427678
4184,112.808292923
4185,92.4868251787
4186,111.832040846
4188,118.980309002
4190,110.663291707
4192,92.1732056963
4193,105.733504548
4194,112.783332487
4195,93.9433335652
4196,77.2591456976
4202,95.8207839152
4203,105.701942214
4208,94.7289140867
4209,113.058252748
4210,95.6176904429
4211,109.48635836
4212,116.543861742
4214,104.707305551
4215,94.5161332575
4216,111.525581543
4217,92.6935313008
4219,94.7297664432
4222,110.168464843
4224,79.2631157092
4231,103.729204579
4232,95.6274112053
4234,93.6083225623
4236,93.6945916902
4237,103.224724647
4240,91.8129700165
4242,104.80974026
4243,94.2219768801
4247,92.5033114398
4248,111.268105239
4249,89.155681435
4254,102.994023393
4263,92.9366696525
4265,110.536633709
4267,110.518095024
4268,111.667669597
4271,111.684479776
4272,93.8140509926
4273,110.371183474
4274,92.8190274366
4276,94.374109705
4278,94.0411027913
4280,94.123689104
4281,110.58175089
4283,96.4877318994
4284,110.996610955
4285,95.5013567155
4286,111.541686771
4287,93.1064261422
4288,113.055887493
4289,92.3038959394
4290,79.5859885975
4293,93.6393118195
4296,111.492945641
4297,93.5247799365
4299,92.765364362
4303,113.667882653
4310,93.6163429688
4312,103.694437204
4318,104.293402186
4320,109.496297217
4322,94.463871542
4323,119.487410212
4325,105.368994841
4326,112.508075063
4328,103.868500332
4330,104.695471433
4332,111.328531541
4333,93.026071593
4335,93.9217752073
4336,110.391083495
4338,106.135219668
4341,95.3134933423
4342,105.20500948
4344,104.101679009
4347,96.523205219
4348,104.892668521
4351,111.741605184
4352,95.4609087634
4353,113.801186838
4355,104.937642495
4356,94.114416956
4359,103.99456648
4360,95.2233315027
4361,94.9599233062
4364,96.1722328529
4365,104.771576552
4368,95.2520754964
4372,94.2526256713
4374,91.864197959
4376,95.272540775
4377,103.832861153
4380,94.9787197024
4383,106.714659585
4384,95.1012051649
4385,104.196245273
4389,93.1838181238
4391,95.2911545259
4392,112.201790145
4393,93.7531253285
4395,94.6039347138
4396,113.241217834
4398,113.653241428
4399,104.787834111
4401,93.2459404953
4406,95.6361630588
4408,105.26489548
4412,104.871204408
4415,95.179591376
4418,113.817193581
4419,91.8491058326
4420,78.7774204431
4422,113.186734226
4423,91.847760704
4425,94.6888827032
4428,113.75976282
4431,112.789492248
4434,92.6809110807
4436,95.5034345122
4437,110.502353734
4439,117.304913625
4440,94.9299180462
4441,113.326970431
4444,94.5915837029
4445,105.725837048
4446,94.7349168505
4447,114.142426238
4452,103.744192699
4456,113.154657527
4457,93.4649160689
4458,112.458319417
4460,94.0795252315
4461,117.144606836
4462,94.4065626525
4465,103.378920792
4466,104.840745481
4468,96.0140467135
4469,104.425362823
4472,112.331279175
4475,94.9583243034
4478,93.4149688475
4479,112.101674182
4480,93.2392046724
4483,79.8168139273
4484,93.7906038104
4485,104.949321368
4486,95.5079698589
4488,94.0576723343
4489,106.109841147
4490,94.9899548662
4491,108.608421501
4492,95.9107400593
4493,111.382516543
4494,95.1094848375
4495,103.271179688
4498,79.4343769597
4499,95.3304372722
4500,102.617366301
4503,112.429906821
4505,103.723110009
4506,94.2136691519
4507,95.5285973754
4508,104.229678894
4510,112.18766793
4511,92.7068873214
4513,96.3584595877
4516,78.5444846239
4519,94.1138969759
4521,93.9904663589
4531,95.0138351466
4532,78.9942708282
4533,99.9777249079
4534,111.868108524
4536,104.220285306
4537,93.4380775696
4539,96.1916167317
4542,103.23127265
4545,92.7817781492
4549,94.2129921137
4551,94.6754165073
4554,103.578562626
4556,110.997513679
4559,113.086878534
4561,112.463273106
4562,109.24021216
4566,114.915952345
4569,93.5015149888
4570,113.182841716
4573,94.6928114656
4574,105.836956342
4575,94.9842877838
4577,94.7893927106
4578,111.144849418
4580,111.838295933
4582,93.8859742656
4583,113.132760302
4585,95.1261049584
4587,104.203184809
4595,92.7995338767
4596,114.240740237
4601,94.7364609173
4602,111.994513856
4603,94.791723926
4605,113.804107109
4606,93.0171956003
4607,112.026796899
4608,94.5223908538
4610,96.7149820843
4613,103.345937633
4617,93.1535913839
4618,110.361925825
4619,92.5110321398
4620,94.7155284591
4622,98.0975042305
4625,94.024178787
4626,104.190105113
4627,95.5182390404
4629,94.4561746356
4631,94.0055314944
4633,104.187757473
4634,120.105433185
4635,93.6926616975
4639,93.036239621
4640,105.507384324
4642,103.781331119
4644,112.812731186
4646,104.183397087
4647,96.9686035422
4648,79.4260206233
4649,94.0893245933
4650,111.296024632
4655,94.1774432715
4660,94.6509008204
4661,116.797874564
4662,90.2537990128
4663,114.463986358
4665,96.4151646005
4666,111.741422105
4667,104.167346062
4668,94.2909285624
4670,93.1978767804
4671,115.060432003
4672,95.5609152519
4673,103.47497254
4675,104.604435834
4676,94.3524630797
4677,110.411357258
4680,95.9053942722
4682,94.22699557
4683,115.175322682
4685,104.77965715
4686,94.155908022
4688,114.591277066
4690,113.38914875
4692,112.782199088
4693,94.4605327231
4697,95.6556995741
4700,112.410385531
4702,111.371307688
4707,118.350732572
4708,95.4887560977
4710,80.2757417028
4716,98.2312849769
4717,97.7311749354
4718,96.4156477752
4720,97.1795581203
4721,80.8791626626
4723,96.998361576
4726,113.998565814
4727,93.9092199234
4729,95.8786259149
4731,97.3187990123
4732,116.720457151
4735,95.5298669159
4736,106.626502439
4737,96.2391954325
4738,113.607051
4739,112.673814394
4744,106.44361216
4747,95.675184415
4749,114.553502693
4750,95.4746737122
4752,114.568914416
4755,96.5951666293
4756,104.40326096
4757,114.324766554
4758,95.9665565732
4759,104.418601448
4763,97.5287262286
4764,104.239280196
4765,96.192380754
4766,95.7939473349
4767,115.310027606
4769,113.381301642
4770,94.380561669
4771,81.9217032676
4772,105.633392469
4774,115.176471784
4776,114.312035147
4777,111.437649504
4778,96.5024291945
4780,95.7372861406
4784,96.5051191556
4786,96.2943059907
4787,80.1966605655
4788,97.2666730538
4789,114.556505371
4791,106.586614193
4792,96.8638072525
4795,113.501123096
4796,94.0028363478
4803,94.8736772462
4805,98.2921853781
4807,95.7601305886
4809,94.8069254133
4816,95.5073627144
4817,81.2765790211
4818,93.9154856353
4820,95.8578891344
4821,104.82389138
4823,114.124793418
4824,98.1146765042
4825,113.731122807
4829,104.009883507
4830,98.1982844274
4831,115.231690378
4833,106.537015814
4836,95.0773917827
4837,114.541322453
4838,94.9828192954
4840,98.4975262353
4841,79.1936246022
4842,93.8643560113
4843,113.895313126
4844,93.5554931093
4849,113.574603131
4851,106.21350612
4852,96.8447185989
4858,94.5144072903
4860,98.1882231246
4863,114.997799114
4864,96.4206015901
4865,113.241669578
4867,113.235461634
4868,97.4493441306
4869,113.974205464
4873,93.6434864254
4875,98.6425660777
4876,114.294445456
4877,91.4074597352
4878,112.443081437
4880,80.0119701593
4886,113.361947659
4888,105.952086953
4889,97.2872991577
4890,115.186370608
4893,96.8739753407
4895,94.9467313119
4896,105.460129896
4899,97.206287114
4901,95.1594431072
4902,112.354829678
4903,95.2197844225
4904,114.517956688
4910,95.1966519634
4912,94.0359754982
4915,97.3059897255
4916,106.985055726
4917,95.3033455646
4920,105.58375579
4927,105.178985409
4928,94.5822489085
4931,105.572088698
4934,94.3734893169
4936,96.2082947977
4939,115.275232385
4942,116.863478046
4943,98.0067617854
4944,103.730962256
4945,96.4055356851
4947,111.777741154
4948,93.7560102547
4951,96.0583909068
4952,114.50183896
4953,93.7330322253
4956,95.2020404363
4957,116.134913578
4958,92.7180223987
4960,95.9675031848
4968,95.5962977662
4969,105.892906606
4971,102.966952412
4973,115.156079898
4975,114.971014519
4976,96.9826242491
4978,93.7681986922
4979,112.91500237
4982,96.7912638678
4983,111.747577685
4984,96.1811916068
4985,118.461393764
4986,93.4460080498
4987,116.390913365
4988,95.9014573979
4994,96.4683901941
4995,97.3738547091
5002,80.2703368498
5004,95.6048008159
5005,103.816997579
5006,96.0244445227
5007,105.292813228
5009,114.554853206
5011,115.143342255
5014,95.5383992837
5015,106.529539443
5018,94.1832439915
5019,113.608092616
5020,93.4395091972
5021,112.929130334
5022,98.2707628744
5023,95.6752100216
5025,97.7753496549
5032,97.4936385797
5034,95.991235339
5036,94.5081992465
5038,96.6378311214
5039,117.651984714
5046,97.4900850108
5049,113.598030956
5051,95.5251602142
5052,93.7305628099
5053,115.082902576
5054,97.3547503421
5055,95.8002258001
5057,94.7560771057
5059,93.5711432326
5062,98.699327838
5063,114.502071807
5065,115.110701718
5069,95.4979088047
5071,97.0260085706
5074,116.66131472
5075,94.7561985339
5076,115.591199333
5077,79.7419321276
5079,106.426126993
5080,94.9517414912
5081,114.504778832
5083,104.624161306
5088,105.4608671
5089,94.9889017216
5093,111.633612316
5094,106.017718941
5095,96.0147546906
5099,112.914547782
5101,113.963137047
5103,103.997469546
5104,92.8902486081
5105,112.739300763
5107,94.8422403043
5108,114.413908505
5109,94.7442488474
5111,93.3932953752
5112,112.114768388
5113,95.3459241334
5114,107.769362941
5115,95.3226184624
5118,96.8512910122
5122,96.8988252911
5123,79.5062630635
5125,95.8658371702
5127,104.783847036
5128,95.8822134196
5129,115.490700733
5132,95.5490569554
5134,111.146276522
5135,95.1937900055
5137,113.9562576
5142,94.0259214808
5143,102.856527986
5144,96.7842754396
5148,93.6169618059
5149,95.9778660028
5150,106.027794279
5154,79.6297912471
5155,94.1991427881
5159,94.2017447384
5164,95.6735919031
5165,114.900220637
5166,92.5559809666
5167,114.217904974
5169,93.3254007167
5171,94.0543808924
5172,112.670162797
5176,95.5862808077
5184,109.491305297
5185,94.2003241706
5186,112.125153046
5188,106.29405245
5189,113.573129333
5190,94.5938861551
5191,114.89149828
5193,113.092011227
5196,95.3257628061
5199,77.6710255289
5200,106.008816929
5203,93.5974446402
5204,112.473618126
5205,94.1241063132
5207,95.401249064
5208,111.51468732
5212,95.8408789793
5214,95.8211035429
5218,95.3058018683
5220,95.3968778796
5222,93.873217709
5224,97.1976055317
5225,105.048218325
5227,113.5487576
5229,104.999394929
5232,93.6662476291
5233,119.008705531
5234,104.276915808
5237,114.017692436
5239,117.065215897
5240,94.3842511831
5241,113.100506904
5244,93.5126289474
5248,112.41544012
5251,92.7850323316
5253,95.3458100854
5255,96.6531700206
5256,103.201312933
5257,96.6180991924
5259,96.7421918991
5260,112.284290762
5266,94.9740778372
5268,94.1773866034
5275,114.005768804
5276,113.699962624
5277,95.3195840944
5279,96.3170080494
5280,104.864394518
5281,96.0601199942
5283,97.2325133821
5284,78.7543841715
5285,96.8434121459
5286,103.127738323
5287,93.4947190665
5289,93.8765617925
5290,113.059438352
5292,106.75850544
5293,95.0553690642
5294,103.76082033
5297,94.4603257457
5299,104.920124765
5302,95.768572746
5305,76.5591567898
5306,96.2044071652
5308,95.434123917
5309,95.8329605089
5310,115.939405339
5312,113.218146163
5316,114.912770229
5317,97.2059629499
5319,79.1358275038
5320,97.2433046699
5323,93.6312488707
5329,114.599848728
5331,112.627504941
5334,112.499869847
5336,113.678923304
5338,105.379105413
5341,96.7701016317
5345,96.980571434
5348,94.4849752975
5349,113.47094803
5355,107.87725446
5356,95.3716244783
5360,106.739987368
5362,111.667514831
5364,112.892696788
5366,106.837468324
5367,94.5798858581
5368,96.1264920269
5370,95.1189027918
5371,79.5285979097
5373,105.205658199
5375,113.97146663
5376,93.7502769565
5378,112.704841112
5379,94.8759399522
5383,94.9236180448
5384,104.726103057
5389,112.510511805
5391,78.6545568891
5393,110.784475481
5395,114.942341926
5397,111.511535709
5398,93.5067168544
5399,113.667339302
5401,117.763319543
5402,92.7175297927
5403,113.196204007
5404,94.918827214
5407,79.007905593
5408,94.3999287357
5413,113.168084366
5414,94.5370492441
5417,94.629963286
5418,106.716070637
5420,113.770698572
5421,93.3963511686
5424,95.0331796702
5425,112.399498672
5426,94.1259250081
5429,115.064650077
5431,93.0033375311
5437,102.446304231
5440,92.7844590076
5444,105.974924497
5446,105.601055458
5447,94.2076787852
5451,95.1449994286
5452,97.0883694916
5455,104.202987461
5456,94.9526020435
5458,92.8584480704
5459,114.342150879
5460,97.1452005931
5462,95.9419599608
5463,111.848025896
5464,93.2154652168
5465,113.986162629
5466,97.0682738199
5467,105.216786274
5468,94.385296235
5469,115.252938531
5472,96.0017242015
5474,92.2670972384
5475,115.211596819
5476,96.5960412499
5479,104.732241698
5480,114.367591604
5482,112.287390386
5485,94.6156050117
5486,117.503138924
5488,80.063084989
5495,104.910184291
5496,94.2726816192
5497,113.160531768
5499,113.931803867
5503,93.1012999341
5504,94.9631201844
5507,96.5863851527
5509,95.1016127209
5511,94.9148506941
5512,111.870331827
5516,113.411265342
5517,96.7679832703
5518,105.880172289
5521,95.6674094566
5522,104.804145831
5527,96.5657627548
5528,95.5284143607
5529,112.522607055
5532,95.4631763904
5533,113.854562974
5535,103.877209795
5536,103.286075401
5540,94.4381776273
5547,95.232665521
5548,112.303530618
5550,78.3612754585
5551,94.1833019056
5554,111.208529424
5555,95.7593462218
5559,112.011021348
5560,96.0597663327
5561,112.575607446
5562,93.3224514704
5563,112.887528427
5565,80.8450703636
5566,94.649278156
5567,104.9570927
5568,93.7696469364
5572,94.9466769271
5574,94.641904166
5576,93.3158587399
5579,112.873448146
5580,77.7534959381
5581,94.7111043854
5583,94.1224777604
5584,113.792742271
5586,114.047151213
5587,95.8841927896
5589,102.355773099
5591,103.374948473
5592,92.133155649
5593,115.426977283
5594,95.0908188656
5595,78.1908594306
5596,113.525059385
5597,112.539035457
5598,117.646407464
5599,95.4245502047
5602,113.486374548
5603,95.0878023485
5605,92.6245830715
5607,95.6764242014
5608,114.467388112
5609,94.2206758931
5610,93.7957370614
5612,94.2156441565
5613,113.102377023
5614,94.2048691782
5616,94.2923825453
5621,95.5067551381
5623,95.2517030893
5628,115.230999552
5629,93.2103322012
5631,95.3988115363
5633,95.5219137896
5638,105.265017569
5639,95.1228061316
5640,107.076669999
5645,94.9648200433
5646,79.0913007771
5649,95.0535114025
5653,113.293174885
5655,114.22523318
5656,95.7780948006
5658,95.037624701
5662,117.319968834
5663,93.5330030513
5667,93.4698880119
5670,95.4007353856
5671,101.918310599
5672,94.2552564073
5673,104.338558805
5674,95.7312615088
5675,105.313584158
5676,95.6537752248
5679,113.925764847
5683,113.086704464
5687,94.4517421462
5688,78.5141130852
5690,93.3116035862
5691,113.119326312
5692,94.2341992705
5693,113.504158014
5694,94.6996297913
5697,113.151414901
5698,93.980980691
5699,113.304837418
5704,94.5832881923
5707,113.91637028
5709,104.326562293
5710,96.0819469101
5714,94.2052484216
5718,94.2000352709
5721,94.8465431995
5723,94.5208342266
5724,114.127997902
5725,94.3859708239
5726,109.790315867
5729,96.7982097345
5730,105.788298836
5731,94.5735029678
5733,78.1769120644
5736,94.1727417096
5741,103.546485162
5745,112.41943114
5747,93.0112186934
5748,104.858089152
5750,112.843810985
5751,94.220095534
5752,94.0519128798
5754,93.4996032685
5755,95.0284700445
5757,95.7339634585
5758,117.609146184
5760,104.278531949
5762,103.606767569
5766,111.30828907
5768,96.9683762094
5769,118.613387703
5770,94.0918012071
5771,112.143250132
5772,94.2450775296
5773,114.727139207
5774,96.0421191715
5776,94.4668207665
5777,113.278647456
5778,94.7611679465
5780,116.641810433
5782,92.9732163595
5783,77.7205903728
5784,97.1166236162
5786,96.9376302259
5788,95.8478697964
5789,114.050296216
5790,95.2473315186
5791,104.482367313
5793,105.832657578
5794,93.8172920975
5796,117.580484275
5797,94.1551214484
5801,94.1247319421
5803,94.4128382953
5804,112.347769831
5805,93.5360258444
5806,78.9297372338
5808,112.399656975
5813,94.7299345671
5815,96.5888342556
5816,106.233233242
5822,96.2178547477
5823,113.309432203
5825,104.81714441
5827,111.330402725
5829,102.341307384
5830,96.0763689991
5831,113.08072918
5832,94.5554209116
5833,112.391273958
5837,115.77648038
5838,94.1459321151
5839,95.3132953975
5842,107.008824353
5844,112.153166539
5845,105.069645829
5846,113.498353599
5848,78.5963891927
5850,113.815929868
5851,95.4905525254
5853,96.9398677828
5854,104.723248834
5858,107.003555092
5860,112.104724322
5864,104.554105418
5866,95.8693804462
5867,113.862704361
5868,93.8545854221
5869,112.620957162
5870,94.3054672994
5871,114.57434234
5874,114.333888564
5876,112.209761305
5877,92.9645650394
5878,93.945470207
5879,112.557958927
5880,91.6453134222
5884,92.4517634157
5886,111.916328938
5890,101.54093354
5896,95.6579586026
5897,104.059910226
5898,96.9247772287
5901,106.430542635
5903,114.035871496
5906,93.6964648455
5908,113.896430268
5909,93.9515900202
5910,113.002774682
5911,94.8575531331
5912,112.38043586
5914,114.320471362
5919,114.076457532
5924,95.9790403135
5926,94.5657547423
5929,104.511377339
5930,94.0378006278
5932,97.152485391
5933,114.438320569
5934,94.6564675015
5935,112.050570704
5936,95.1807328474
5937,112.355932482
5938,93.9446666538
5939,113.25123843
5942,111.461355966
5943,96.2751139691
5944,105.034328932
5946,113.221514501
5951,93.1801834747
5953,103.803462312
5954,94.5805272265
5957,104.605199031
5961,95.0090311349
5962,105.36837986
5964,80.5186374292
5965,94.5242973816
5968,113.789501219
5969,91.6597695886
5974,93.7689888908
5975,111.638870146
5978,77.5379096542
5981,105.212020523
5982,96.4700424918
5983,113.30510634
5989,112.112776149
5991,94.6883707224
5992,103.859437062
5995,95.7441473614
5996,103.393343144
5997,110.992675993
5998,93.3688819802
5999,79.9417537384
6001,111.808103888
6002,94.2130020804
6003,107.620391919
6004,94.5637540062
6006,111.682523922
6007,92.838189858
6011,99.9634737121
6012,103.73763602
6014,94.3101303876
6015,102.727914
6016,94.179100316
6017,110.647898785
6018,96.3716689879
6024,95.0241936626
6025,103.56382975
6026,114.126943271
6028,113.09558848
6029,78.1486462343
6030,93.9039672861
6036,113.766690933
6040,92.9443625321
6041,112.282943762
6042,94.2503258853
6044,94.094504823
6045,103.884328772
6047,104.298358689
6048,92.3688329419
6049,112.294099262
6051,116.214211469
6052,112.816390559
6053,92.2465971635
6054,111.863673999
6058,105.504525509
6059,92.4707381068
6062,96.1530215316
6063,116.210540413
6064,104.079635206
6065,92.9359845208
6067,94.5024358205
6068,112.496560138
6070,105.050077753
6071,102.384392881
6072,111.341103138
6080,111.338420128
6081,94.5240163043
6084,104.71262071
6087,94.4047806935
6089,105.377150508
6092,111.334395605
6094,94.1358377941
6095,112.844955448
6097,113.029998353
6100,95.1134739676
6104,105.081406011
6105,93.161077867
6106,111.990240149
6107,78.8805209022
6108,90.2142993871
6109,111.3286942
6110,92.7122499946
6114,111.327017317
6116,93.9393839352
6117,104.359421607
6118,95.3225050355
6123,77.8236008921
6125,113.449060613
6128,106.852468976
6130,103.41725367
6132,113.505117448
6137,77.0592018367
6139,114.625355193
6140,93.8307191473
6141,112.831905391
6142,104.160343982
6144,115.290212491
6145,95.6261327372
6146,92.1939050186
6149,91.8218887784
6156,95.3341877072
6159,113.56753246
6160,93.8240127464
6162,103.160203755
6164,113.183786897
6165,92.3107579458
6168,76.936833399
6169,111.76574637
6170,94.7069924972
6171,112.623023915
6172,92.8284333082
6173,116.933855853
6176,96.1354378918
6177,91.4486096226
6178,94.0553805878
6180,95.4214033165
6181,103.720829312
6182,93.9766034625
6185,93.216821655
6186,111.631767313
6188,112.527068775
6189,96.0043347887
6192,104.676405765
6193,95.6948831297
6194,103.834355837
6195,94.5407813371
6196,114.133012569
6197,92.6566572734
6201,111.609704496
6202,93.7528895739
6203,114.733057834
6204,93.270581744
6207,117.196993039
6209,94.5137423943
6210,91.8295820945
6211,112.055183304
6213,112.603114927
6216,92.2056564333
6217,94.1921539165
6219,93.4992145731
6222,78.5039248449
6223,92.7747235534
6235,95.5008135453
6240,94.3064282452
6242,93.0863175325
6247,95.0265507701
6251,112.336218379
6254,114.026472449
6255,94.885520132
6260,102.097652768
6261,94.0440968503
6262,105.504737553
6264,111.697681547
6269,103.763991959
6271,106.642740505
6275,111.269492626
6276,92.8715347334
6278,95.8566146352
6279,111.727499241
6281,113.146913793
6284,94.332785999
6286,94.2453867439
6287,77.5397770132
6288,93.5369803335
6292,93.9995626425
6293,93.2094766765
6295,92.3902476089
6298,111.554901951
6300,110.857696652
6304,103.496290158
6308,110.782456526
6310,95.3167686736
6312,111.260612716
6320,93.8630833366
6324,91.7398870374
6325,112.238686151
6330,94.752301174
6336,111.540134122
6340,105.946733367
6341,95.4652636085
6342,103.921327468
6344,92.4573865309
6345,113.917429589
6347,111.522699323
6348,95.7197831402
6349,111.53779829
6351,78.3975327588
6353,112.514712711
6354,92.9384394819
6357,96.328854058
6358,104.31962901
6360,101.900538739
6363,114.471652524
6364,92.3031648869
6368,112.797565467
6370,92.5354276578
6371,93.6460084474
6377,93.2963354833
6379,91.2912788515
6381,94.7543852168
6382,77.7325774232
6383,110.866716674
6388,111.812719852
6390,109.442723313
6392,100.995961122
6393,94.0267446616
6395,93.0956869341
6398,102.558884079
6401,77.5732705706
6402,93.3063888348
6403,111.506339176
6405,93.1607796688
6406,92.39142212
6407,111.910342356
6409,103.34989635
6411,90.7961060756
6413,94.6066038007
6416,104.354824301
6417,91.1959284809
6418,92.8904423689
6419,116.31979159
6420,111.895390643
6426,111.225925474
6429,93.0781123769
6430,94.1456782453
6431,111.496935115
6432,93.7951734728
6434,95.879134671
6437,112.806205233
6438,93.7333445366
6439,102.42089902
6440,95.8252145121
6441,94.4448028829
6442,110.573099734
6443,94.2486347252
6445,91.6200949759
6448,112.557828245
6450,111.994463465
6453,94.3623319693
6455,91.5426877949
6457,92.3548942351
6458,111.699470603
6461,93.285553801
6464,110.969056549
6467,92.8012044652
6469,95.0722813668
6470,77.7230848476
6471,93.0756707049
6473,102.429499446
6474,93.9626575909
6479,93.2559545517
6481,93.0485639155
6484,110.696544024
6495,95.3179557726
6496,112.590713389
6505,111.382701638
6506,96.1619195627
6508,95.3801668773
6509,93.8280832668
6510,102.901153477
6512,103.774431334
6513,93.1551945624
6514,113.028388216
6515,93.6449264392
6519,95.2197769335
6521,92.9170933288
6523,76.8781971298
6525,105.623092456
6526,93.9741260622
6528,94.4832725371
6529,114.842939298
6531,102.238233848
6533,104.078634987
6534,94.4925650947
6535,111.867228646
6536,91.5124525713
6537,111.910320853
6540,94.0937394334
6541,110.813726524
6547,94.0650653984
6548,111.167986577
6551,113.07299694
6553,111.614715631
6555,103.910746275
6556,94.7492621208
6561,77.3508540449
6564,91.8017527026
6565,111.857158467
6568,91.6021046243
6569,110.530506885
6573,103.560048902
6574,94.0176993953
6577,111.314852933
6579,113.755277816
6581,91.4256232568
6582,111.803841172
6585,107.692300763
6586,94.1139629898
6589,104.410077559
6590,77.7984971234
6593,92.1722449412
6594,111.372190579
6595,92.5218052693
6599,90.0009385403
6600,94.0824609
6601,112.252104141
6602,91.5795109046
6603,112.50580951
6604,93.9175134927
6607,102.579519863
6608,102.987948615
6609,93.7176617891
6611,90.0902027137
6613,110.515758583
6614,93.4373085803
6616,92.1073903589
6617,110.514414389
6618,93.7139267608
6619,101.681202475
6621,103.888611416
6627,104.415662108
6629,110.308657905
6631,77.137790641
6634,94.4663044358
6636,93.72881108
6638,91.5787293422
6639,110.507036131
6641,111.877923332
6642,94.8156358463
6651,112.73864606
6654,78.2671375264
6657,95.5927937253
6663,92.8429347933
6665,107.952603156
6666,91.7593793925
6668,93.2864073613
6669,104.640909983
6670,92.7087814227
6671,93.1701217908
6673,93.2669191539
6675,92.4362569001
6676,77.6448452158
6677,93.7146378537
6679,94.1752448651
6680,111.883711839
6681,102.843804038
6685,103.025774375
6688,93.0476152265
6689,92.5111109268
6690,107.4308971
6692,110.489255542
6693,94.030564229
6694,93.4171891932
6698,116.234910062
6699,92.0184179807
6700,109.388760741
6701,92.2730572763
6702,110.50026038
6704,92.506067041
6707,110.796578136
6712,112.653217127
6713,93.907161023
6715,92.1778824054
6721,110.892307856
6722,92.6866169759
6723,111.806845863
6724,96.198225123
6725,116.01312721
6731,111.128182099
6735,77.5673460768
6736,92.7866358113
6737,105.426332091
6738,95.3906260666
6739,103.737133222
6741,102.869967859
6743,93.2045898525
6745,93.2605851182
6747,112.659873202
6749,92.4567973661
6750,103.877254228
6751,116.118622768
6752,95.6482062354
6753,110.468803179
6755,116.979856614
6756,92.4340243323
6757,102.62454769
6759,113.406494613
6761,93.0825085834
6763,92.9778624627
6764,117.12289715
6765,92.3852281256
6766,111.049507103
6768,110.783057836
6771,92.4835933403
6773,94.2284106999
6774,92.2112200971
6778,102.847664326
6779,94.4170794099
6781,91.2177020301
6784,91.5565859057
6786,93.1290729625
6787,110.948559953
6790,90.8639873862
6793,104.252495536
6795,110.150064434
6798,111.707676339
6806,104.086858514
6807,92.3133194119
6810,92.5795867272
6815,109.794562404
6816,91.3920423218
6817,101.240626978
6818,94.0566583364
6819,103.090903099
6820,92.3474032857
6822,91.0005310377
6823,115.006621981
6824,110.597529202
6825,92.495229503
6828,76.643274293
6829,112.049215942
6831,109.695971923
6832,90.8343122046
6833,110.124821174
6834,92.6492463163
6836,94.3102565884
6837,112.307446143
6838,92.9940727661
6840,103.010446952
6843,91.8281369495
6845,90.5178025157
6846,90.5333100348
6847,109.512562921
6851,111.364072241
6852,92.2954510615
6853,107.700605211
6858,94.7253400457
6861,111.377385572
6863,111.859586053
6864,76.7293290927
6865,93.1260271216
6866,111.68162525
6867,94.7476744811
6868,103.737988739
6869,94.3724830806
6870,110.58210511
6874,109.320419623
6875,94.5931150962
6877,110.237883195
6878,91.4839346437
6880,93.3539072332
6883,110.133775142
6884,92.5942273633
6886,93.5148115948
6890,93.2134545709
6893,110.139121599
6894,90.6711768089
6899,110.230505562
6900,91.5392904951
6904,93.1589168477
6905,110.859340055
6906,92.0445084893
6910,91.5314332442
6912,104.310708328
6913,111.125732806
6920,90.1562124131
6922,93.3552148445
6923,110.10713066
6926,90.47786873
6927,109.016035905
6928,91.3325553967
6931,110.380060848
6933,93.0740991616
6936,91.6057222343
6937,111.658614984
6939,111.540190657
6941,93.0837764916
6942,111.415797663
6943,92.5216720592
6944,100.670684744
6945,94.3428400131
6946,108.854604992
6947,115.169816466
6949,103.289739596
6951,102.211163298
6953,109.474585228
6954,92.5043826857
6955,111.121745076
6963,110.858740729
6964,92.3828516966
6966,93.4820763676
6968,90.7465465275
6970,102.507649397
6972,111.904773841
6976,111.402750925
6978,111.644065675
6981,101.120802725
6985,103.079927327
6986,92.8996383043
6987,111.665273602
6989,112.183227511
6991,114.950272949
6993,114.068324251
6994,94.1900730259
6995,109.899961726
6996,94.672160177
6997,112.495833925
6998,76.9606422814
7001,111.386770431
7003,111.070010175
7006,92.9612146777
7008,102.609376972
7010,91.070986631
7011,92.6277802675
7012,111.129926254
7013,93.3580656691
7014,111.060259515
7017,103.237354736
7018,93.6326639207
7019,89.9969609089
7023,93.5406647301
7024,101.535096822
7025,91.8889499031
7026,110.612124734
7027,92.2343461144
7028,113.57963708
7030,110.071250893
7031,91.0430755729
7033,112.649935529
7036,92.0139885661
7037,92.9423326379
7039,93.1106435139
7044,93.8039347447
7045,112.237677092
7046,95.9895995634
7049,104.159807239
7050,96.2393699154
7051,102.480484279
7054,110.032417174
7055,93.635698339
7057,91.7678118724
7060,110.176508894
7061,95.0733167738
7063,91.4743430394
7064,110.065317635
7067,93.2911975444
7071,90.9979877598
7074,101.946766042
7075,92.8898682389
7078,112.226620342
7079,92.0755870326
7080,111.079667098
7081,92.2864582916
7082,112.178967737
7083,91.9319835259
7085,112.78618765
7092,103.000853168
7094,92.6208914641
7100,91.4791225174
7101,111.027982202
7102,111.602478955
7104,110.569890247
7105,95.0585601954
7106,92.4245421408
7107,100.536992601
7108,76.0772611415
7109,92.2747278351
7110,111.600623362
7112,92.1409822458
7113,102.394272923
7114,91.7059506876
7116,111.552782328
7117,94.6673266576
7118,102.569105912
7120,93.1245699442
7121,102.63854053
7123,101.66281985
7124,95.1132256832
7127,109.994016215
7131,101.695224878
7132,93.9513470334
7133,90.3734653446
7134,109.629112596
7135,92.5217277336
7136,110.112886777
7137,90.6068371018
7141,92.6398894194
7144,102.798670383
7147,109.669766027
7148,91.931529239
7150,91.5047568796
7151,93.1143305687
7152,102.142470342
7154,92.3386821071
7156,94.8320623833
7157,101.233115434
7159,114.894366057
7161,93.4257216514
7163,92.3617499588
7164,99.8118987339
7167,76.6228093526
7169,103.488331223
7170,93.6923141285
7173,93.7551971799
7174,101.753244964
7177,109.762799886
7178,103.800626548
7179,92.9509782324
7180,76.5409009502
7181,110.659914779
7182,91.1801560635
7184,92.6255201645
7185,112.249542325
7186,90.8357735192
7187,113.437994233
7188,91.8818978368
7189,111.578368376
7191,101.806762842
7193,110.462763635
7197,98.0610270829
7199,91.1727693172
7200,112.139393278
7201,92.4995724449
7204,91.165833337
7207,109.095846891
7209,111.743516753
7210,94.4098457874
7211,103.530104762
7213,92.9781354055
7214,112.423057565
7216,112.423520126
7217,93.8368507008
7220,109.641266709
7224,110.0061878
7225,93.4033917127
7226,112.42016667
7227,92.843278181
7234,112.233113539
7236,77.8798995431
7239,101.809810269
7240,92.4318291133
7242,114.321460457
7244,111.888541219
7245,90.267198395
7247,109.719715371
7248,90.5185554459
7249,115.773116383
7250,111.166793492
7251,93.3010722868
7252,111.818050308
7253,76.893107565
7256,93.4791990194
7260,92.8007071075
7261,112.25593252
7264,94.7159031788
7269,113.209283586
7270,93.098560934
7273,110.216164336
7279,88.9226651729
7281,110.737211266
7284,93.9333654876
7285,108.070517188
7286,115.913746675
7287,91.1553630581
7289,92.8846245362
7292,92.2736525947
7293,112.264675109
7296,93.9742891612
7297,112.582925925
7298,91.186107217
7299,113.716466482
7301,101.533025452
7304,112.037122473
7306,121.047202094
7308,92.8782523771
7309,101.388173919
7312,91.8385868969
7313,76.8729853814
7314,94.0987466559
7316,93.4795774617
7319,117.848945778
7321,92.512170766
7323,93.1122104382
7324,102.331266158
7325,94.0647181367
7328,102.076136762
7330,77.0237722736
7334,93.875140967
7337,112.492877244
7338,95.0078524308
7339,91.8373833446
7341,90.7430678279
7342,112.49236558
7344,111.512435301
7345,110.911367943
7347,110.705448511
7349,110.71440633
7350,93.5250747657
7353,111.659642341
7355,109.751152575
7356,92.4033471503
7357,114.048087461
7358,93.5442891566
7360,92.1363322256
7363,103.508090169
7364,93.9205714815
7366,92.9661530828
7368,93.8098322236
7369,110.849132035
7370,94.8622501115
7373,93.4192164999
7374,111.442252048
7375,94.24367112
7377,92.9712790851
7379,92.9639683915
7380,116.382553364
7382,108.455670033
7383,93.2512490171
7385,94.5848375083
7386,103.80130536
7391,94.3393725073
7394,108.166445775
7396,111.11755916
7397,91.9762594511
7399,92.9876043286
7400,102.034708991
7403,76.3883026559
7405,110.896434515
7408,108.392475749
7414,111.815534146
7416,101.97963807
7417,91.0114621406
7419,93.6351641622
7420,107.647473852
7421,92.8759149507
7422,93.2854091916
7423,102.577852713
7425,76.8936225865
7430,94.6241840121
7432,91.2787329766
7433,93.9679833693
7434,110.312766361
7436,109.801078444
7437,91.8022565146
7438,103.933943819
7440,105.885419005
7441,93.3945195384
7442,111.310428368
7445,112.257746137
7446,102.692371162
7448,111.186013214
7450,101.293929908
7451,92.9907894819
7454,112.228446405
7455,91.1125696422
7457,110.088694861
7459,102.534502912
7462,93.0785497109
7464,92.9864315529
7465,107.065850774
7466,93.3982581191
7467,108.684462181
7469,112.373933487
7472,94.3240865051
7473,110.216983878
7479,93.826513629
7480,103.222448785
7484,110.984312741
7491,93.5310374265
7494,104.868390051
7495,93.4341628395
7501,91.958683323
7503,93.4281325352
7504,102.557477894
7505,93.6049961289
7508,110.588393304
7509,92.7838459381
7510,76.8069111388
7511,112.361594083
7515,92.7952325494
7516,103.835893373
7517,94.1055125681
7518,104.269985062
7519,92.7524441413
7521,94.2044244286
7522,102.758978602
7524,103.875876743
7526,101.648329527
7527,93.6731625277
7528,102.166863779
7529,93.0565083281
7534,109.538505458
7537,111.677663272
7538,93.966778347
7540,93.3236397813
7541,111.739818838
7545,110.466701325
7551,111.820941471
7553,93.2483091028
7554,101.412000984
7555,94.8120942115
7561,111.451712848
7562,93.5764315507
7564,91.8042244223
7565,106.533052928
7566,92.9210071655
7567,109.404438824
7569,100.129397572
7570,92.9361795598
7571,112.419735029
7572,90.8974185026
7574,104.046512235
7578,111.335225092
7579,92.6785156663
7586,92.1160973386
7587,77.4373963555
7590,94.5153966573
7593,110.176738666
7594,93.2896152335
7595,92.911317772
7600,90.837399046
7601,78.0935013003
7602,93.0837601416
7603,109.949265265
7604,91.2464779542
7606,92.2200909344
7608,111.299490832
7613,76.7080308674
7615,111.991681888
7616,109.636229216
7617,117.693536712
7618,93.6426108047
7619,102.584322296
7622,94.0064454593
7623,102.143943756
7624,93.7493749515
7625,102.691789702
7626,92.6082553599
7627,102.402133528
7628,74.8241015217
7631,102.494558734
7632,102.697855777
7633,94.0013120841
7634,115.217705004
7635,92.3942284219
7636,112.575858511
7637,112.57552583
7639,91.1397099647
7640,76.5423346742
7644,112.285121427
7645,92.5543874563
7648,102.078615963
7649,93.4963382786
7650,110.614806735
7652,107.003168978
7653,90.1667283774
7655,93.1266848437
7659,110.467798469
7662,94.3967278089
7664,93.4936503415
7666,95.2663242695
7668,92.6803078161
7669,110.667285376
7670,92.5407236421
7672,92.3528942475
7673,110.138700093
7678,90.8382670804
7679,77.8446449766
7680,103.683655435
7683,92.0998477714
7685,115.779931343
7688,93.7022925308
7690,109.253846162
7692,92.342165178
7693,95.3968638095
7695,112.372807131
7696,92.902535045
7698,93.3133839025
7699,112.328523323
7702,91.2573035403
7703,112.554524637
7704,94.4350684089
7707,112.29583896
7713,76.5851249318
7715,101.843797108
7717,107.222168175
7718,93.798405012
7719,103.894949442
7721,111.66534034
7722,93.0709302862
7725,99.2209597791
7727,99.0594704714
7730,74.6088347803
7733,90.316551591
7735,99.6922293317
7740,111.62425745
7741,111.610530335
7742,89.9739247547
7744,112.002610085
7747,91.9888363159
7750,76.3067053871
7752,110.278520549
7754,111.290919202
7756,105.811803668
7757,91.833928148
7758,103.210479915
7760,102.738986625
7761,91.939473168
7763,110.924934681
7765,93.1495263243
7767,111.614072468
7768,92.8028368214
7771,92.0082256909
7773,90.0925351036
7774,112.919083954
7776,103.730660121
7779,91.8673082949
7783,88.9032182363
7786,106.633350098
7787,92.5370532877
7789,90.6879731323
7791,92.6662075974
7793,92.461395088
7794,105.737075681
7795,90.0867752114
7799,75.9456248804
7800,107.180310237
7802,94.5061749027
7805,105.289874048
7807,99.8589020174
7808,92.7256210034
7811,102.377194071
7817,108.650998193
7818,101.717629869
7819,92.1327214361
7822,91.004084941
7823,110.246453688
7825,109.977914567
7828,91.0711532682
7832,91.6911434235
7833,76.3332252449
7834,110.318744103
7835,92.8042053274
7837,92.2061108145
7840,90.044880705
7842,92.2283761213
7843,107.788168338
7844,92.7264069518
7846,91.9109274115
7850,91.173762795
7853,110.542886862
7855,109.411474333
7858,91.9252472719
7863,109.886363652
7865,111.339056031
7866,89.5979674439
7868,90.9107356797
7869,109.668428192
7871,75.7633136141
7872,102.028662532
7874,100.517947872
7877,111.427854667
7878,91.5583917082
7879,107.585361983
7881,92.1471055106
7883,92.9292980778
7885,100.566205723
7886,92.2187941582
7889,94.8487767978
7890,104.504342356
7891,93.2892626975
7893,92.1343601703
7894,100.631064408
7896,109.614522699
7898,100.329924851
7901,91.8900017182
7902,109.601468345
7904,110.177165153
7905,92.417100518
7906,116.456076149
7909,91.9420507207
7910,101.658398726
7913,90.459996972
7918,111.663047095
7919,91.6352771682
7923,91.4797977807
7925,91.6738262473
7927,89.3937612624
7930,92.0034156913
7932,92.8932824766
7933,92.2318969963
7935,90.7983295332
7939,101.914517845
7942,89.8896681722
7943,110.76898666
7945,101.391593535
7946,92.6981150596
7948,93.2948834836
7949,109.139546309
7950,90.9149845453
7951,111.552364653
7955,101.320632929
7959,92.8031892655
7960,111.55047456
7961,90.987802292
7962,101.526225015
7964,100.380253937
7965,92.0424448052
7966,111.258634008
7967,102.987976094
7968,93.9675341381
7971,102.482795395
7974,91.6168314459
7976,109.034586422
7978,110.031298505
7982,111.543096175
7983,92.3279850128
7984,102.076670339
7986,93.2568585178
7989,109.126124825
7991,109.57163065
7992,108.934158549
7993,88.5203093022
7994,110.679596572
7995,91.6363496849
7997,92.2285645188
7998,102.071974283
7999,108.589959621
8002,92.1442120125
8007,93.3481318381
8009,90.0901403825
8011,92.5870446066
8013,91.8230184778
8015,99.7045062764
8017,111.002041096
8019,114.749972911
8023,92.3242241305
8024,111.345812805
8026,111.6508393
8027,90.08290071
8029,91.447935991
8030,111.372840962
8031,91.6828913691
8033,91.9002336338
8035,91.6864925107
8036,103.616403165
8039,102.39480232
8042,90.4189704806
8044,90.4657097269
8046,78.7351460438
8048,111.295758839
8049,92.3686617405
8050,101.154693959
8053,90.9729724001
8054,91.0481522227
8059,90.7801435921
8061,92.0695218068
8062,109.849860752
8064,108.782693603
8066,103.892662847
8067,92.7962888041
8068,91.4595424071
8070,92.0988180153
8071,111.038354984
8072,92.2807812915
8076,90.8386298358
8080,90.7775442923
8081,109.830684001
8084,99.5115992839
8087,112.954979425
8089,91.3596004481
8090,115.637056357
8091,101.490858711
8094,113.865321998
8100,89.4101000361
8101,92.8676203942
8110,92.3982445239
8111,109.531374601
8112,93.2289464534
8115,111.407479222
8116,91.2236908402
8118,108.764582927
8121,114.820834555
8125,107.031239694
8127,110.255795789
8128,92.0129406457
8129,109.167807152
8131,94.8898420918
8138,93.3200173649
8139,102.18997379
8140,90.1386792487
8141,89.9691204423
8142,109.960155518
8143,111.550650135
8145,111.610863649
8146,91.175977537
8148,110.805117378
8153,110.690923943
8154,91.6068230018
8155,111.077477988
8161,92.4065662605
8162,109.773089032
8163,91.6466791819
8166,109.24518117
8168,111.216463891
8170,93.1276083984
8172,110.408216447
8173,92.4474193086
8176,103.683379117
8179,90.3708026675
8181,93.1598988987
8182,116.085839194
8184,109.691436723
8190,103.492049947
8191,93.4931010979
8194,113.647586947
8196,110.227038096
8198,112.289874541
8199,111.323146574
8201,111.046457332
8202,90.5498756858
8207,92.0128937891
8208,109.192935627
8211,109.110369332
8214,108.321679857
8217,90.1202387325
8218,107.930689866
8222,92.6293836719
8229,103.227797546
8231,93.3255777384
8233,94.8458344218
8236,92.3734851386
8238,111.32449929
8240,100.444957073
8243,102.507910026
8246,110.687744453
8250,90.7543513358
8254,92.9441218289
8256,75.6302090288
8257,109.940937171
8258,90.5846715771
8260,92.6442179143
8261,112.18104588
8263,111.637639862
8264,92.1362131114
8267,108.1508168
8268,89.959935252
8271,91.6167361932
8272,109.171474276
8275,93.7689477553
8276,92.0502437492
8277,104.286092879
8278,113.947170702
8279,92.0270754871
8280,108.731812309
8281,91.9546817918
8282,109.165071063
8287,110.022555934
8288,91.5631180836
8289,111.25836055
8294,90.9411083966
8296,90.5769373252
8299,110.798998213
8302,101.838426901
8308,111.921646348
8314,101.779940144
8315,91.5128855051
8316,109.150548287
8317,93.2093747595
8319,110.829486494
8320,90.5330501136
8321,114.958871453
8323,92.4400760689
8325,92.4789110515
8326,109.967015179
8328,109.510220924
8330,107.037892201
8331,90.3913751706
8332,111.648972679
8334,92.308755759
8338,91.9551887494
8339,93.0201074807
8341,89.6057383134
8345,110.383948671
8346,92.2589047442
8347,101.624006364
8349,92.9474869942
8351,92.394388173
8352,110.874473478
8353,109.501836505
8355,109.943369463
8358,108.52115484
8359,106.109876856
8360,92.7432118556
8361,109.117321314
8363,101.306538983
8364,92.338323715
8365,93.2290087871
8366,101.402139047
8370,109.440741498
8372,91.4104343207
8376,91.7320976354
8377,110.361237469
8379,111.219433409
8380,90.6159210926
8381,112.258405863
8386,90.3559678416
8388,100.690405901
8389,94.6780878019
8391,111.006639894
8394,92.8971654466
8396,101.839301823
8398,102.84133391
8400,111.045838145
8401,89.1136529866
8404,89.5846090124
8407,92.0888297454
8408,109.311016843
8409,108.635742951
8410,102.907118124
8411,90.1256815002
8413,91.0357908749
8414,109.542481105
8416,91.1687710955
