ID,y
1,78.913174367
2,94.0663307667
3,79.3484951019
4,78.7671140671
5,113.052758789
8,92.8892948627
10,112.926709318
11,95.3487213135
12,116.297937393
14,94.8877678871
15,115.676005888
16,105.543442917
17,97.2856009006
19,96.3652681351
20,106.480040646
21,99.957277298
22,118.557444
23,99.198631525
26,95.653369236
28,95.1795929432
29,97.1044403553
33,96.249425602
35,94.4688872814
41,95.4219262123
42,93.3612064838
43,116.958254671
45,103.793719435
46,103.041211843
51,94.1071987629
53,83.5967955351
55,112.547609663
56,94.0644078732
57,104.144106674
58,94.2480106354
59,103.932661247
63,112.395551109
64,94.1250461578
65,106.083368731
69,93.4958189487
71,94.9518448353
72,104.161446047
73,93.941775322
76,103.972789335
77,103.30785141
78,114.46155405
82,94.0951454639
83,106.059017611
84,94.1811291695
85,103.273831463
87,111.881247568
88,94.9668907642
89,113.099482632
91,94.2897441864
93,94.7551922798
94,103.851434183
95,93.3897993088
96,112.256400156
97,94.5083756447
98,111.6621418
99,93.6667028904
101,103.994762087
103,113.145230293
104,93.4403815269
105,111.76039176
110,94.9120397091
111,111.833390188
113,112.581021118
114,93.2982746124
115,111.217957449
117,112.983898783
120,93.8621650696
121,111.98666687
122,93.0623439312
123,112.741567945
126,111.715039682
132,112.616700602
135,106.018317842
137,105.171420479
138,93.6819720745
140,94.0404340744
142,111.05674839
144,112.018493271
148,92.2370882988
149,117.105688477
155,92.7992272854
156,112.16501236
157,94.6990880489
162,112.84426384
163,94.0881726265
167,94.5158056736
172,116.612718821
179,113.046591091
180,93.125076294
181,110.883456564
182,95.2091600895
183,112.998400831
185,112.914104033
187,111.597964907
188,93.897341156
189,94.3216516495
191,94.0430801868
192,112.240573645
193,94.257262516
194,111.222780466
195,92.8404034138
196,111.963352919
198,94.4304236889
199,111.995939207
201,104.695424938
204,93.4256521225
205,104.686426783
206,94.3419013977
210,94.1590287209
211,103.917832184
216,112.207579708
219,115.559237719
220,93.6982724667
221,110.93920927
226,110.883461332
227,93.4470798492
228,111.557704449
230,111.337390947
231,94.5437281609
235,116.436392593
236,93.5166996002
238,111.489113235
242,103.566447115
243,94.1833189011
244,78.5923454523
245,111.144024086
247,112.607481337
248,92.6482327461
249,93.1160361767
250,113.032719374
251,93.5155862331
253,116.417464018
254,93.2458618641
256,93.4347449303
257,91.9447316647
258,112.093622494
259,93.6975654602
262,82.6247164488
266,93.5457117081
267,112.192859554
272,103.690147734
273,113.019505215
275,92.9025876045
276,113.115160751
279,94.565269804
280,106.026313639
283,93.2017778873
285,111.716333866
288,112.905234575
289,95.0309396267
290,104.796354151
291,94.0401405811
292,111.88159399
293,111.474019337
296,92.3765948772
297,112.81941762
298,114.491864538
299,94.0004683018
304,93.3866112232
305,80.8080352068
306,93.4987616539
307,110.785507822
311,108.728164768
313,110.885932159
314,92.6513824463
316,94.7720523357
324,94.7839233398
327,94.8184644699
329,93.5481554508
330,111.24855876
337,105.615313816
338,94.5409087658
339,105.753619909
340,94.1652852058
343,93.2211052418
345,114.746407652
346,93.6330464363
347,111.796497154
349,110.089467144
350,93.0529941082
352,112.356817913
353,92.8045345783
354,78.4267653704
357,93.0112735271
358,112.184955835
362,112.145757055
364,116.442127895
365,103.75951066
366,93.7289233208
367,111.975486135
368,93.8984986782
370,78.4327690124
373,94.3592931271
377,92.9429585457
378,111.189869166
382,103.864965296
384,111.505820608
390,93.2113629818
392,112.784813309
393,112.255459118
395,94.2540449619
396,105.903282499
399,79.0153085709
406,110.896822357
408,110.898700762
409,92.8217601776
410,78.2493070602
412,112.906276894
413,91.9827540874
419,93.3433398724
420,112.25735836
421,91.7944883823
430,100.064469528
434,93.5522339821
436,94.5986806393
437,94.1042074204
438,92.2533288479
439,111.323906326
440,94.0686558723
443,112.138559198
446,93.6521995544
448,93.5207108021
452,94.0081455231
453,104.223271799
457,104.692201662
458,94.3375081539
459,113.683718967
460,102.906617927
462,104.942423677
464,102.872407198
465,115.518710184
467,115.570345545
471,111.943807268
472,78.1787385464
473,94.4023399353
475,94.0147254467
480,94.8481711388
488,112.048066187
490,110.809764671
491,103.863347578
492,78.5799468279
493,93.4089654922
497,92.9450726509
498,112.13644557
499,94.3831712246
500,102.860818815
501,94.3329881191
502,112.397410536
506,79.6791431189
510,111.201232433
511,93.0870587349
512,93.2556147099
516,97.9557243824
518,92.5521499634
519,112.032976627
521,92.6838980198
522,112.963414001
526,112.590226555
529,94.6875952244
532,112.033536196
533,93.980934906
536,113.582975483
537,101.326925421
539,93.938381815
540,103.996004534
541,94.0946551323
543,94.3820409298
546,112.480362988
547,93.4321649551
548,78.6598845959
551,93.1740153789
552,103.647872496
556,103.266982985
557,94.3783804894
558,111.999793291
559,94.4099411011
560,104.550012064
562,104.817736578
566,93.7876102448
570,112.069791079
571,94.0952574253
572,105.796774292
573,93.9333613873
575,115.512642479
576,112.124655676
577,93.0117206573
579,92.1466849327
580,111.868067264
581,112.567366695
589,110.801803398
591,103.010519028
593,94.2380330563
594,103.132272291
595,94.598205328
598,93.0768759251
602,112.258525848
604,112.940169096
606,109.612509489
608,93.7470674992
609,104.003481626
610,94.0779622078
616,112.154404211
617,93.9949829102
618,102.649054575
620,104.478695297
622,111.674072361
623,91.863982296
624,128.16435256
626,112.166710234
628,112.167937851
629,93.5203335285
630,111.313867807
637,94.7776271343
638,105.244325209
643,96.2356526852
645,94.83559165
646,115.846127224
648,95.1774716377
652,93.7419315815
653,94.0981294155
654,112.06847682
656,112.219440651
657,94.6693719864
659,93.5104376793
660,104.245833826
663,93.0463427067
664,112.327412415
666,103.873613882
668,112.107273769
669,93.7470711708
671,94.4164563656
675,93.026285696
677,93.5271181107
678,111.062589216
679,106.412638521
682,94.0183429241
685,103.751306105
687,93.9575978279
688,93.3883791924
693,111.963012409
696,94.7488099575
698,94.074678421
701,95.3728261471
704,103.894125843
705,115.220724201
709,112.215471315
710,94.5067412376
711,104.394478703
712,94.2828718662
714,111.668368387
715,92.3431748867
716,110.759460545
717,94.0045083046
720,114.969252634
721,94.0474958897
724,102.734068632
725,93.6896436214
726,112.286028385
728,111.713250113
731,93.6579451084
734,104.56955471
738,94.095229435
745,111.807704401
746,93.899413538
751,78.444688487
754,93.384911871
756,93.7856168747
758,94.1383728027
759,110.706617355
761,116.378397083
766,97.5919638634
767,112.184663677
768,91.9012465954
769,114.313300371
770,93.8452928066
771,78.6120736361
772,104.387197828
773,93.1931318283
774,111.724712658
776,111.53578949
777,94.4388474941
780,117.125450945
782,103.995372582
787,103.143918467
788,94.0409480572
792,91.9685801029
793,108.106151295
798,94.2878054619
800,92.7961237907
806,110.791576719
809,112.246992922
811,112.476997185
812,93.0274933815
814,115.608497333
816,103.06734705
817,94.58292346
818,107.83147645
820,112.025109911
823,94.3966340065
829,92.0765548706
830,111.26283493
831,92.1631374836
834,112.003993797
839,94.191769886
841,78.8352926254
844,103.983241272
845,94.0431816578
848,93.4776380539
850,96.5731589317
851,102.891697025
852,93.5937561989
854,94.1670109272
855,94.3925958633
856,103.326098776
859,102.832501364
861,111.731136179
864,93.6385568142
865,111.671954489
866,93.3386806488
867,93.8523581982
869,94.2341331959
871,93.5836044788
872,110.790585947
882,103.021678448
883,93.6135129452
885,94.2400384903
888,95.0982452393
893,110.829402685
901,111.021171236
903,103.861691999
904,93.5487401485
905,103.350511122
910,94.5586060524
911,112.292928076
914,113.135051632
918,112.365171003
921,92.0097449779
928,93.6506643772
929,103.210217237
932,94.4678180218
933,103.626027775
934,94.5657979488
935,111.322772503
937,78.5934604883
939,94.0907350063
940,103.024210262
941,97.2277352333
942,103.231537104
943,94.323182106
944,102.950688314
947,110.797777653
949,112.451592636
951,110.881396484
952,94.5006307125
953,103.865608215
954,78.6642463207
957,111.945870209
959,92.0631413937
960,114.187221432
963,115.606265116
965,110.797720861
967,103.46265378
971,93.9444996357
972,78.3391690731
973,93.8778803825
974,112.025229263
975,94.7993402481
978,116.569783497
980,111.931920767
981,94.5825356484
984,113.298650265
986,94.5660176277
988,91.9432734013
989,111.739060354
990,103.93681078
992,111.026213598
996,94.1707755089
999,111.932929897
1000,94.6887667179
1001,111.674623919
1002,92.2198743343
1003,111.55682745
1004,92.133364439
1008,112.189354229
1009,93.8374679089
1010,105.091939259
1012,116.396794939
1013,93.1302954674
1014,112.605494881
1015,93.8526741505
1016,115.502094555
1019,94.5266006947
1020,111.542725992
1021,94.5667421818
1022,103.967514801
1024,94.5660978317
1025,78.7423280478
1027,94.0694161415
1028,109.359821653
1029,93.9618187904
1030,94.114266634
1033,111.699559021
1036,93.9595228195
1037,111.636347103
1038,93.2003221512
1042,94.0912658215
1043,102.806994152
1044,93.642682457
1045,112.057126474
1047,113.053095675
1050,94.3676794052
1051,110.875295973
1054,94.3850255489
1056,94.5869513512
1057,93.6916960716
1059,94.1414550781
1062,100.444385481
1063,103.853519821
1064,94.5842985153
1066,93.3913905621
1070,104.007107782
1076,112.191090155
1077,101.397845983
1078,112.170972729
1080,112.128055239
1082,110.61515131
1083,94.9510102272
1089,111.035012531
1091,95.0330385208
1093,93.7885277271
1097,94.1374279976
1099,93.1426582813
1101,94.6682148933
1103,94.8767993927
1104,112.268886042
1106,111.671419954
1109,93.1098497391
1110,111.347673941
1111,95.3553862572
1112,112.839248228
1114,94.1896924019
1116,96.1591247559
1117,112.134048653
1120,93.6452429771
1124,112.138757372
1125,93.0052133083
1126,112.149103594
1134,112.009066629
1137,93.2047517777
1138,112.373811769
1144,110.968613958
1145,94.8454120159
1146,92.7346279144
1148,95.3817846775
1150,93.6953420639
1152,103.961251211
1153,94.3346878052
1154,104.178307199
1155,94.2076686859
1157,93.3646721363
1162,94.6018254757
1165,111.727529907
1166,93.4033519745
1167,103.969017839
1168,95.4779719353
1169,102.902770853
1171,116.644711828
1172,94.567193985
1173,102.903308153
1174,93.7317094803
1176,94.634555769
1177,103.017396069
1178,93.3647279262
1182,112.278180075
1186,94.9721313477
1187,113.590046263
1188,93.3063893318
1189,117.079402781
1191,104.997286081
1192,95.0058963776
1197,111.481763792
1198,93.1641857624
1200,78.6165515423
1201,94.5441716194
1203,94.4341733933
1209,115.764541388
1214,103.421443033
1218,111.446919632
1222,93.957598877
1226,94.092017746
1228,93.951185751
1230,93.213432169
1232,78.6174305677
1233,95.7035155773
1236,113.12869277
1238,94.7837509632
1241,111.001338863
1244,105.830504084
1246,93.9886989594
1247,112.510354471
1250,112.126800537
1251,93.4208588123
1254,112.679357815
1255,95.194574976
1256,110.568894911
1257,92.7768383503
1258,94.2999980927
1259,111.004591131
1260,94.7361938
1263,111.130470228
1267,78.6071600199
1268,111.347627974
1271,94.5625956535
1272,110.901727486
1274,104.236000776
1275,94.6795305729
1276,110.962045956
1277,93.3693120956
1279,92.77721591
1281,94.1764399052
1282,93.3202705383
1283,112.093972302
1285,111.630342388
1286,93.1639610767
1289,112.351947546
1296,112.3403718
1299,93.7581529617
1301,94.3325737953
1306,92.9356912613
1307,93.6053738117
1308,93.257181263
1313,110.956120586
1314,94.7455329895
1315,111.389428186
1316,93.5351900578
1317,110.97170639
1319,93.6602881432
1323,94.9690891743
1324,104.24016757
1325,93.806902504
1328,103.530265856
1329,93.4791751862
1330,111.757314825
1331,94.0457594395
1332,103.488150263
1337,95.1199276924
1338,111.251104641
1339,92.9172979355
1340,112.060962296
1343,115.48703227
1347,110.412855864
1348,93.6191462994
1349,104.519638062
1352,92.751936388
1354,94.5070260525
1359,113.081421232
1360,95.3652486801
1363,110.984421301
1364,94.8710215092
1365,103.919563866
1366,93.8755988121
1372,94.2846797943
1375,103.924999094
1376,93.9038500309
1378,93.0015154839
1379,112.801546144
1380,94.7985564232
1381,102.985928822
1384,111.481065225
1387,93.8335326195
1388,112.501017284
1392,78.3700409174
1394,104.832620811
1395,93.7462686539
1396,111.076681948
1398,94.2662287712
1399,111.076681948
1400,93.9874172211
1401,93.9057878971
1403,94.300186348
1404,111.117244768
1406,111.076748133
1407,94.2966725349
1408,111.150776386
1410,78.605873704
1412,111.004022789
1413,93.6951210976
1415,94.4154229164
1420,111.150964642
1422,111.286731529
1423,108.320481586
1424,111.150964642
1425,94.4088425159
1426,78.6071919918
1427,94.2706519127
1429,93.0822003365
1430,112.170031309
1431,94.4966043949
1432,104.42008667
1434,112.506647301
1437,94.0850661278
1438,104.311747265
1440,112.067292833
1441,112.251287127
1442,93.1594427586
1444,111.331657362
1445,94.7788480282
1446,104.086378241
1448,93.4809926987
1453,93.9618131161
1454,111.004931545
1455,94.936864996
1456,111.971934319
1458,111.005766678
1459,93.2200909138
1461,93.9392513275
1465,93.8348060608
1466,112.506121635
1469,95.2424598217
1472,93.9627030373
1474,95.8539101124
1477,111.485158968
1479,111.532717323
1482,94.1536394596
1483,78.4771591187
1487,94.2365771294
1488,112.203027391
1490,112.347410488
1492,111.180428743
1494,116.248063135
1496,103.365146351
1497,97.4095196247
1499,94.4561435699
1502,93.8371508122
1507,112.392485333
1508,92.7483957768
1509,111.531743383
1511,94.0392694473
1512,111.650713015
1513,114.504685736
1514,104.080386066
1518,111.580638361
1519,92.1055156708
1522,112.251824141
1524,78.6339675188
1527,93.1662418842
1529,92.718529129
1532,103.89855032
1536,111.996419668
1537,115.718237925
1539,105.853028011
1542,112.598029709
1543,93.9022457123
1544,104.471379995
1545,79.2987751961
1550,93.7885891914
1551,111.889692497
1554,104.588266754
1556,104.244846296
1559,92.7773845673
1560,78.369353652
1562,93.9909273624
1566,92.1766540527
1567,111.578198147
1569,104.242674112
1570,112.919915772
1571,112.34291296
1574,92.7541152954
1578,104.162080765
1580,92.9324932575
1583,111.95129776
1584,92.7540602207
1585,111.969857788
1586,95.364320755
1587,111.629202986
1588,92.1315401077
1590,114.405685854
1592,103.175544357
1596,111.6304461
1598,111.934965944
1599,94.0331869602
1604,115.887131453
1606,102.746364975
1607,93.7050159454
1608,103.156308031
1609,116.630578947
1611,93.9855297565
1613,94.6339615822
1616,94.7225963593
1619,112.509925318
1620,93.0185061932
1621,111.539696741
1622,94.3079464912
1625,111.071435785
1627,116.633773565
1629,112.185090494
1634,94.4069714546
1636,93.4752985477
1638,103.875934839
1639,93.82987957
1641,94.1620987415
1643,93.6780977249
1644,103.276301384
1645,117.166261053
1646,94.1128218651
1647,104.707446003
1648,95.0085837841
1652,92.9361260891
1653,112.470518208
1656,92.4686671734
1658,94.0365121365
1659,111.341702223
1661,94.4974604607
1663,93.7111977577
1664,112.364677763
1665,94.2168140888
1666,104.249818754
1667,102.65810914
1668,78.5667541504
1669,103.131511021
1670,93.8011669636
1672,111.767299366
1674,112.6419909
1677,112.220631552
1678,92.7154513836
1679,111.892517614
1680,93.7537663937
1683,103.268848467
1686,103.384204531
1687,111.487607718
1689,112.052708387
1690,93.441930151
1691,115.147841787
1692,112.593434286
1693,92.7570560932
1695,94.3298555851
1696,93.9820204735
1697,111.386201954
1700,104.241851235
1701,93.9953221321
1702,111.605167007
1703,92.018912077
1704,112.294398832
1706,94.3044453144
1707,113.604421759
1708,94.8862191677
1710,93.9178020477
1711,102.821256065
1713,104.208697033
1717,106.743797302
1719,104.161470699
1720,94.0790164948
1722,94.0659144878
1725,103.174522686
1726,94.9507335186
1727,104.727774668
1729,112.31375823
1730,93.0454410553
1731,111.450069475
1733,104.245840216
1734,94.2732829571
1735,111.306376314
1738,94.6377138615
1742,94.1223454475
1745,112.642062473
1747,93.9999070168
1749,94.5477297783
1751,95.0517411232
1752,78.7327940226
1753,102.846872664
1754,94.7720874786
1755,94.2173947811
1756,105.111641979
1758,112.130408812
1759,94.7426550865
1760,105.163860559
1761,112.074941015
1762,93.590320015
1763,111.243259048
1764,92.187442255
1766,94.2424363613
1768,94.0698694706
1769,78.6654468536
1771,112.046672392
1772,94.5511929989
1773,103.518913555
1774,94.4465025425
1775,112.625824785
1777,112.357325649
1779,94.7488167763
1780,107.312056303
1787,92.0749403
1788,92.9935855389
1790,95.299657917
1796,112.098550749
1801,92.1310437679
1803,94.1981839657
1807,112.246530485
1809,113.773817015
1812,94.8434150219
1813,111.826947927
1814,93.5918256283
1815,111.658084536
1816,94.118071413
1818,93.5523566723
1820,93.2873152733
1821,113.075422812
1822,94.3286731243
1825,93.7728886127
1826,102.943977594
1828,94.7719805717
1831,103.756237698
1836,112.14520607
1837,93.1133551121
1841,95.7645352364
1844,103.347128201
1848,93.1282958984
1851,105.802523327
1852,94.7298403263
1853,92.5629350185
1854,111.804803896
1856,94.9295600891
1859,113.765000725
1860,94.1405589581
1861,78.965790081
1863,111.021001101
1865,99.2725921154
1866,105.249986458
1867,93.9771940708
1868,92.0189563274
1872,94.1080026627
1879,94.3705940247
1880,103.405356646
1882,93.8647432804
1885,103.383797264
1887,103.084383249
1888,94.2177497387
1890,113.112251711
1894,94.51039958
1895,103.283429194
1896,93.6842580795
1897,113.657435656
1900,111.576870823
1901,92.6545602322
1902,114.799631977
1905,93.7653300285
1906,111.904273796
1912,103.899754095
1915,94.1633497238
1916,104.105046368
1917,93.5223873615
1918,103.010049248
1920,78.5824164867
1923,96.1814608097
1924,104.602131128
1925,95.0108623981
1930,116.623427963
1932,111.614709854
1933,93.5343636513
1934,111.970209408
1935,92.6801994324
1940,78.653588295
1941,94.3599736214
1942,112.412263727
1943,94.2836106777
1944,92.8051018715
1945,111.086592007
1948,115.827321386
1949,93.3626948357
1952,94.2806059837
1954,92.8449811935
1955,112.16544261
1958,93.465576601
1959,80.5275650978
1960,111.215673256
1963,94.7231118202
1965,94.0373668194
1968,105.327427435
1969,94.9104662418
1971,94.4022007942
1972,112.312697649
1973,91.8883277416
1975,92.0134307861
1977,94.4900987625
1978,94.1298742771
1979,112.162953806
1981,91.9288895607
1982,112.502360344
1987,112.680301523
1988,92.10583601
1993,94.3664458275
1997,93.1287496567
1999,94.7064162731
2001,94.5552116871
2002,113.482188654
2003,93.2335810661
2004,86.148037672
2006,112.19285121
2007,93.5064277172
2009,105.106434822
2010,94.0767863274
2013,94.7746616364
2018,78.5699236155
2022,104.916087294
2024,112.494115019
2025,94.3239097595
2026,104.463960075
2030,104.982844067
2031,94.2379797459
2032,103.904815626
2033,94.7252295971
2035,93.6270789623
2036,112.382113171
2037,92.6876121521
2040,94.7618803024
2043,109.638787842
2044,105.350037146
2046,104.19711113
2054,112.83802104
2055,94.3411814213
2056,107.359596634
2059,93.1404346466
2060,92.6617894173
2062,93.2414467812
2063,111.935014629
2066,94.5262629986
2067,112.239842462
2072,94.4487147808
2073,111.656055403
2074,94.1435442925
2075,113.716140318
2076,93.4068901539
2080,93.9907106876
2082,92.6595480442
2085,112.989671898
2087,112.172422695
2091,112.426834774
2092,94.1925905704
2093,107.543161821
2098,93.9381162643
2101,111.245989227
2102,93.7011790276
2103,78.6557637692
2105,105.227936459
2106,94.077047348
2107,115.238475943
2110,94.2008919239
2114,93.890763092
2115,112.335237932
2117,79.8031232834
2118,94.087477684
2119,104.19477725
2120,94.3873804569
2122,93.680491972
2123,112.105035925
2126,94.3719875812
2127,104.733503056
2128,94.8968904972
2129,112.406217813
2132,95.0476680279
2135,104.439749527
2138,94.8237376213
2139,116.704740763
2141,111.405333424
2142,93.5468179703
2146,94.5368836403
2151,112.100284624
2157,104.174116707
2159,114.577508402
2162,93.9848840713
2164,115.883756208
2167,93.0226915836
2168,111.927605009
2171,93.5229728699
2173,94.3699842453
2174,104.234615135
2175,93.1852570057
2178,93.969214344
2180,94.6188979626
2185,112.397633314
2189,93.4790153027
2190,111.980064487
2192,102.930201244
2194,114.054129839
2200,112.565737009
2201,93.5017144203
2203,112.282477522
2204,93.2983449936
2205,111.524015379
2209,110.562305832
2213,103.399860477
2214,93.7950093746
2215,108.88193202
2216,93.5155613422
2218,93.7625947475
2219,103.850893593
2220,95.3846319675
2222,92.3415427685
2223,111.678815031
2225,112.24699316
2226,94.300412035
2230,93.9458042145
2233,111.838831568
2234,113.004596233
2235,93.2966900349
2236,78.5159128189
2237,94.6969297409
2240,114.006734276
2241,94.1409687996
2248,103.944309187
2249,94.1699286461
2250,112.011466408
2252,112.294910002
2253,94.0463719845
2254,112.517864418
2256,78.4378809691
2258,93.6998976231
2259,112.111192226
2262,94.6869377613
2265,94.0748647213
2266,104.150529766
2269,94.682770586
2271,94.5335045338
2273,92.7209498405
2274,111.709280443
2275,93.6214609623
2277,94.892800951
2279,93.2911284447
2280,78.3583115578
2282,94.6176609039
2283,102.71461091
2288,92.1555053711
2289,112.485232496
2291,94.4499498367
2292,116.525758839
2297,95.4657894611
2298,103.348724175
2299,94.7004724503
2300,112.682098198
2301,92.5778886318
2304,94.3826500416
2305,103.012891531
2306,94.6844704628
2308,93.5597198009
2309,112.555419445
2311,95.080112505
2312,103.943734455
2316,103.215193367
2321,102.726600599
2322,112.077115393
2325,104.316862965
2326,93.8514495373
2329,116.526447487
2330,94.9834172249
2331,103.314636612
2332,111.874071503
2333,94.6841166496
2334,102.843731213
2335,110.574978924
2337,112.841730785
2338,94.5990607738
2340,111.873578787
2342,92.2178144455
2345,93.8053967953
2349,94.2143978596
2351,82.1423113823
2352,94.4463638306
2354,110.980747271
2355,114.583502388
2357,112.225431156
2358,95.0311920643
2360,94.1214729786
2361,110.981451845
2364,93.2236214638
2366,95.3575312614
2369,104.745337534
2370,94.8202879429
2371,111.830719995
2373,117.578204489
2374,94.2838418007
2376,111.784908771
2378,110.662434578
2382,94.549951458
2383,92.6912891388
2386,103.410253811
2387,94.7452945232
2389,96.0995948792
2390,111.258180094
2392,92.8889040947
2398,111.934257603
2399,94.520182085
2400,93.9056505203
2401,111.607959509
2402,94.4973685265
2404,93.5678282738
2407,112.351132488
2408,111.930475855
2409,112.301309633
2412,85.1871807099
2413,94.9529099465
2415,93.8175870895
2420,110.863406754
2422,94.318612051
2423,103.039554977
2426,93.5241541386
2432,94.9250057697
2434,92.8214531422
2435,98.2352836132
2436,112.125314951
2438,110.618262005
2440,112.224896717
2443,93.8451818466
2444,94.067204237
2447,103.908017778
2450,94.3284453869
2454,94.6556622982
2455,112.694343519
2459,94.7002727509
2460,111.305432367
2463,93.7242058754
2465,94.4189261913
2468,78.5863549232
2469,93.2287416458
2474,93.2765184879
2478,94.3444692612
2480,93.8271255016
2481,113.987588072
2489,94.6167065144
2490,104.677691746
2492,92.7080490589
2496,94.6793995857
2497,113.350000334
2500,94.7824670792
2505,94.9052371502
2507,93.8022317409
2508,111.459189987
2509,94.2074091911
2510,85.5748703957
2513,92.2551861286
2515,94.6538141728
2518,92.7287867069
2519,110.723330545
2520,92.7193017006
2521,112.381904507
2523,111.295713615
2525,93.9403440475
2529,111.449400377
2530,93.3334169388
2533,111.447681809
2535,93.4462803841
2538,102.701917791
2544,110.552688837
2553,112.147945023
2556,93.4529144287
2558,92.3385362148
2559,117.128449821
2560,93.8594582081
2561,112.188489103
2562,94.2735213757
2563,112.602428913
2564,92.8434757233
2565,111.57377944
2567,105.035246372
2572,93.9769445419
2575,95.3969880581
2576,112.748745346
2577,93.0423468113
2578,94.072790432
2579,112.048867035
2580,92.8917942524
2582,111.734704161
2583,93.1087467194
2587,93.4891839027
2589,112.447595549
2590,94.6246904373
2591,111.418744946
2594,93.8289990425
2597,94.0181778431
2598,103.999083328
2599,94.4237908363
2600,102.94497509
2602,111.76000452
2603,93.9688314915
2604,104.807108164
2606,112.293054962
2607,78.4690073967
2608,94.4278676987
2613,111.372092819
2614,93.4547203541
2615,111.773724365
2617,112.025885725
2620,93.6715045929
2623,112.100845051
2624,93.8290965557
2627,111.369339848
2629,78.4607511759
2630,95.5473263264
2632,94.2342458248
2636,93.7107841969
2639,94.437294817
2640,103.891191959
2642,111.377885628
2644,104.486967039
2646,111.702075338
2647,93.7733242035
2649,94.4991696834
2650,106.61561017
2652,103.840064335
2653,103.026236773
2655,107.363549995
2657,111.603342914
2659,110.931572294
2662,92.8089468479
2663,113.711081314
2664,94.1372913361
2665,103.468833065
2670,94.8539514065
2671,103.667014122
2672,93.4750395298
2675,103.86769104
2677,111.78038888
2679,112.507224369
2683,111.747023964
2684,93.8893222809
2685,93.6811999321
2688,103.765950155
2689,94.6070987225
2690,104.805227232
2693,95.758323431
2694,112.025584364
2697,101.01429739
2699,93.8786852837
2703,93.4587157249
2705,103.857884359
2709,78.7911971807
2710,93.9541795731
2711,112.149740315
2712,93.3973317146
2713,94.8991941452
2714,112.665464449
2715,92.9057132244
2717,92.0156758308
2718,111.32127614
2720,112.324924612
2721,94.4592161655
2726,93.9107709408
2728,93.6752569675
2731,102.827591944
2732,110.783596992
2734,93.392511034
2736,103.596429777
2737,93.7948995113
2738,102.743894482
2739,113.888169813
2746,93.7093733788
2749,102.678912783
2751,117.293955278
2752,103.589648008
2753,93.7524878979
2757,104.596797419
2758,93.8730049133
2759,111.388246489
2760,95.1384615898
2762,111.966239262
2764,93.5416137218
2765,110.825829458
2769,112.144449949
2771,112.05664072
2774,93.5183785439
2776,93.1378713608
2777,112.564633369
2778,92.7959234238
2779,112.367678976
2782,92.2905382156
2784,97.596275425
2787,93.3819645882
2789,93.9208201408
2792,93.6292083263
2798,94.2657595158
2799,103.5095994
2800,94.3208390236
2801,89.1865483761
2802,93.1104981899
2804,93.4757474422
2807,103.657459021
2808,94.6943030834
2809,116.645935726
2811,114.73430829
2812,93.8037331581
2814,91.914897871
2816,98.5169026375
2817,112.030925846
2818,111.328226519
2820,111.332611704
2821,79.0298073292
2822,93.8774698734
2823,108.428378344
2824,99.0819602966
2826,93.0563084126
2829,92.7939499855
2834,93.6616466045
2835,78.5163454056
2838,94.3963420868
2839,111.487081623
2840,94.3478128433
2841,111.407634306
2842,94.5105874539
2846,112.740258169
2848,94.2412356853
2849,92.8133282662
2850,112.460224533
2851,94.1563708782
2853,93.6810560226
2854,111.360817194
2858,113.169376993
2861,94.3511008739
2864,92.6472763062
2865,113.717176723
2866,111.735715532
2867,92.7794090271
2868,111.709229135
2870,112.012498426
2877,95.5781083107
2878,111.354636908
2880,111.569816494
2882,78.7837157249
2883,94.6610196114
2884,102.886720085
2885,93.9473774433
2887,94.5794467926
2888,111.753662634
2889,94.342271471
2890,103.998917389
2891,94.8586170673
2892,115.723820829
2893,95.4950398922
2898,112.378386354
2899,93.8479104996
2900,112.405466938
2901,93.7958257675
2909,95.7491010189
2910,112.546442699
2911,111.983710575
2913,112.423360109
2914,95.1002776146
2918,93.7424941063
2919,111.994321585
2920,97.9373210907
2921,111.355171156
2922,95.0490386963
2923,103.111505795
2925,111.546402741
2926,92.8142276287
2927,111.808193159
2929,111.304352522
2933,93.3849629402
2934,113.457161379
2936,111.843059635
2941,103.856998491
2942,93.885172081
2943,111.241765499
2945,103.864646435
2950,92.7083414078
2951,112.120278025
2953,115.730531788
2954,94.4784852028
2955,103.598162174
2956,94.8850187302
2960,94.5865762711
2962,93.5571501255
2963,105.685040951
2964,103.779721403
2966,78.3098044872
2967,93.8780733585
2968,111.770896149
2969,92.0741853714
2971,93.586836338
2972,95.4454463959
2974,96.1362666607
2975,111.541797876
2977,116.273786926
2980,111.642521954
2981,92.5961592197
2983,94.3054961681
2984,105.334642553
2985,116.127784443
2986,104.649262142
2987,95.4464627743
2989,94.8275775433
2990,112.064008188
2991,94.4576077938
2992,78.502337122
2995,101.223316813
2996,103.495511961
3002,112.185416794
3004,112.106867886
3005,116.673638201
3006,94.6279215813
3010,94.4692520618
3011,103.632940674
3014,92.7936743736
3015,93.7644864082
3016,94.0000822544
3017,111.911913729
3018,93.5087958813
3021,102.855503988
3024,104.041803598
3028,93.8213666439
3030,92.6947494507
3032,94.1145109653
3039,93.6644404888
3040,103.68604455
3041,97.2379406929
3043,96.1744921684
3044,111.884025049
3046,111.093809843
3055,93.5041563988
3056,112.017506981
3058,92.8663543701
3059,109.752401543
3061,116.133544397
3063,104.23385663
3066,94.1865593433
3067,104.04497323
3068,78.3272945404
3069,94.2066643238
3072,114.547456694
3073,111.58499217
3074,94.3463969231
3077,92.9437214375
3082,94.1648637295
3084,101.862101793
3085,112.404858398
3088,104.536820841
3091,93.2546465397
3092,112.287282181
3093,94.3959008217
3094,102.86172471
3096,111.55274725
3097,93.009008646
3098,78.4779382706
3102,114.857742214
3106,93.3376399517
3109,93.8873326778
3111,92.546419096
3112,116.678510857
3113,95.3877975941
3115,94.7608021736
3116,112.126093388
3117,94.14669981
3121,112.072708464
3122,93.323306036
3123,94.8585087299
3124,104.596381187
3125,94.0041507244
3126,102.58347106
3127,115.139374351
3129,92.7415985584
3130,112.527757025
3132,103.911532927
3134,105.63180542
3135,94.6512383461
3137,78.8921974182
3138,95.4182956219
3140,93.7801805019
3144,112.535604334
3145,94.1848517895
3146,111.772168016
3147,94.3298848152
3148,103.669948244
3149,103.751090431
3150,112.789539957
3151,94.0063027382
3152,94.2660010338
3155,95.774049902
3156,112.196515226
3159,92.2876513958
3161,94.3817418098
3162,104.268775892
3163,94.6073446751
3165,102.595555162
3172,93.6488396645
3173,112.278471613
3176,94.5223092556
3177,103.398319244
3179,111.535137177
3183,93.2566233635
3186,94.9306110382
3187,102.851029348
3189,111.655267286
3190,96.5874453068
3192,115.137410212
3193,93.6495619297
3194,112.446218109
3197,94.1574874401
3198,98.5373142719
3200,93.8295072079
3201,115.275081539
3202,98.5375245571
3204,94.7422511578
3205,92.7477840424
3206,112.19290061
3208,103.713648176
3210,102.950985241
3211,94.2307791233
3212,116.129369688
3213,93.6724767208
3214,111.099793768
3216,104.29998045
3219,92.7050548077
3220,110.702667093
3221,95.3790765762
3226,106.63472662
3227,94.7965791225
3228,111.718590879
3229,94.5692800045
3232,78.5222017288
3233,93.6190350533
3234,93.4374960899
3236,94.1896379471
3238,111.398233414
3239,111.56338048
3240,93.4081418991
3247,111.669915867
3249,102.938201809
3252,117.114095831
3253,94.5034814835
3254,104.178198481
3255,94.2746100903
3256,112.436600208
3257,93.4684090138
3262,94.3395264149
3263,103.813652611
3264,94.9003146172
3266,112.105485964
3267,94.6181711674
3269,93.9126411915
3272,116.136228466
3274,94.1674514294
3275,105.759960699
3277,94.6016149044
3279,95.2021417618
3280,103.928410053
3283,93.9344984531
3285,94.5832623482
3287,93.6376517773
3288,104.017646503
3290,105.077826691
3291,94.1501512527
3298,112.103954506
3299,93.3405194759
3302,112.696884871
3303,93.4679493427
3304,104.883192921
3307,94.0741087914
3309,93.3908242702
3314,78.3436364889
3316,114.704844427
3317,94.384754324
3319,93.9092330456
3320,111.970826054
3321,94.2325294971
3322,103.762069416
3324,92.3160245895
3326,92.1272549152
3329,110.836314774
3330,92.8886933804
3331,112.157559395
3335,115.889680386
3337,94.1413653851
3338,104.375307179
3339,94.4960252762
3340,111.767039633
3341,93.6311075211
3343,94.7811377525
3346,93.2827797413
3348,94.3978406429
3351,103.859767437
3352,117.395534706
3355,91.9901879311
3356,112.915129518
3358,104.849408865
3359,94.7587368012
3360,111.219270134
3371,114.236194897
3372,95.0917039394
3374,94.7076837063
3377,112.868983746
3378,92.284779644
3380,103.076709986
3382,94.3936771393
3386,97.9226871014
3389,112.614997578
3391,103.275241947
3393,94.5274534225
3394,103.511076784
3395,93.3608877659
3397,111.375587559
3398,94.5019694328
3399,78.875058198
3400,94.1179478169
3404,102.821568251
3407,112.165377855
3409,104.384062433
3419,94.7182574749
3421,93.9128781796
3425,94.1819762707
3427,78.9435312748
3428,116.417497826
3429,112.387529278
3431,93.0141480923
3435,94.1359534264
3436,111.971572018
3439,94.5487122059
3441,94.2071813583
3442,116.402145052
3443,94.3370804787
3444,102.780494309
3445,93.9358708382
3446,111.865727615
3449,92.6468954086
3453,94.1498280525
3457,94.1770894051
3460,103.487548971
3461,94.773300457
3462,93.8695946693
3464,104.211319303
3465,78.3717167854
3466,93.5696938038
3467,103.972783327
3468,94.2292543888
3469,104.035779905
3470,102.972888279
3472,111.4320889
3473,93.3515327454
3475,92.9253398418
3476,111.94880209
3478,103.930522871
3479,95.4502457619
3483,93.1049393654
3484,108.067999935
3485,94.2169713497
3487,93.1059720993
3488,111.33836441
3496,112.080562878
3497,94.1983108521
3499,94.4456433773
3500,78.3756074905
3501,95.4307413101
3504,93.3922315121
3508,106.028761148
3511,93.2529899597
3512,111.939618206
3515,93.3642445564
3517,94.0385230541
3518,103.388558102
3526,111.935919857
3528,120.974656534
3529,93.5704567432
3530,112.315560532
3531,93.7659320354
3532,111.986858511
3533,93.4821780205
3534,94.1842567921
3535,78.310248971
3536,93.8374025345
3537,111.973108244
3538,93.4225637436
3539,111.521170902
3540,103.342375565
3545,112.555575037
3546,91.8678333282
3550,103.775441456
3551,94.242786932
3553,94.2282943726
3554,103.487875843
3557,94.4859139442
3558,111.546522474
3559,92.6535976887
3561,93.600353241
3562,111.382424736
3563,93.4961982727
3564,103.857634783
3565,93.9386852264
3567,93.741875124
3571,103.855134106
3572,94.5478357792
3574,94.5414576054
3576,93.3666790962
3577,111.954562092
3578,95.6620148659
3579,93.0679513454
3583,94.2820048809
3585,94.9563306808
3586,104.066945648
3587,111.633690453
3593,94.987837553
3594,109.983446455
3595,93.6029699802
3599,93.9820152283
3600,103.812953806
3601,111.398114538
3602,92.6248237133
3604,94.5319267273
3609,115.4119133
3610,109.112368822
3612,111.777091742
3614,113.039722776
3615,93.6371183872
3617,95.7287603855
3618,112.108078337
3619,112.28414259
3620,111.737708092
3621,93.5892503738
3625,94.4462470055
3626,102.957215309
3630,102.898161745
3631,94.363046217
3632,105.387338257
3633,93.4208262444
3634,112.02129488
3637,93.6455140114
3639,93.9179166317
3640,112.324039078
3641,94.239969492
3644,113.2147295
3645,93.5112840176
3646,94.0562404633
3647,95.4090372562
3648,111.134943247
3653,111.982508516
3654,93.8187619209
3655,111.346532869
3659,102.473411083
3660,94.2923919678
3662,112.187132597
3666,93.73167696
3668,94.492593956
3671,93.8289943695
3673,93.7475642204
3674,111.784742594
3675,93.5864015102
3681,93.0504787922
3682,111.854369116
3686,111.07689724
3687,93.35964818
3692,87.9920650482
3695,111.928319883
3696,94.4015123844
3699,112.629124737
3705,113.916355848
3707,78.5010825157
3708,94.5582800865
3709,111.415368175
3710,93.7724199295
3712,93.7113360405
3715,111.389717436
3716,93.0920244217
3720,111.924327373
3722,78.4999819517
3726,94.7480619907
3728,93.6073903084
3729,112.416966438
3731,102.687928343
3735,112.25029645
3736,94.514523077
3739,102.560410595
3741,111.935243225
3743,103.170334005
3744,94.997952652
3745,111.519212723
3746,94.5477252483
3751,94.3897201061
3753,94.405073452
3760,111.868248987
3761,93.9987598896
3762,111.030677414
3763,94.1059522152
3765,93.8846635342
3768,112.133233738
3769,93.0756911278
3770,104.748341751
3773,111.755619764
3774,94.7265768528
3776,94.4972392082
3778,93.1473735809
3779,111.388519001
3780,94.8776037693
3781,113.279699945
3782,93.5993162632
3783,111.527331495
3784,93.8613462448
3786,94.6868991375
3789,110.899759865
3790,93.8707365513
3793,112.273896933
3795,111.440656471
3797,93.9102561951
3798,116.354765558
3800,111.972672701
3804,96.1080908299
3810,94.4317747116
3815,112.120736837
3816,96.1131025791
3818,103.296444035
3824,111.309217119
3828,103.825840283
3830,111.745237446
3831,95.2839315414
3832,78.2533607721
3834,111.738548756
3835,94.0288472652
3836,111.719636774
3838,94.4112333775
3839,115.902855492
3840,112.034500503
3845,94.3726555347
3846,110.851034164
3847,93.8881943226
3849,78.1816687822
3853,111.722959089
3855,105.824477434
3856,93.9313158035
3864,78.5169173002
3865,94.0817573071
3866,112.13051548
3867,93.387113142
3868,111.969585419
3869,94.2551332951
3871,93.0519491196
3875,103.136465788
3876,93.4941287518
3878,93.162608242
3879,111.187087917
3881,111.969743299
3883,112.084612942
3884,93.023082161
3886,112.643033171
3890,94.4286191464
3893,112.066227961
3897,105.030055904
3901,93.2232130528
3902,111.012628841
3913,114.901609278
3914,96.3818767548
3916,92.6854254246
3917,112.002746296
3924,104.819630384
3925,94.0757580757
3928,94.391432333
3929,112.206350517
3932,95.0494056225
3933,104.261110258
3934,78.3946435452
3935,92.5669249535
3936,94.1192981243
3937,110.898308849
3938,93.2142661095
3939,111.7358006
3943,92.7818233013
3944,111.346687937
3945,111.803303432
3946,94.1973543644
3947,111.614980459
3948,93.4945222378
3949,111.383195782
3950,93.9518642902
3951,111.531216574
3952,93.8018168926
3953,111.971215343
3961,114.491950083
3962,94.1505296707
3966,93.8738103867
3967,103.488506365
3968,94.6221025944
3969,111.922304916
3970,94.3428783417
3971,104.416085005
3973,93.6247070789
3974,112.553522825
3975,112.191426277
3977,92.4037927628
3979,111.827664375
3985,94.271937418
3986,103.520893383
3988,111.633763599
3991,93.807260561
3992,103.869910812
3993,94.8263810158
3994,94.1536088467
3995,113.379158544
4005,111.871078253
4007,92.792704153
4008,103.580159235
4009,94.5445585728
4010,114.095285416
4011,78.5340544462
4012,92.9625353336
4013,105.643956661
4015,111.276264572
4016,111.959335375
4018,111.493697977
4025,94.1085041046
4026,112.118992376
4028,112.448307848
4029,95.6401231289
4031,93.97235322
4032,112.092422533
4033,94.4158198833
4034,103.311053133
4037,93.3924120426
4038,102.848267174
4039,94.7344517231
4041,94.5023955345
4042,110.891202879
4043,94.245035553
4044,104.267785502
4045,93.9046368599
4046,113.021448898
4047,93.7620425224
4048,105.101951027
4049,95.5983380795
4051,93.9355428219
4052,112.319160461
4058,103.310566187
4062,111.323021746
4064,111.852355194
4067,92.7752454281
4068,78.2577013254
4070,93.2662667751
4072,114.524583149
4074,113.086178112
4075,94.1463346004
4076,112.410613155
4077,94.1218864918
4078,112.18251667
4080,104.303342819
4082,111.938886833
4085,93.8367060661
4086,113.875427485
4088,112.118444395
4089,93.9815756321
4092,78.2464332342
4094,93.4416397095
4095,112.222679138
4096,94.2799833298
4097,102.920923996
4102,95.8928835869
4105,112.186352777
4107,112.018912697
4111,93.9703418255
4112,103.560956907
4113,94.4676261425
4114,113.37296195
4115,93.0623622417
4116,111.377722406
4117,94.221750927
4118,94.6101017952
4119,111.818254185
4120,93.4306851387
4122,79.333938241
4125,94.217773056
4126,111.955361223
4129,111.336619091
4134,113.460793734
4137,94.468549633
4141,104.416437531
4142,94.4643035889
4144,94.5054642201
4145,104.82711668
4146,95.6693323135
4150,93.3910381794
4151,79.0215076923
4154,92.7788804531
4156,93.8327593326
4157,111.806476116
4159,111.963009453
4160,93.5492678642
4161,111.464947462
4168,94.2497383118
4171,103.01965642
4172,107.784223747
4173,98.4930830002
4175,94.2779975414
4176,104.283565521
4177,94.5056570053
4178,102.820047998
4179,94.4049862862
4181,112.376417398
4183,95.6459998608
4184,113.692634249
4185,92.9064354897
4186,112.291133213
4188,116.811308622
4190,112.023471212
4192,93.1852492333
4193,112.058057642
4194,111.838271523
4195,94.9587769031
4196,78.493687129
4202,94.8665823936
4203,106.831619263
4208,94.0368267536
4209,113.73133812
4210,93.5353435993
4211,110.793037558
4212,116.23647232
4214,103.736506844
4215,94.2934621811
4216,112.186656666
4217,93.2323000908
4219,94.6296841621
4222,110.90447669
4224,78.6762949467
4231,104.03039403
4232,95.6467760563
4234,93.3942000866
4236,94.5056428433
4237,103.583500147
4240,94.5006996632
4242,104.96217041
4243,93.6836167812
4247,94.1918673515
4248,112.570976019
4249,93.1162304401
4254,102.819971418
4263,94.3857707024
4265,111.832943869
4267,111.491583109
4268,111.986415911
4271,112.126510429
4272,98.3782711506
4273,111.653660822
4274,93.1178994656
4276,93.7611292839
4278,94.0160200596
4280,94.266327095
4281,112.012513733
4283,93.7873184204
4284,111.353158426
4285,94.6779868126
4286,112.01385541
4287,94.52729249
4288,114.657128716
4289,93.288416338
4290,80.1102871656
4293,93.0516144753
4296,110.358897209
4297,97.1700294495
4299,92.6182242393
4303,112.331500626
4310,95.5113310337
4312,103.382786512
4318,104.010066176
4320,113.014456511
4322,93.7698153496
4323,116.088612604
4325,103.186404085
4326,111.453695393
4328,104.089854383
4330,103.265718412
4332,111.524258232
4333,94.090484333
4335,93.8790455818
4336,111.051358223
4338,104.910129118
4341,93.7414196014
4342,104.099384642
4344,103.185040665
4347,94.6319605827
4348,103.973455811
4351,107.470389366
4352,93.1620230675
4353,111.927275372
4355,102.865887308
4356,93.9553849697
4359,103.374250507
4360,94.2414788246
4361,93.7938886166
4364,94.2571341991
4365,103.781311989
4368,94.575667572
4372,95.1680109024
4374,92.9656486511
4376,94.284584713
4377,103.555359364
4380,94.7623609066
4383,105.834549522
4384,94.0580169678
4385,103.320748711
4389,93.5724507809
4391,93.995113945
4392,112.643335962
4393,92.6785401821
4395,93.7425374031
4396,111.521347094
4398,112.450322771
4399,103.797190094
4401,92.4926485538
4406,94.484632206
4408,103.142216158
4412,103.99675765
4415,94.122688055
4418,113.841668415
4419,92.9779514313
4420,78.4454824686
4422,111.401132011
4423,92.9782587051
4425,93.9870158672
4428,112.839599228
4431,112.634645319
4434,92.2895047188
4436,94.0639293671
4437,112.425920916
4439,115.828863859
4440,93.8811536789
4441,112.185018682
4444,94.6333001137
4445,103.514504719
4446,94.2084296703
4447,112.652552652
4452,103.598506975
4456,111.920600414
4457,94.0293563366
4458,111.726092625
4460,94.0379376411
4461,115.879129887
4462,93.7840987205
4465,102.984521389
4466,104.558329582
4468,94.9520634174
4469,103.845034409
4472,112.169820261
4475,93.7086362362
4478,93.5122189999
4479,111.821729755
4480,94.2354977608
4483,78.9330482483
4484,93.9771635532
4485,103.657152224
4486,94.4733748913
4488,93.8983481407
4489,103.739605522
4490,94.567347908
4491,109.019062328
4492,94.7194908142
4493,107.239522743
4494,94.2578521729
4495,102.901636171
4498,79.1438996077
4499,94.8268139839
4500,103.144520473
4503,112.982851315
4505,102.962370729
4506,94.4193717003
4507,94.1761081219
4508,104.11799593
4510,111.664493036
4511,92.0163456917
4513,94.4615132332
4516,78.5953116417
4519,96.1583675861
4521,94.0349012852
4531,92.9292355537
4532,78.8380624771
4533,102.261360216
4534,112.700919151
4536,104.111114264
4537,94.0350368977
4539,94.8437275887
4542,102.871637249
4545,93.0597844124
4549,92.8519555569
4551,93.9156737804
4554,103.298254204
4556,112.77787261
4559,112.923907089
4561,111.946895695
4562,111.215424442
4566,112.765518951
4569,94.0861143589
4570,111.579965973
4573,94.3205255985
4574,103.495230913
4575,94.1985460758
4577,94.1734160423
4578,111.015573359
4580,111.504010296
4582,92.7870327473
4583,111.437793016
4585,94.3915339947
4587,104.103016472
4595,93.3618415356
4596,111.933176136
4601,94.1606170177
4602,112.112847328
4603,94.9512842655
4605,112.881354809
4606,93.1151024342
4607,113.491735077
4608,94.4169685841
4610,94.6155030251
4613,103.537581682
4617,93.479806757
4618,111.091464281
4619,93.2299736023
4620,94.7534997463
4622,101.261931038
4625,94.0115884304
4626,104.102818823
4627,94.8006457806
4629,92.8263576031
4631,92.6104651928
4633,104.102911711
4634,115.897682524
4635,94.0340303421
4639,93.4816541672
4640,104.936531067
4642,102.852065754
4644,111.510205793
4646,104.102911711
4647,94.22145257
4648,78.8007949591
4649,93.980266428
4650,110.805393886
4655,92.8454158306
4660,93.5937281609
4661,113.728660011
4662,92.2705601215
4663,112.376019382
4665,93.9318070888
4666,112.78420496
4667,103.041959763
4668,94.6988420963
4670,93.7519713879
4671,110.954212761
4672,95.8187222958
4673,102.95953021
4675,106.896115065
4676,94.6032985687
4677,111.20757184
4680,94.2371114731
4682,93.9806954861
4683,112.696460056
4685,104.076717854
4686,94.0968009472
4688,112.647616243
4690,113.758608627
4692,112.602322817
4693,94.3073335648
4697,93.5204549313
4700,111.390460491
4702,111.429605722
4707,116.281433868
4708,94.2244911194
4710,86.0105441809
4716,100.407189846
4717,94.6382255077
4718,95.2146446705
4720,95.1151898861
4721,79.5488279581
4723,95.5942671776
4726,112.273006153
4727,92.8825987339
4729,94.9648516178
4731,94.7719925404
4732,113.284145641
4735,94.806436348
4736,103.35146904
4737,96.1148416996
4738,111.852790499
4739,111.13046937
4744,103.132000351
4747,95.0167955875
4749,112.962806272
4750,94.2598497391
4752,112.55638423
4755,95.7995228767
4756,103.968849945
4757,112.449484253
4758,94.3068142891
4759,103.438244772
4763,94.9684593201
4764,103.752787924
4765,95.8377433777
4766,93.5614433289
4767,113.104382753
4769,112.541793251
4770,94.6428665161
4771,85.7195849419
4772,104.722263241
4774,112.87848258
4776,113.466155529
4777,112.059352398
4778,95.3688538551
4780,94.2982814789
4784,94.4049185276
4786,95.8578444004
4787,78.548888135
4788,97.3155154705
4789,112.529589319
4791,104.151187611
4792,94.2366781712
4795,112.358293533
4796,93.7139174461
4803,93.6090250015
4805,95.2399620533
4807,94.6078080177
4809,94.6224211693
4816,95.1379811287
4817,79.4129460812
4818,92.5569253921
4820,95.0655601978
4821,102.950469351
4823,111.666470051
4824,94.966096592
4825,112.743228912
4829,103.239229918
4830,96.0236532688
4831,113.557746935
4833,104.377673769
4836,99.2294179916
4837,112.658566761
4838,93.3252576351
4840,94.2344481945
4841,78.6998986483
4842,93.4099381447
4843,112.52761631
4844,93.5785645485
4849,107.253905725
4851,105.165436649
4852,94.9023795128
4858,93.7904736519
4860,96.0354720592
4863,112.413955355
4864,95.0612362862
4865,112.496510792
4867,112.543777132
4868,94.2230454445
4869,112.295249701
4873,93.5399843693
4875,95.3243600845
4876,112.245334101
4877,94.536449194
4878,111.081542301
4880,78.5821526527
4886,113.081395102
4888,103.108918953
4889,94.9357721806
4890,113.978255892
4893,94.8227558136
4895,94.7461391926
4896,104.475695419
4899,94.2606857777
4901,95.4303473472
4902,112.509494543
4903,94.0060381412
4904,112.474493027
4910,93.7725271702
4912,93.6228638172
4915,95.6391497612
4916,103.722369623
4917,94.7866253853
4920,104.647078466
4927,102.838467693
4928,94.9767899036
4931,103.13911767
4934,93.8162214756
4936,95.4807584286
4939,113.338443661
4942,113.222092628
4943,97.940381813
4944,103.140093136
4945,94.2388596058
4947,111.115181923
4948,94.3292948723
4951,94.6847180843
4952,112.4076406
4953,94.1534431934
4956,93.9804498196
4957,114.095286989
4958,94.0260487556
4960,94.4193800926
4968,94.5277770996
4969,104.732797527
4971,104.032562399
4973,112.971069717
4975,113.406713963
4976,94.5650435925
4978,94.8989854813
4979,112.250139189
4982,95.9905428409
4983,111.130874443
4984,95.3085450649
4985,116.367638779
4986,94.3568481445
4987,116.609914637
4988,95.7786410332
4994,95.3445298672
4995,95.2854701519
5002,87.7324448586
5004,94.8304840088
5005,103.321688271
5006,95.2139969826
5007,103.059962893
5009,111.725570154
5011,112.964055491
5014,95.3393661976
5015,103.798606682
5018,93.9858467579
5019,112.606929541
5020,93.6677608013
5021,111.910652494
5022,94.4996850014
5023,94.1527379513
5025,96.3032505989
5032,93.7854585171
5034,94.1708627701
5036,93.812560606
5038,94.8818643093
5039,112.713642073
5046,95.4830049992
5049,112.618825054
5051,95.3209920406
5052,93.4450040817
5053,112.729754925
5054,95.7955379963
5055,94.7180983543
5057,94.2964607716
5059,94.3319445133
5062,96.7293138981
5063,112.45528636
5065,113.612205696
5069,94.47119627
5071,96.0868051529
5074,114.051517773
5075,93.373644495
5076,113.802927065
5077,78.5011827946
5079,103.746239328
5080,94.9756068706
5081,112.643389988
5083,103.546415043
5088,104.258921909
5089,95.1502551556
5093,111.168462753
5094,104.605884171
5095,96.7028804779
5099,111.533596992
5101,111.96741786
5103,102.783755636
5104,94.537068367
5105,112.076501846
5107,93.5043478012
5108,112.385313368
5109,94.1795911312
5111,93.8728791714
5112,111.066322184
5113,94.2969210625
5114,112.528474283
5115,93.7947077274
5118,94.4368947029
5122,94.9967483997
5123,78.5407958269
5125,94.3264122009
5127,103.4168468
5128,94.5738316059
5129,114.567919016
5132,94.7622815609
5134,115.009304905
5135,94.5677061081
5137,112.527471352
5142,93.7659243584
5143,103.501271009
5144,94.0510186195
5148,93.8246569157
5149,94.374619627
5150,105.034978247
5154,78.4849864721
5155,94.3979175568
5159,94.7122005463
5164,93.9789681911
5165,114.328750324
5166,94.2706750393
5167,112.181830025
5169,93.6009413719
5171,92.5648182392
5172,111.518529606
5176,94.2040283203
5184,112.397314262
5185,94.4910406589
5186,112.190972185
5188,105.135688734
5189,111.596711492
5190,94.1553603172
5191,114.330937529
5193,111.635804415
5196,94.1095921993
5199,78.4784662008
5200,103.23902359
5203,93.0957831383
5204,113.288567877
5205,93.7500439167
5207,94.1201431274
5208,109.433031273
5212,94.7309468746
5214,94.1712072849
5218,93.2942212582
5220,94.2827703476
5222,92.8831672668
5224,95.3942019463
5225,104.183387423
5227,110.808086395
5229,103.618241739
5232,92.2206778526
5233,115.308797026
5234,102.867523098
5237,111.564981842
5239,112.562724113
5240,92.7030723095
5241,112.431570959
5244,94.1093774796
5248,112.306031609
5251,92.5979046345
5253,94.4310118198
5255,94.4175141335
5256,103.654674196
5257,94.940556097
5259,95.9799870968
5260,112.409067059
5266,93.7957409382
5268,94.2021730423
5275,111.54260416
5276,111.940309143
5277,95.1592695713
5279,94.0740747452
5280,103.470666408
5281,93.5119858265
5283,96.5604128361
5284,78.6846552372
5285,94.8511888981
5286,103.155029058
5287,93.6315980911
5289,98.5415482998
5290,111.637293243
5292,109.338477707
5293,94.415041399
5294,102.936591768
5297,94.3750524998
5299,104.328837013
5302,95.3436303616
5305,78.4391120434
5306,94.1318648338
5308,94.001477623
5309,94.4511262417
5310,110.207837057
5312,111.436943245
5316,113.22666502
5317,94.9483129978
5319,78.522164011
5320,95.3722731113
5323,93.8538589954
5329,112.203296566
5331,111.02228632
5334,111.69499712
5336,112.0818789
5338,103.582209778
5341,94.6678684711
5345,95.794291544
5348,94.260391283
5349,113.161842394
5355,106.965673733
5356,94.4738174915
5360,104.34238286
5362,111.364540529
5364,112.66325345
5366,107.391985798
5367,94.5958715916
5368,94.2770030498
5370,94.9433598518
5371,78.4192415476
5373,104.133285379
5375,111.580827952
5376,93.1324276924
5378,112.468378305
5379,94.7515476227
5383,94.0403673649
5384,103.39576416
5389,112.28927207
5391,80.9952187538
5393,112.610633516
5395,112.313368797
5397,111.506025362
5398,93.5058969021
5399,112.305768204
5401,116.881573868
5402,93.3854026318
5403,111.828487539
5404,93.7719960213
5407,78.6771200895
5408,93.6921518326
5413,112.253791475
5414,94.1323784351
5417,94.3113137722
5418,109.348162222
5420,112.58031764
5421,93.4614368439
5424,93.9430988789
5425,113.481255627
5426,93.9957145214
5429,111.895605898
5431,94.4463811874
5437,102.793361616
5440,92.9188145161
5444,105.308772659
5446,104.027361679
5447,94.3605271816
5451,95.3955177307
5452,112.544845438
5455,102.951615048
5456,94.5464601517
5458,93.9980053902
5459,113.113340759
5460,95.2826833725
5462,95.1114472866
5463,112.037099981
5464,94.3497107983
5465,113.05432229
5466,95.234773922
5467,103.058130217
5468,94.9871099472
5469,112.904567242
5472,95.5538236618
5474,94.2251573086
5475,112.756375408
5476,96.1059143543
5479,103.88720727
5480,112.793029404
5482,112.316646624
5485,92.8728348255
5486,117.265266228
5488,80.7239196301
5495,103.673571253
5496,94.6227933884
5497,112.289607143
5499,112.246810675
5503,93.5046929359
5504,93.9070908546
5507,98.249026823
5509,93.7520059109
5511,93.9066732883
5512,112.267758656
5516,111.261600256
5517,94.6626786709
5518,103.542758894
5521,93.9329492092
5522,103.462675047
5527,94.7559207439
5528,94.5716159344
5529,111.413413668
5532,95.5434723854
5533,114.981194496
5535,104.387214708
5536,103.0945117
5540,93.5245877266
5547,94.7304096699
5548,112.073848343
5550,78.8918363571
5551,94.4991012573
5554,111.458377028
5555,94.3256548882
5559,111.613098288
5560,92.4298041344
5561,112.537240982
5562,92.9584955215
5563,112.442718029
5565,78.5249587774
5566,94.0942934036
5567,103.060694456
5568,93.9342707634
5572,94.7047097683
5574,94.2225209713
5576,94.8579806805
5579,111.978641319
5580,78.2638747454
5581,93.8907684326
5583,94.0543197632
5584,111.3174891
5586,111.304730987
5587,93.5788479328
5589,102.360344887
5591,102.613223934
5592,93.3278463841
5593,115.120473289
5594,94.2855144501
5595,78.4287670612
5596,111.695103073
5597,111.491598797
5598,115.69325552
5599,93.7677188396
5602,112.162822866
5603,94.2848103523
5605,93.7646206379
5607,93.6240010738
5608,113.540299082
5609,93.2738716602
5610,93.2728651047
5612,93.8340866566
5613,111.398486662
5614,93.9093037128
5616,94.2265947342
5621,95.117270565
5623,94.4500885487
5628,113.593915796
5629,94.17535429
5631,95.4917349339
5633,96.2881023407
5638,104.0520504
5639,95.781419611
5640,104.738906384
5645,94.1682278633
5646,78.4171645165
5649,94.6698283195
5653,112.03671813
5655,113.638534069
5656,94.5867377281
5658,93.9616374969
5662,117.050495005
5663,92.5987904549
5667,93.6533653259
5670,93.828711319
5671,102.452861166
5672,94.4105374813
5673,102.817092705
5674,94.1633392334
5675,103.637681866
5676,94.7219288826
5679,112.654219675
5683,112.106939697
5687,94.2731523991
5688,78.3286268473
5690,94.4452138424
5691,112.242279005
5692,93.0652556896
5693,112.093801832
5694,94.9361277103
5697,111.86819272
5698,92.5284789085
5699,112.869638967
5704,94.5837634087
5707,112.745332479
5709,102.841906452
5710,94.5069314003
5714,94.0637664318
5718,94.3799587727
5721,95.2882271767
5723,95.6859595776
5724,113.278156376
5725,94.4525760651
5726,112.490254974
5729,102.624562407
5730,103.625222683
5731,94.6760224819
5733,78.4766098261
5736,94.1036225319
5741,103.801601219
5745,112.19749136
5747,94.9046841621
5748,104.0982265
5750,111.354743481
5751,94.6978028774
5752,94.4657052994
5754,94.8311922073
5755,94.5411350727
5757,94.6078921318
5758,115.89885006
5760,103.682236719
5762,103.030426741
5766,111.110263968
5768,97.1203800678
5769,115.828310204
5770,93.9352750778
5771,111.663547659
5772,93.5811050892
5773,112.078950643
5774,94.3738277435
5776,93.5307524681
5777,113.051868439
5778,93.7719769001
5780,112.26546545
5782,93.8654031277
5783,81.2760871887
5784,95.9075297832
5786,95.3905214786
5788,94.4453782558
5789,112.211806965
5790,94.2792919159
5791,103.715347195
5793,105.612283325
5794,94.4327117443
5796,116.406416845
5797,94.5621320248
5801,94.3051259994
5803,94.4232499599
5804,112.254563808
5805,94.3120491505
5806,78.6308822393
5808,111.801629925
5813,94.7584992409
5815,94.3322315693
5816,105.521601296
5822,93.8838385105
5823,111.980793571
5825,106.233158493
5827,112.259064055
5829,102.581614685
5830,94.4490043163
5831,112.566605234
5832,94.1253215313
5833,111.703424454
5837,113.037146425
5838,94.4326167107
5839,94.5867526531
5842,104.925905323
5844,112.031239605
5845,102.922165251
5846,112.193076086
5848,78.4051192045
5850,111.97727952
5851,92.971245861
5853,96.5577463627
5854,103.58271451
5858,104.781454372
5860,111.546131706
5864,102.946031761
5866,94.55589118
5867,112.69884963
5868,93.0425584316
5869,112.606196499
5870,93.7655337811
5871,111.757595634
5874,113.375964689
5876,111.296263027
5877,92.2385674
5878,94.3432397842
5879,111.845631313
5880,93.3209233284
5884,93.3284449577
5886,110.99800539
5890,102.011235571
5896,93.6575976372
5897,102.592584801
5898,96.1968678951
5901,103.680468464
5903,111.67467041
5906,93.0303758621
5908,112.249052715
5909,93.2778392315
5910,111.093603706
5911,94.0916437626
5912,111.870230961
5914,113.218196535
5919,111.413895273
5924,93.5458523273
5926,94.3416184902
5929,103.663739443
5930,94.686637783
5932,94.7283514977
5933,114.042787075
5934,93.1786346912
5935,111.655620527
5936,93.4992493629
5937,111.527705431
5938,94.4876355171
5939,110.801631069
5942,111.243104982
5943,93.8444577217
5944,104.629699993
5946,111.202296066
5951,92.6895592213
5953,102.640231752
5954,94.2547240257
5957,103.239673614
5961,94.360330677
5962,105.164296818
5964,78.7828246832
5965,93.8132149696
5968,113.093580246
5969,93.3299551487
5974,93.2862037659
5975,111.707446861
5978,78.1281243086
5981,103.148677301
5982,94.550671339
5983,113.455871964
5989,110.67251544
5991,93.7319509029
5992,103.12501483
5995,94.4473935604
5996,102.4613657
5997,111.486150169
5998,93.6027316093
5999,78.8257645369
6001,111.271130514
6002,95.1916481018
6003,112.742405129
6004,94.2520468712
6006,111.802423859
6007,94.3297515869
6011,101.714610147
6012,103.236640215
6014,94.0596739769
6015,102.419663668
6016,93.0835041523
6017,111.636397648
6018,95.7311396122
6024,94.2401714325
6025,103.525414324
6026,112.472351742
6028,110.653534222
6029,78.0825005055
6030,93.8085159302
6036,113.032764387
6040,93.5625371933
6041,111.657544708
6042,93.7296597958
6044,93.4086228848
6045,102.968491602
6047,102.957063675
6048,93.5911117554
6049,111.806174231
6051,115.226349974
6052,112.893301487
6053,91.864906311
6054,111.585117197
6058,105.014844751
6059,93.8707979679
6062,95.1075788975
6063,115.675329685
6064,102.410117197
6065,93.5539660931
6067,94.1620194912
6068,111.243359518
6070,102.505476141
6071,102.855854797
6072,110.705580997
6080,110.750923109
6081,93.7580142975
6084,105.098584604
6087,93.9113930225
6089,104.20982008
6092,110.689101982
6094,93.4109398842
6095,111.59419899
6097,113.852557278
6100,93.453781271
6104,104.007056856
6105,93.9194478035
6106,110.830569696
6107,78.4364697933
6108,93.3261293411
6109,110.677366877
6110,92.8502645016
6114,110.671319437
6116,93.8768366337
6117,102.999125528
6118,93.9296051979
6123,78.2281373739
6125,111.732439613
6128,111.553043509
6130,102.72172904
6132,110.806980515
6137,78.708698988
6139,114.007262135
6140,93.2955860615
6141,113.789216137
6142,103.500498724
6144,108.43137908
6145,93.5852200031
6146,93.5692752361
6149,92.2029173851
6156,94.0679334641
6159,112.600788069
6160,93.2972756386
6162,102.462076902
6164,110.833589458
6165,92.9231083393
6168,80.3436322451
6169,111.088845539
6170,93.4718192577
6171,111.399302054
6172,92.2142889023
6173,114.245563841
6176,100.969593477
6177,91.9285504341
6178,94.0963767529
6180,93.8370043278
6181,102.785831118
6182,94.1951931953
6185,92.8348334789
6186,111.221295786
6188,111.360912609
6189,93.7866083145
6192,105.083149099
6193,93.7219856262
6194,102.942816591
6195,94.1719935417
6196,115.038760948
6197,93.6759059906
6201,111.50725255
6202,92.9757496834
6203,112.651367617
6204,93.9097888947
6207,116.507309151
6209,97.1199327469
6210,93.3929396152
6211,112.533686733
6213,111.555405426
6216,92.013565588
6217,93.0291039467
6219,93.4710047245
6222,78.1223716021
6223,94.6000518322
6235,98.4008618355
6240,93.5745678902
6242,93.0766017914
6247,93.5961341381
6251,111.709103537
6254,111.734781218
6255,93.1952170372
6260,102.457230425
6261,93.9590856075
6262,104.618824911
6264,111.52088728
6269,103.328311872
6271,106.687309837
6275,111.055716896
6276,93.4386291027
6278,93.7527645588
6279,111.763402748
6281,113.322793102
6284,92.8774847507
6286,93.7981437206
6287,78.3748864412
6288,93.9288386345
6292,93.5556276321
6293,93.9434679508
6295,93.9163829803
6298,111.609894133
6300,111.49489336
6304,102.929195929
6308,111.525119114
6310,94.0362456322
6312,110.693173313
6320,94.3549684525
6324,92.8996331215
6325,111.908923912
6330,94.7204991341
6336,111.195062685
6340,105.496588612
6341,98.6599727154
6342,104.120470142
6344,93.7549165249
6345,112.03397975
6347,111.807883215
6348,93.7350401402
6349,111.549758244
6351,78.0232678652
6353,111.65388689
6354,94.1191805839
6357,94.3753032684
6358,103.264688826
6360,102.529929781
6363,113.468030119
6364,91.7297925472
6368,113.075471687
6370,94.075595808
6371,94.5675551891
6377,93.5164652824
6379,93.6812004566
6381,93.249825716
6382,78.0666526318
6383,111.948603916
6388,110.976415682
6390,111.228575134
6392,101.738126469
6393,94.2165369511
6395,93.1605104923
6398,102.666270924
6401,78.0080431223
6402,93.7898413181
6403,110.7461308
6405,93.4330555916
6406,92.5957559586
6407,112.343210459
6409,102.752470064
6411,92.9584484577
6413,93.8652576923
6416,104.664171123
6417,94.2105393887
6418,93.3855380535
6419,117.237649536
6420,111.105694342
6426,111.217615366
6429,93.0326665401
6430,93.7271220207
6431,110.568038559
6432,96.8354609489
6434,94.409509325
6437,112.148155403
6438,93.9451379299
6439,102.319660568
6440,93.8354465008
6441,93.7986535072
6442,110.149309635
6443,94.335394001
6445,93.8565650463
6448,111.783327389
6450,110.567731905
6453,94.0081926823
6455,93.5926859856
6457,92.730196619
6458,110.699503851
6461,93.9844232559
6464,111.259635019
6467,93.2418824673
6469,93.9382444859
6470,77.9946032047
6471,92.9118875027
6473,102.245271778
6474,93.4662461281
6479,93.3671274662
6481,93.2228851318
6484,110.546592379
6495,92.3122890472
6496,111.794611073
6505,110.619975138
6506,93.8559036255
6508,98.7609267235
6509,93.2752290249
6510,102.815803051
6512,102.848061085
6513,93.5509454727
6514,112.553623724
6515,92.5679959297
6519,93.5478368759
6521,93.0439404964
6523,78.374014473
6525,104.090016031
6526,93.1694361687
6528,93.6144839287
6529,111.801225281
6531,102.704499722
6533,103.92357378
6534,94.0822509289
6535,110.571234942
6536,92.3860773087
6537,111.733998394
6540,92.9886383057
6541,111.51381011
6547,93.3255946159
6548,111.076519203
6551,111.419490433
6553,110.364400768
6555,104.881695175
6556,97.1706299305
6561,78.157564497
6564,92.7519340992
6565,110.569379091
6568,93.4050923347
6569,109.932629776
6573,101.717845869
6574,93.9163990974
6577,110.885237265
6579,113.509224176
6581,92.8069132328
6582,110.329696655
6585,104.39230628
6586,95.8052369595
6589,102.684093666
6590,77.8595355034
6593,92.9526125908
6594,110.641592312
6595,92.2353387356
6599,92.4590482235
6600,94.3886884689
6601,111.958677387
6602,91.2803496838
6603,111.541352034
6604,92.8849069118
6607,102.536582279
6608,103.346985912
6609,93.423291111
6611,92.94931283
6613,109.931176186
6614,93.5438379288
6616,98.2270545959
6617,109.929718638
6618,93.6759735107
6619,101.488605499
6621,104.853506994
6627,102.178000402
6629,111.93159132
6631,77.7881087065
6634,92.9504801273
6636,93.6846779823
6638,93.4092157364
6639,109.90835166
6641,110.785857296
6642,93.2255735874
6651,113.549379921
6654,78.1263641119
6657,93.5147758961
6663,92.6475818634
6665,110.011663342
6666,93.2593605518
6668,93.685916853
6669,104.736258173
6670,93.2164061069
6671,93.1512752533
6673,94.8983527184
6675,93.0692934513
6676,77.7223686934
6677,93.2638755798
6679,93.0339263439
6680,110.798617315
6681,102.747108364
6685,102.516478109
6688,94.1336967468
6689,92.0208807468
6690,111.377864122
6692,109.869081831
6693,93.9482531548
6694,93.3941230774
6698,116.026660442
6699,92.9045984745
6700,111.649425793
6701,92.5355733871
6702,110.821664286
6704,92.0546786308
6707,110.193715572
6712,110.657838917
6713,92.6804401875
6715,93.5059295654
6721,110.386840296
6722,93.0251564503
6723,111.362745714
6724,93.1725462437
6725,116.144872856
6731,111.063433075
6735,80.3048732519
6736,93.4917606354
6737,106.897122383
6738,93.3477063179
6739,102.253966427
6741,102.023048925
6743,92.869622612
6745,93.5691060543
6747,109.898095226
6749,92.841823101
6750,102.37587738
6751,114.457099581
6752,94.6894970894
6753,109.64321599
6755,114.789167404
6756,92.8475559711
6757,101.90152607
6759,110.643300915
6761,91.9870283127
6763,92.6366086006
6764,114.647288942
6765,93.3176686764
6766,110.667956495
6768,110.719693088
6771,91.8684756279
6773,93.4244022846
6774,93.18300457
6778,103.324866867
6779,93.983720541
6781,91.8170117378
6784,94.4010728359
6786,92.5057588577
6787,110.544701767
6790,92.4766163826
6793,102.424811792
6795,109.422530413
6798,110.91268115
6806,102.085364342
6807,93.309385395
6810,92.9714751244
6815,109.702200365
6816,93.2513261795
6817,101.503873205
6818,92.8894124985
6819,102.071685839
6820,93.1414932251
6822,92.0784716606
6823,114.069263601
6824,110.181030846
6825,93.0807402611
6828,77.6392864943
6829,112.047245693
6831,109.806894875
6832,92.0699246407
6833,110.429703808
6834,92.5098230362
6836,94.5670818806
6837,110.402231836
6838,92.1801943779
6840,102.378593302
6843,91.5089478493
6845,90.9773347378
6846,93.1615571022
6847,110.444134474
6851,111.33821168
6852,93.1833055019
6853,110.266921234
6858,93.7674377441
6861,110.657722855
6863,111.468033981
6864,77.789022398
6865,92.443912363
6866,110.232483149
6867,93.9850447655
6868,101.745605278
6869,93.1310831547
6870,110.291086054
6874,109.906308126
6875,92.6565196991
6877,110.588832092
6878,92.5489085674
6880,95.0066580772
6883,109.703747272
6884,93.1490465164
6886,92.4732100487
6890,93.6203911304
6893,109.961741543
6894,92.2457963467
6899,110.428595734
6900,93.5255734921
6904,91.3034282684
6905,110.324195528
6906,91.7809248924
6910,92.3800718307
6912,102.341170788
6913,111.960742521
6920,92.722247076
6922,93.0966292381
6923,109.329656172
6926,93.1771253109
6927,109.684073687
6928,91.9657073498
6931,110.002036476
6933,92.8298960209
6936,91.7720171928
6937,110.066406584
6939,111.471380281
6941,92.8093631268
6942,110.851357174
6943,92.9352393627
6944,101.281789398
6945,93.2259106636
6946,109.828393984
6947,114.462530756
6949,103.123932695
6951,102.480291176
6953,110.178235054
6954,92.2776489258
6955,109.620903921
6963,109.251076603
6964,92.1360692978
6966,92.8762278557
6968,93.0408679008
6970,101.970222378
6972,111.05711627
6976,110.100775576
6978,110.119475699
6981,103.358883524
6985,102.091008234
6986,92.2449224949
6987,110.180342436
6989,109.8734972
6991,114.045202732
6993,112.096976376
6994,93.2213232517
6995,110.397227716
6996,92.5299695969
6997,111.554336357
6998,77.6649170399
7001,109.65785141
7003,110.302246285
7006,93.15042696
7008,101.355817556
7010,91.008427763
7011,93.0041292191
7012,111.454911995
7013,91.7902367592
7014,110.440558767
7017,102.359707546
7018,93.4230638504
7019,90.9077940464
7023,93.3168557644
7024,101.895573473
7025,92.2026342392
7026,110.312758589
7027,91.9665264606
7028,112.083993244
7030,109.337064743
7031,92.5715625286
7033,111.176481104
7036,92.715887928
7037,93.0777936459
7039,92.9820352077
7044,91.9624280453
7045,110.359828234
7046,94.4098213673
7049,103.170273113
7050,93.3856153011
7051,101.986425495
7054,109.581541586
7055,94.0361433506
7057,93.0158994675
7060,110.429551077
7061,95.1538835526
7063,91.6861161709
7064,110.305116129
7067,94.7182285786
7071,92.6763644695
7074,101.815886164
7075,93.2901408195
7078,110.360366535
7079,91.6184552193
7080,112.313444614
7081,93.5884642601
7082,110.523431158
7083,92.2976860046
7085,111.594449472
7092,101.983235312
7094,92.8211413383
7100,92.6682957172
7101,110.607427263
7102,110.127324152
7104,110.297290945
7105,95.1472100735
7106,93.3107214928
7107,100.736073303
7108,77.4603472948
7109,92.3282883644
7110,110.081564522
7112,93.5169056416
7113,102.386652231
7114,93.2453210831
7116,110.183140469
7117,100.511316967
7118,101.783992767
7120,93.2322981834
7121,101.834367037
7123,101.596619224
7124,95.0781926632
7127,106.06461029
7131,101.590404987
7132,92.7729803562
7133,90.9310049057
7134,109.95380888
7135,91.6961666584
7136,110.419171333
7137,92.107474184
7141,92.7109512806
7144,102.013854742
7147,110.085506487
7148,92.6848414898
7150,92.260522604
7151,93.2159263611
7152,101.788927698
7154,92.3059059143
7156,93.0882925987
7157,102.287921286
7159,114.507797861
7161,93.4085473537
7163,92.1099205971
7164,101.393779564
7167,77.5023161888
7169,102.157616568
7170,92.9513532162
7173,92.1949647427
7174,102.24980526
7177,110.188219786
7178,102.122811699
7179,91.844949007
7180,82.7716812134
7181,110.390509844
7182,92.5857037067
7184,93.1957867146
7185,112.422273684
7186,91.6743433475
7187,113.27608552
7188,92.9779210091
7189,110.927605724
7191,101.789824581
7193,109.267580318
7197,94.5206050396
7199,92.3945812702
7200,110.522286701
7201,91.6645422459
7204,93.1719219208
7207,109.686113548
7209,111.389511871
7210,92.5793418884
7211,104.041560984
7213,92.251012516
7214,111.559721613
7216,110.778658867
7217,93.6177956104
7220,110.261362076
7224,109.329184961
7225,92.4763676643
7226,110.777753067
7227,92.7770079613
7234,112.416586971
7236,77.6571972847
7239,102.02789197
7240,92.4886977673
7242,113.744445801
7244,109.59967308
7245,92.052931118
7247,110.717431116
7248,92.431125021
7249,114.797023582
7250,110.553084087
7251,92.4581136704
7252,110.159115314
7253,77.6369897604
7256,93.2605919838
7260,92.3384874821
7261,111.021046972
7264,94.459695673
7269,111.029436636
7270,92.8988646507
7273,110.323872232
7279,86.7691999912
7281,111.01242919
7284,91.3144207954
7285,112.014143753
7286,114.914243507
7287,91.775155735
7289,92.9618477821
7292,91.7787716866
7293,111.12695713
7296,94.0477979183
7297,110.643128872
7298,91.2450826168
7299,110.785519075
7301,101.41374383
7304,109.862200403
7306,115.716529179
7308,92.9653913021
7309,101.377240753
7312,91.7681545734
7313,77.6010550261
7314,92.3755933762
7316,92.3922562122
7319,114.683098507
7321,93.5337160111
7323,93.0134088039
7324,101.844405985
7325,93.0221624374
7328,100.989414549
7330,77.3911931515
7334,92.9868665218
7337,112.164593697
7338,93.8096765995
7339,91.8648766518
7341,91.8984525681
7342,111.613739061
7344,110.510913086
7345,109.920987129
7347,109.271982908
7349,110.973602533
7350,93.1469748497
7353,112.573411226
7355,110.61410079
7356,92.7363977432
7357,111.986450005
7358,92.6926366329
7360,92.530307436
7363,103.570105648
7364,92.8675377369
7366,92.9601696014
7368,92.9590060711
7369,110.211267138
7370,91.9861760616
7373,92.6799159527
7374,110.812317705
7375,92.5793552876
7377,93.1214988709
7379,91.7022872448
7380,114.103482151
7382,111.541578388
7383,93.4924930096
7385,92.4336293697
7386,102.465351486
7391,93.1815451622
7394,105.977464437
7396,110.457708693
7397,92.874979353
7399,93.3796954155
7400,102.217724323
7403,77.4070526362
7405,109.829709768
7408,110.84114871
7414,111.421341324
7416,102.739755869
7417,91.8845964432
7419,92.368953228
7420,107.337119055
7421,92.5997063637
7422,92.9306924343
7423,103.486274052
7425,77.394639039
7430,92.9841011524
7432,92.8202130318
7433,92.8631325722
7434,109.877577019
7436,109.310393667
7437,91.804598856
7438,102.814383268
7440,103.119594002
7441,92.2960227966
7442,109.983355904
7445,111.497818899
7446,100.893499231
7448,110.195069885
7450,102.628533554
7451,92.641758585
7454,110.540107155
7455,92.5063432217
7457,110.535635853
7459,100.94401865
7462,92.974531126
7464,92.5908827782
7465,109.490862846
7466,92.3626987934
7467,109.809688139
7469,110.190691566
7472,92.7185820103
7473,109.268553686
7479,92.7099967957
7480,102.848275328
7484,109.832120562
7491,92.5085346699
7494,103.455234718
7495,92.4267903328
7501,91.9396287918
7503,92.4768364906
7504,102.333012629
7505,92.0972400188
7508,110.328676224
7509,91.6911525249
7510,77.4788110256
7511,111.246390343
7515,92.9210940838
7516,102.160234213
7517,92.5287407875
7518,102.118106127
7519,92.547711134
7521,93.1149395466
7522,101.879454565
7524,102.309341002
7526,102.525431728
7527,92.4418558121
7528,101.208699656
7529,92.7649046898
7534,109.914388847
7537,110.675593996
7538,92.5143559456
7540,93.5062375546
7541,110.781319094
7545,111.239899921
7551,111.906587887
7553,93.1104498386
7554,101.155290604
7555,92.6960124493
7561,110.086949205
7562,94.112850523
7564,92.5112430096
7565,103.005151272
7566,92.465904808
7567,111.124284792
7569,101.30163126
7570,92.2926010609
7571,112.973900795
7572,92.9083396912
7574,101.651793623
7578,110.551749182
7579,92.4796977043
7586,91.6179337978
7587,83.5501446962
7590,92.6976332188
7593,109.198070431
7594,92.3177414894
7595,92.462781477
7600,91.9390765667
7601,77.522519803
7602,91.7947469711
7603,107.245351124
7604,92.1387254238
7606,91.9595010281
7608,111.938653374
7613,77.9383491516
7615,109.723423195
7616,109.148849297
7617,113.500018549
7618,92.3881171226
7619,101.891872311
7622,92.7146656513
7623,101.11686883
7624,92.7031472683
7625,102.18670516
7626,93.0262094975
7627,101.755531645
7628,77.3173469782
7631,102.409024191
7632,102.068321753
7633,92.4136911869
7634,112.839298821
7635,92.209319067
7636,111.434131813
7637,111.434304666
7639,92.1399692535
7640,77.2732972384
7644,110.508354568
7645,91.7709723949
7648,102.146598673
7649,92.5750803471
7650,110.001250315
7652,109.431083107
7653,92.3479858398
7655,92.4215563774
7659,110.143244839
7662,93.4057933331
7664,92.2799126148
7666,94.4730122089
7668,92.4221093178
7669,109.619157028
7670,92.775920248
7672,92.5242734432
7673,109.727457762
7678,91.5162324905
7679,78.020882988
7680,103.309565353
7683,91.0180892468
7685,114.719439268
7688,92.6856724262
7690,108.972889519
7692,92.0882832527
7693,92.2169338226
7695,111.906622982
7696,91.9382184029
7698,92.546778965
7699,110.725817347
7702,91.9702911377
7703,110.714898825
7704,92.7294219494
7707,111.126587868
7713,81.3934395075
7715,101.930370617
7717,109.999957561
7718,92.5689646721
7719,102.142927694
7721,106.274675942
7722,92.9178543091
7725,101.487997293
7727,101.691049528
7730,77.4274941444
7733,91.4634146214
7735,100.878941631
7740,110.790206098
7741,109.591272259
7742,91.4422757149
7744,110.470206785
7747,91.822533226
7750,77.225622344
7752,109.9968853
7754,110.80321188
7756,103.216875696
7757,91.9131864071
7758,102.665817595
7760,103.097416973
7761,92.2583656788
7763,109.746914339
7765,92.1178558826
7767,111.30174551
7768,92.2694663048
7771,91.4359318256
7773,91.0785711288
7774,110.585457945
7776,103.604168701
7779,91.6395786762
7783,91.291857481
7786,103.42541151
7787,91.8463514805
7789,91.9242886543
7791,92.2951580048
7793,91.9033473015
7794,110.347011471
7795,91.4019020557
7799,77.1828981161
7800,110.303460264
7802,92.7140545368
7805,111.800550842
7807,100.834290361
7808,92.2205273628
7811,102.840203476
7817,108.838307953
7818,101.826709032
7819,92.1337444305
7822,91.4714718342
7823,109.539592361
7825,110.144407749
7828,91.2519528866
7832,91.5702132225
7833,77.1394229174
7834,109.871651411
7835,92.2193542004
7837,92.293588829
7840,91.774971962
7842,91.6228824615
7843,106.082439804
7844,91.6963809967
7846,92.2299870014
7850,92.4719941139
7853,110.144512892
7855,111.612449741
7858,92.0771699905
7863,109.919041491
7865,110.048976421
7866,91.9150616646
7868,90.9494135857
7869,111.137607956
7871,77.0705771685
7872,101.356508589
7874,101.487541819
7877,110.184975386
7878,91.4728647709
7879,110.102545071
7881,91.3772058487
7883,92.3954514504
7885,101.2620718
7886,92.6584488392
7889,94.7000468731
7890,102.426686859
7891,92.5601024628
7893,92.0046218872
7894,102.648353577
7896,109.762998915
7898,100.832097244
7901,91.5848692894
7902,108.83723917
7904,112.898385525
7905,91.7533025742
7906,114.123248816
7909,92.3636363983
7910,100.915995121
7913,92.0002039909
7918,109.952994442
7919,90.8455509663
7923,90.8971632481
7925,92.2987142086
7927,90.273418808
7930,92.4600357532
7932,92.7166838646
7933,91.4519780159
7935,91.7198012352
7939,101.819500685
7942,91.4457620621
7943,110.86881814
7945,102.698556423
7946,92.4276078701
7948,92.6436865807
7949,108.82862072
7950,91.4059363842
7951,111.262199402
7955,102.08053484
7959,92.1374269009
7960,110.729292393
7961,91.964606142
7962,101.581011629
7964,102.320146227
7965,92.4824410915
7966,110.311566162
7967,102.003634119
7968,92.4608005524
7971,104.403979254
7974,90.8502565384
7976,106.170590401
7978,110.114858627
7982,110.736111116
7983,92.2335847378
7984,101.693370008
7986,91.4503395557
7989,108.832509804
7991,108.841414165
7992,109.874175072
7993,91.304604435
7994,109.850223827
7995,91.5561627865
7997,91.4043626308
7998,101.695869064
7999,108.811427784
8002,91.0430877686
8007,91.9130359173
8009,92.7860218525
8011,92.0992311001
8013,92.193610239
8015,101.934997702
8017,110.154839277
8019,114.481622458
8023,92.1003024578
8024,111.165239954
8026,110.392248631
8027,91.5126066208
8029,91.1740168095
8030,109.839249802
8031,91.7558663368
8033,94.6492893696
8035,92.1306845665
8036,102.528387117
8039,104.919371319
8042,90.2559660912
8044,92.2102433682
8046,77.2606511354
8048,110.952740049
8049,91.7551908493
8050,102.085494614
8053,92.252272892
8054,91.5751054287
8059,91.8467247486
8061,91.5704933166
8062,109.884661102
8064,109.747856045
8066,102.1999475
8067,92.3029901028
8068,92.1152000427
8070,92.6633295536
8071,111.299182606
8072,91.3421038151
8076,91.8602900505
8080,91.5754018307
8081,110.839575624
8084,100.840318155
8087,111.107498169
8089,90.5983228207
8090,113.846745014
8091,101.79838953
8094,114.530950165
8100,91.293830204
8101,92.0808450699
8110,92.0562423706
8111,108.846325111
8112,91.9399248123
8115,109.986048603
8116,92.4877315044
8118,109.749008322
8121,116.20003252
8125,109.699100494
8127,110.801710463
8128,91.8275033951
8129,108.759433508
8131,93.0876963615
8138,91.9542664528
8139,100.950992107
8140,91.8937448025
8141,91.0497220993
8142,109.485041285
8143,109.381193829
8145,110.382864523
8146,90.699291563
8148,111.020067787
8153,109.911564922
8154,90.802043438
8155,110.539198399
8161,92.3797278881
8162,109.883506584
8163,91.1409921169
8166,109.997562504
8168,110.128464651
8170,91.685982275
8172,108.899293756
8173,90.9807790756
8176,102.372516775
8179,91.8107874393
8181,92.3597102642
8182,114.180189753
8184,109.396924162
8190,103.032377577
8191,92.0745277405
8194,110.446161175
8196,110.348831749
8198,110.913695192
8199,109.696742773
8201,110.323611784
8202,91.9681835175
8207,92.5753502846
8208,108.728193331
8211,110.135501671
8214,109.720324755
8217,91.9314555168
8218,109.845677519
8222,92.2700221539
8229,104.814021635
8231,91.8433055878
8233,92.940201807
8236,91.7738464355
8238,111.688273478
8240,101.204781294
8243,102.164904785
8246,110.872126484
8250,91.8158740997
8254,92.891609478
8256,77.0120507479
8257,109.325693893
8258,91.3249897003
8260,92.4056568146
8261,110.029931974
8263,113.147930431
8264,92.0461469174
8267,109.334189033
8268,91.1372842312
8271,91.3224737644
8272,108.621223307
8275,93.1756151676
8276,92.1557718277
8277,103.805749512
8278,114.109615183
8279,92.0675210476
8280,109.279513121
8281,93.1314218998
8282,108.843427658
8287,110.721441841
8288,90.942809391
8289,111.482429791
8294,91.6588978291
8296,91.327473402
8299,109.804010916
8302,101.4940341
8308,110.156235218
8314,101.633696604
8315,93.4652655602
8316,109.034862566
8317,92.0064491272
8319,110.083992243
8320,90.7698352814
8321,115.413715458
8323,92.1738284588
8325,92.0371810436
8326,110.12982564
8328,108.751208019
8330,110.631987429
8331,91.7258089542
8332,111.229475307
8334,91.8168235779
8338,91.3848220348
8339,93.4284421444
8341,91.3034705639
8345,110.136561203
8346,92.4599617004
8347,101.671534681
8349,92.7650434017
8351,92.7294586182
8352,110.492579699
8353,108.953185415
8355,109.705195999
8358,109.006544018
8359,110.814310884
8360,91.5555151463
8361,110.392905426
8363,101.587155342
8364,91.7286375046
8365,94.6261044979
8366,102.131086683
8370,109.535298586
8372,92.1543004036
8376,92.3443659782
8377,110.474449825
8379,109.527487898
8380,91.5602119923
8381,110.319034147
8386,90.7043040752
8388,101.397666121
8389,92.568584156
8391,110.381853247
8394,93.1656350136
8396,105.118589115
8398,102.642497063
8400,111.849951124
8401,92.2954575062
8404,91.8091142654
8407,93.077083683
8408,111.393155003
8409,109.243794489
8410,104.406417751
8411,93.3271342278
8413,92.9191998005
8414,110.224869824
8416,93.8115884304
