y,ID
81.0154996872,1
96.5115024567,2
83.5794014931,3
78.5435141563,4
113.782328796,5
93.8261600494,8
112.530690956,10
95.8974981308,11
118.547502518,12
95.3292264938,14
118.530488586,15
108.102693176,16
100.110985565,17
96.1452766418,19
106.97179184,20
98.6578180313,21
118.365686989,22
103.155182076,23
94.9593763351,26
99.4936922073,28
100.991708946,29
100.480960274,33
95.0911941528,35
95.739995575,41
93.3477705002,42
116.204137421,43
103.7796175,45
103.258773804,46
93.9492235184,51
81.5599523544,53
114.953447151,55
93.7822723389,56
104.377427483,57
94.3702600479,58
103.543333244,59
112.131130028,63
94.0365550995,64
105.144184875,65
93.384161377,69
94.3517457962,71
103.538595581,72
94.2101535797,73
103.480571175,76
105.185890579,77
114.868814659,78
94.2765825272,82
105.130428123,83
94.202718544,84
103.021087074,85
112.157605553,87
95.524253273,88
113.641457367,89
93.7595695496,91
94.2724050522,93
105.095756721,94
93.3189413071,95
112.16265831,96
92.9071058273,97
112.088895035,98
93.4352687836,99
104.002543831,101
113.636307716,103
93.3137382507,104
111.607785225,105
94.1288471222,110
111.852494049,111
113.533336449,113
93.2306524277,114
111.627045441,115
113.595842552,117
96.2674531937,120
113.385341454,121
93.3873815536,122
113.06459446,123
111.950028801,126
113.145701027,132
105.045977592,135
104.072047043,137
94.1669336319,138
94.3090772629,140
111.490828133,142
112.995788765,144
92.1445230484,148
113.444690704,149
93.3063735962,155
111.929640579,156
92.9094812393,157
112.700913048,162
93.826440239,163
93.7661085129,167
116.091573906,172
114.155763054,179
93.3749004364,180
111.134843826,181
94.1242658615,182
113.587699509,183
113.587282562,185
112.471834755,187
94.0455389023,188
93.6871444702,189
94.0318212509,191
111.972561646,192
93.7974145889,193
111.641216278,194
93.7552703857,195
113.967877769,196
95.2152490616,198
112.39196682,199
104.413463593,201
93.9068599701,204
106.198007774,205
93.2594806671,206
93.550484848,210
103.957758904,211
112.679817009,216
116.493071365,219
93.6366363525,220
111.040907478,221
111.135348511,226
94.0457075119,227
111.902416992,228
111.783404922,230
92.9138046265,231
116.474406242,235
93.5503059387,236
111.844467926,238
105.195917892,242
93.8653764725,243
78.0391777039,244
112.350496483,245
112.654863358,247
93.0863742828,248
93.533952713,249
113.012087059,250
93.5472337723,251
116.502155304,253
93.8991359711,254
93.4721578598,256
92.5412172318,257
112.960781097,258
93.2385725021,259
78.2061943054,262
93.1778306961,266
112.17189312,267
102.775995445,272
113.54950428,273
94.1887331009,275
114.889863777,276
94.313337326,279
105.072041512,280
93.8572090149,283
112.210326195,285
113.548489571,288
92.4682771683,289
104.387273026,290
93.8336442947,291
111.743980789,292
111.639844513,293
94.0271160126,296
112.054531097,297
114.759412003,298
94.1505573273,299
92.812582016,304
81.2197260857,305
93.2942699432,306
111.315384865,307
109.274921608,311
111.320842171,313
92.9644664764,314
94.2889152527,316
93.1646335602,324
93.8621006012,327
93.5408266068,329
112.09426918,330
104.335980415,337
93.9227149963,338
104.607526207,339
93.5574590683,340
93.2276994705,343
115.000479126,345
93.574098587,346
112.139144135,347
112.012549019,349
93.5719039917,350
112.280542946,352
93.5054885864,353
77.9034952164,354
93.5574277878,357
112.021118927,358
112.37056694,362
114.031405449,364
103.721916771,365
94.1835252762,366
112.492398453,367
93.8361619949,368
77.8980831146,370
94.1345718384,373
92.7830055237,377
111.412126541,378
103.427985764,382
111.800062943,384
93.4286754608,390
112.277989578,392
111.383580017,393
93.6674636841,395
105.419802094,396
78.0683310509,399
111.320906067,406
111.322974396,408
93.4876003265,409
77.8249864578,410
113.477501106,412
92.9270849228,413
93.4896080017,419
112.593881989,420
92.2778612137,421
98.9833869934,430
93.9558340073,434
93.8197952271,436
93.4000225067,437
92.540864563,438
111.740785217,439
93.7261224747,440
112.814909935,443
93.999070549,446
93.1152732849,448
93.9019016266,452
104.15997715,453
104.2452528,457
93.7152362823,458
114.309032249,459
103.766503143,460
105.497470474,462
103.64172802,464
116.585173035,465
116.648054695,467
111.732301712,471
77.8274897575,472
94.2162471771,473
93.9244894028,475
94.3216272354,480
111.537025642,488
111.29836483,490
103.543954849,491
78.0474963188,492
93.9767122269,493
93.4608301163,497
112.321459198,498
94.1138849258,499
102.935430527,500
93.8143993378,501
111.788426971,502
81.5125340462,506
111.084087181,510
93.5106063843,511
93.4505329132,512
93.7753898621,516
93.4449962616,518
111.824195099,519
93.5936861038,521
111.888100433,522
112.521907997,526
94.1627939224,529
111.92942791,532
93.2919269562,533
112.519177055,536
99.4265028,537
94.0827224731,539
103.820964813,540
93.8812887192,541
93.7438379288,543
113.118910599,546
93.2725860596,547
77.9785412788,548
93.7704597473,551
103.886289406,552
104.210416412,556
94.0343704224,557
112.353988647,558
93.9140388489,559
105.597484016,560
106.243502998,562
93.3182170868,566
112.284213829,570
93.3484838486,571
105.050662422,572
93.9764055252,573
116.363472557,575
112.056852913,576
92.9758319855,577
92.9641792297,579
112.137443352,580
113.648687744,581
111.281804466,589
102.882141876,591
93.6608167648,593
103.866434097,594
94.3752012253,595
93.8437896729,598
111.727448463,602
113.131388474,604
111.647415161,606
94.34962883,608
103.948157692,609
94.0819959641,610
111.73670845,616
94.0706069946,617
103.028949356,618
103.981782913,620
111.543089294,622
92.993239975,623
113.967077827,624
111.764023209,626
112.068668556,628
93.8521770477,629
111.699457741,630
93.5711036682,637
104.657985878,638
94.5870983124,643
94.32377491,645
116.147548103,646
94.3044805527,648
93.8175704956,652
93.0727827072,653
112.279085732,654
112.980027962,656
94.4283666611,657
92.3073392868,659
104.048255539,660
92.9815864563,663
113.262911224,664
103.863743782,666
111.179823112,668
92.6261241913,669
94.2201339722,671
93.9126562119,675
93.2261445999,677
111.428734589,678
105.424494934,679
94.1840255737,682
103.705625916,685
93.711374855,687
92.598690033,688
110.835009003,693
93.7307878494,696
94.1596740723,698
95.3307157516,701
104.779485512,704
116.703545761,705
111.795982742,709
93.7547100067,710
104.161993599,711
94.244276619,712
110.8860466,714
93.3257040024,715
110.965273476,716
94.0963161469,717
115.353899574,720
93.9211322784,721
102.883734703,724
93.6353273392,725
111.788970184,726
111.709808731,728
94.2493682861,731
104.079701233,734
93.8960702896,738
111.317118263,745
93.4345233917,746
77.996787262,751
93.6518493652,754
93.8274635315,756
94.1410694122,758
112.097083473,759
116.372836304,761
93.8968093872,766
112.755479431,767
93.1462938309,768
112.917324257,769
94.1089441299,770
78.0496559143,771
104.152742195,772
93.6155117035,773
111.64860363,774
111.791433716,776
93.5650333405,777
116.115646935,780
103.54294281,782
103.060167122,787
93.9625701904,788
93.703483963,792
113.014615631,793
93.8624563217,798
93.4771865845,800
110.974108124,806
111.775157928,809
112.704954338,811
93.0881368637,812
116.586265945,814
103.162499619,816
93.8059455872,817
109.383709526,818
112.055806923,820
93.5525489807,823
93.9844219208,829
111.658971405,830
92.2777801514,831
111.318877792,834
93.5445108414,839
77.924772644,841
103.806232643,844
93.7846229553,845
93.6471441269,848
94.624014473,850
103.515418243,851
92.6657920837,852
93.8911777496,854
94.3337779999,855
103.468066978,856
102.888027763,859
111.637086296,861
93.4646337509,864
111.45942421,865
94.3573190689,866
93.1686088562,867
94.1560295105,869
96.3506204605,871
110.969328117,872
103.0666502,882
93.6946321487,883
93.6479084015,885
94.4411909103,888
110.808253098,893
110.816947365,901
103.292404366,903
93.8465471268,904
104.103899002,905
94.3082979202,910
111.208631706,911
112.197693634,914
111.801493835,918
92.9493583679,921
93.5455879211,928
104.077241325,929
93.08162117,932
104.69029007,933
94.3108657837,934
112.085648537,935
78.0745108604,937
94.0453626633,939
101.928988457,940
93.8565517426,941
103.317803955,942
94.0506378174,943
103.470355034,944
110.97091732,947
111.872019005,949
110.888008881,951
93.8303165436,952
103.285165977,953
77.9528780937,954
111.726346016,957
92.5546262741,959
116.142690849,960
116.528717422,963
110.968021774,965
103.846676445,967
93.4783100128,971
77.9412508965,972
94.0326885223,973
111.971849823,974
94.1549444199,975
116.962451744,978
113.429981613,980
94.2690069199,981
112.540253258,984
94.318797493,986
93.2360490799,988
111.469815636,989
103.846716118,990
110.814578056,992
93.4945829391,996
112.922385979,999
93.2536769867,1000
111.439391327,1001
94.4123439789,1002
111.765683556,1003
92.6928638458,1004
111.602781487,1008
92.1641010284,1009
105.976735497,1010
116.937893677,1012
92.9643383026,1013
112.211168098,1014
93.5337818146,1015
116.469737625,1016
93.7434263229,1019
111.837537766,1020
94.3226802826,1021
104.705748558,1022
94.3226802826,1024
77.9135720253,1025
93.9676935196,1027
104.038895607,1028
93.8679822922,1029
93.877819252,1030
112.999592972,1033
95.6158592224,1036
110.973780632,1037
93.6718034744,1038
94.0502967834,1042
103.112435341,1043
93.8775304794,1044
111.746461296,1045
114.062897682,1047
93.6580291748,1050
110.908370018,1051
93.7087865829,1054
94.2683486938,1056
93.6665864944,1057
93.6682346344,1059
100.480235863,1062
105.073355103,1063
94.2683486938,1064
93.9921283722,1066
103.780237198,1070
111.598884583,1076
99.4781534195,1077
112.114325142,1078
112.704839325,1080
111.726563072,1082
93.8999824524,1083
111.989916039,1089
94.0896377563,1091
94.0591440201,1093
94.0303297043,1097
93.2985858917,1099
94.6026895523,1101
94.030185318,1103
111.709950638,1104
111.950247002,1106
93.132085228,1109
111.923119545,1110
93.4323549271,1111
114.889501762,1112
94.2095855713,1114
93.6857061386,1116
112.136613083,1117
94.7119138718,1120
112.658603287,1124
92.9050045013,1125
112.576817322,1126
111.784315491,1134
93.5918132782,1137
112.981082535,1138
111.741602325,1144
94.9551431656,1145
93.7847431183,1146
93.9398267746,1148
94.590136528,1150
104.076683617,1152
95.5302574158,1153
103.851619339,1154
94.2999500275,1155
93.6645786285,1157
94.336762619,1162
112.264867783,1165
93.6088972092,1166
104.380970955,1167
94.666009903,1168
103.203219986,1169
116.091056442,1171
94.4088291168,1172
103.202868462,1173
93.7275339127,1174
94.3594285965,1176
104.06495266,1177
93.454318428,1178
112.245790482,1182
94.5782167435,1186
116.393530083,1187
93.9797588348,1188
116.087071037,1189
104.223862839,1191
94.3508358002,1192
112.493474197,1197
94.1822505951,1198
78.067884922,1200
93.8170045853,1201
94.2429285049,1203
116.05808754,1209
104.174268913,1214
112.131747818,1218
94.2047269821,1222
95.6993741989,1226
94.1524662018,1228
93.9826908112,1230
78.0771284103,1232
98.5217185974,1233
115.081441879,1236
94.007248497,1238
111.755162811,1241
104.877170372,1244
94.4328884125,1246
113.493539619,1247
112.436419106,1250
93.6757619858,1251
112.167029953,1254
93.7269269943,1255
111.720373344,1256
93.2689474106,1257
93.5553884506,1258
111.730303574,1259
94.0929336548,1260
111.738518333,1263
78.0449653625,1267
113.216923523,1268
94.2698997498,1271
111.680503464,1272
104.09320488,1274
94.3443540573,1275
111.708172417,1276
93.2336708069,1277
93.7993486404,1279
94.1009269714,1281
93.9886993408,1282
113.267409897,1283
113.464640617,1285
93.5234235764,1286
112.520033073,1289
114.598346329,1296
94.8090141296,1299
94.3740320206,1301
93.2615709305,1306
93.4702959061,1307
93.724514389,1308
111.707998466,1313
94.4038650513,1314
111.912814522,1315
94.0767766953,1316
111.720387077,1317
93.651294136,1319
94.5764965057,1323
104.30855484,1324
93.9204454422,1325
103.571527672,1328
93.3459611893,1329
112.117236137,1330
93.8977060318,1331
104.135554123,1332
94.7790176392,1337
111.818904114,1338
93.5464881897,1339
112.567363548,1340
112.404169464,1343
103.855562973,1347
93.2476079941,1348
104.603105927,1349
93.6962018967,1352
94.4605104446,1354
112.650081444,1359
94.4725278854,1360
111.652901268,1363
93.7826654434,1364
104.140512466,1365
93.8225410461,1366
94.1057172775,1372
104.019454765,1375
93.659025383,1376
95.740259552,1378
113.005802536,1379
94.6101318359,1380
103.160415649,1381
112.897459602,1384
94.854740715,1387
112.917058563,1388
77.8804452896,1392
103.966856003,1394
94.153669548,1395
111.71753006,1396
93.4307544708,1398
111.717078209,1399
93.6861692429,1400
93.9547876358,1401
96.0242612839,1403
112.268293381,1404
111.717078209,1406
93.891586113,1407
111.419689369,1408
78.0626738548,1410
111.717712402,1412
94.1533479691,1413
94.5376060486,1415
111.419689369,1420
111.983886337,1422
106.694670105,1423
111.419689369,1424
95.233757019,1425
78.0626738548,1426
94.2828353882,1427
93.9972063065,1429
111.799432182,1430
94.3872541428,1431
104.234699249,1432
112.161525154,1434
94.1856838226,1437
104.659110451,1438
113.187509155,1440
112.985540199,1441
93.3940593719,1442
112.68643055,1444
94.3907978058,1445
104.249526978,1446
92.9908433914,1448
93.5839866638,1453
111.715896606,1454
94.2964191437,1455
115.213964081,1456
111.71673584,1458
93.4518074036,1459
93.6466695786,1461
94.8633152008,1465
112.113529968,1466
94.4371589661,1469
93.5818147659,1472
94.1990949631,1474
112.107572365,1477
111.950152588,1479
93.9850244522,1482
77.9423571587,1483
94.1839611053,1487
113.339728355,1488
112.752796555,1490
111.840074921,1492
116.073218918,1494
103.19729557,1496
93.953279686,1497
95.127617836,1499
93.5522125244,1502
111.750307083,1507
93.7067014694,1508
111.994047165,1509
93.6771181107,1511
111.381971359,1512
114.332056618,1513
103.796978951,1514
112.435900497,1518
92.7583967209,1519
112.560305214,1522
78.0593304634,1524
93.4074720383,1527
93.3974815369,1529
104.186174202,1532
112.381095505,1536
116.097294617,1537
104.541726685,1539
113.337206268,1542
93.6829776764,1543
104.247587013,1544
78.8122745514,1545
93.6814949036,1550
111.671461678,1551
106.225005913,1554
104.324071884,1556
93.1112075806,1559
78.0807599068,1560
94.2923885345,1562
92.6309213638,1566
112.135242081,1567
104.249099541,1569
114.775411415,1570
112.073682594,1571
93.7080295563,1574
104.070178413,1578
93.4905828476,1580
113.705641556,1583
93.707062149,1584
111.40093689,1585
95.2421062469,1586
112.125747871,1587
93.0245651245,1588
114.844270134,1590
102.941721344,1592
111.876298714,1596
111.689127922,1598
93.8695962906,1599
114.044963074,1604
102.227224541,1606
94.1598947525,1607
102.853979492,1608
116.106469727,1609
93.8449962616,1611
94.5102313995,1613
94.0889316559,1616
113.486683083,1619
93.5719974518,1620
111.644825745,1621
93.4251394272,1622
111.360979462,1625
116.104286385,1627
112.84698391,1629
94.1646190643,1634
93.8455293655,1636
104.108294296,1638
93.2724090576,1639
94.2585735321,1641
94.0768304825,1643
103.34167614,1644
116.102765656,1645
93.7769786835,1646
106.353745461,1647
94.3234638214,1648
93.4945510864,1652
112.840023613,1653
95.2338407516,1656
93.8745336533,1658
111.916479683,1659
94.1157361984,1661
94.1632026672,1663
112.31078167,1664
94.177705574,1665
104.319516754,1666
102.930900383,1667
78.1606061935,1668
102.931642532,1669
94.2941522598,1670
112.29875679,1672
112.472860336,1674
112.9515522,1677
93.4203733444,1678
111.534240723,1679
93.8189035416,1680
104.195893669,1683
104.253417397,1686
111.852569199,1687
113.17531147,1689
93.3789728165,1690
116.553209305,1691
112.987501907,1692
93.7011991501,1693
94.164107132,1695
93.5654277802,1696
111.698177147,1697
104.318452644,1700
93.7496185303,1701
111.832705498,1702
92.62143116,1703
112.832079887,1704
94.1749607086,1706
113.325311279,1707
94.6322494507,1708
93.9881706238,1710
104.166855812,1711
104.619472694,1713
103.790491104,1717
104.054813766,1719
93.9073041916,1720
94.5694347382,1722
103.630022621,1725
94.4969818115,1726
105.39022541,1727
112.274826813,1729
93.4124631882,1730
113.179004097,1731
104.317633247,1733
94.4373380661,1734
111.992244911,1735
94.5153705597,1738
93.6594654083,1742
112.473192978,1745
93.6529592514,1747
94.6195466995,1749
94.5220243454,1751
78.081291008,1752
103.376877022,1753
95.4563749313,1754
94.1109445572,1755
104.738306427,1756
114.18682003,1758
94.1655231476,1759
106.171487427,1760
115.939374352,1761
93.0834342957,1762
112.36884346,1763
92.8290969849,1764
94.5326501846,1766
94.3644046783,1768
78.2415718079,1769
112.129956627,1771
94.4774541855,1772
104.621794128,1773
94.2091861725,1774
114.506868935,1775
113.75538578,1777
94.2831371307,1779
106.53932991,1780
93.4925012589,1787
93.7418872833,1788
94.7002109528,1790
112.665130806,1796
93.4347442627,1801
94.4342088699,1803
112.856786156,1807
115.864006615,1809
93.2690858841,1812
112.209453201,1813
96.6972688675,1814
112.665977859,1815
97.106073761,1816
93.2255483627,1818
93.3879667282,1820
116.683764648,1821
95.0681919098,1822
93.31195755,1825
104.205834389,1826
94.5224925995,1828
104.178459167,1831
114.397824669,1836
93.2252882004,1837
94.252517128,1841
103.038521385,1844
93.3294658661,1848
104.559050941,1851
94.2115125656,1852
93.0280059814,1853
111.247957039,1854
93.4978515625,1856
115.996418381,1859
94.5558546066,1860
78.3285908699,1861
104.334140205,1863
94.2043905258,1865
104.490119362,1866
94.3854103088,1867
93.2825969696,1868
94.2270599365,1872
93.5256343842,1879
103.624067307,1880
94.196639061,1882
104.207757759,1885
103.6540205,1887
92.7852333069,1888
114.271232986,1890
94.4535879135,1894
103.08054924,1895
94.3161634445,1896
113.145197296,1897
114.274331093,1900
93.8646654129,1901
115.135120392,1902
93.0791324615,1905
111.145291328,1906
104.003341103,1912
94.4732595444,1915
104.23421917,1916
93.9768196106,1917
104.216438866,1918
78.206000042,1920
95.0235319138,1923
104.230904388,1924
94.4561162949,1925
116.107955551,1930
112.381259346,1932
93.0318632126,1933
114.241355896,1934
93.7742197037,1935
78.085979557,1940
94.0783168793,1941
111.56844368,1942
94.3007369995,1943
92.8817058563,1944
112.400603867,1945
116.120325661,1948
94.2070478439,1949
94.2695777893,1952
93.9806900024,1954
112.394997597,1955
94.2287117004,1958
78.2660609245,1959
112.298987198,1960
94.329088974,1963
92.5796760559,1965
103.972252846,1968
93.8954414368,1969
94.3160593033,1971
112.535237885,1972
92.7459716797,1973
92.6870670319,1975
93.9460910797,1977
96.435663414,1978
111.534409523,1979
92.8905567169,1981
113.610162544,1982
112.110103226,1987
92.5472900391,1988
97.0457458496,1993
93.6327329636,1997
94.2150794983,1999
94.4485099792,2001
114.992549706,2002
93.9110271454,2003
81.3722373962,2004
111.566457939,2006
93.7802366257,2007
106.754612923,2009
94.2363554001,2010
94.6049030304,2013
78.0845121384,2018
104.363218689,2022
113.917611504,2024
94.1821752548,2025
104.628380013,2026
107.074795723,2030
93.5322845459,2031
104.015803146,2032
94.1217695236,2033
93.9843538284,2035
112.278809738,2036
93.0118444443,2037
94.4356225967,2040
116.528844261,2043
105.988485718,2044
104.20926609,2046
114.732689285,2054
94.3321498871,2055
106.400001144,2056
93.1009958267,2059
93.8794706345,2060
102.821871567,2062
113.109664726,2063
94.462729454,2066
114.279665756,2067
97.4918132782,2072
113.099267387,2073
93.6747636795,2074
114.720801353,2075
94.0009263992,2076
93.6812347412,2080
93.8807365417,2082
111.500581932,2085
112.771558952,2087
113.314202118,2091
94.458864975,2092
106.400001144,2093
98.8350341797,2098
112.29630909,2101
93.3091564178,2102
78.0866549492,2103
104.41720314,2105
94.085622406,2106
114.971001053,2107
94.0566164017,2110
94.3190830231,2114
111.323057938,2115
81.7745868683,2117
93.2689207077,2118
103.95675106,2119
94.5466068268,2120
94.7226713181,2122
112.261073685,2123
94.4896596909,2126
103.897480202,2127
94.1585062027,2128
112.701423454,2129
96.4084777832,2132
104.283242035,2135
94.3858486176,2138
116.121143913,2139
111.403719711,2141
94.1013076782,2142
94.4170497894,2146
112.421855736,2151
103.428181267,2157
114.923792839,2159
94.2430509567,2162
115.976390457,2164
99.7772098541,2167
111.830899239,2168
95.6303800583,2171
94.5009502411,2173
104.293400192,2174
93.6122842789,2175
94.1654518127,2178
94.4983398438,2180
111.712329292,2185
94.2947731018,2189
113.064791298,2190
102.47444458,2192
114.893252754,2194
116.715768623,2200
94.3467859268,2201
112.598175049,2203
94.1414093018,2204
112.979080772,2205
111.96466713,2209
104.030968666,2213
93.9737005234,2214
112.237833405,2215
94.024578476,2216
93.555229187,2218
104.383853912,2219
94.6449771881,2220
92.5009840012,2222
111.888060379,2223
112.11964798,2225
94.0487937927,2226
93.4200717926,2230
112.874436951,2233
112.129421616,2234
94.1402795792,2235
78.0873731613,2236
92.8657423019,2237
114.926709366,2240
94.211224556,2241
104.108151627,2248
94.2591291428,2249
111.902012062,2250
111.756808853,2252
94.4467670441,2253
111.849928665,2254
77.9549201965,2256
94.3732351303,2258
112.785217094,2259
94.4750713348,2262
94.1393791199,2265
104.59766674,2266
93.4349992752,2269
94.2864044189,2271
93.3636707306,2273
111.486742401,2274
94.3118556976,2275
93.9098491669,2277
94.1385267258,2279
78.0674010277,2280
94.5068677902,2282
103.014267921,2283
93.416831398,2288
113.238378334,2289
94.5241483688,2291
116.118085861,2292
94.7596370697,2297
104.134986877,2298
94.0676092148,2299
113.294418335,2300
93.5252532959,2301
94.1706842422,2304
103.688428879,2305
94.4728645325,2306
93.5108671188,2308
112.882187843,2309
94.3168298721,2311
103.930354691,2312
103.180321693,2316
104.138620758,2321
111.159986496,2322
103.86927166,2325
93.8584587097,2326
116.117059708,2329
93.6443386078,2330
103.728346062,2331
113.024354935,2332
94.473772049,2333
103.036742401,2334
111.682444954,2335
114.344420433,2337
97.2471536636,2338
113.022087669,2340
95.5663305283,2342
93.7953073502,2345
94.9485544205,2349
77.9706422806,2351
94.5640003204,2352
111.717225266,2354
114.673385811,2355
112.081963921,2357
93.5114564896,2358
94.4135568619,2360
111.717225266,2361
93.6692182541,2364
94.5713125229,2366
104.240761948,2369
93.9935007095,2370
112.227152061,2371
116.572504044,2373
94.5451599121,2374
112.185792923,2376
111.793752098,2378
94.3299100876,2382
93.0030735016,2383
103.317957497,2386
94.4011381149,2387
94.502819252,2389
113.667410469,2390
93.2646320343,2392
113.015692711,2398
94.4702150345,2399
94.5646373749,2400
111.589608574,2401
93.9882610321,2402
94.2889181137,2404
113.294870186,2407
112.063986969,2408
114.364043427,2409
81.6351992607,2412
94.5650211334,2413
93.8324808121,2415
111.678515625,2420
93.8977190018,2422
102.759576988,2423
93.467338562,2426
94.2331411362,2432
93.9662755966,2434
94.5424612045,2435
111.659551239,2436
111.634107208,2438
111.71355629,2440
93.1286771774,2443
93.8571271896,2444
104.110139084,2447
94.1822952271,2450
94.1623470306,2454
112.004040146,2455
94.4733671188,2459
111.594096565,2460
93.6640523911,2463
93.9498910904,2465
78.0507482529,2468
94.0994018555,2469
93.159586525,2474
93.6194324493,2478
93.7202196121,2480
114.924839401,2481
94.5174962997,2489
104.751381493,2490
93.890363121,2492
94.4740959167,2496
113.295015717,2497
94.4020902634,2500
94.535430336,2505
96.3320186615,2507
112.901634979,2508
94.0256425858,2509
78.9334264755,2510
92.9169969559,2513
94.517565155,2515
93.0293390274,2518
112.287041664,2519
93.0302789688,2520
114.782434464,2521
111.790600204,2523
93.4597465515,2525
111.906516838,2529
93.4081415176,2530
112.244348526,2533
92.7375715256,2535
102.774449921,2538
111.576540756,2544
111.749592972,2553
93.3039316177,2556
92.4974241257,2558
117.358083916,2559
93.4066823959,2560
110.97101593,2561
92.9148584366,2562
112.334981537,2563
93.5443248749,2564
111.240105057,2565
104.330884361,2567
93.765886879,2572
94.2014692307,2575
113.670806885,2576
93.2302768707,2577
94.3800516129,2578
112.035622025,2579
93.8471412659,2580
113.835637283,2582
94.3785291672,2583
93.4719903946,2587
111.380877876,2589
94.0748723984,2590
111.912612343,2591
93.2534769058,2594
93.3930152893,2597
103.511544418,2598
92.2537948608,2599
102.245448875,2600
111.539768982,2602
93.7641555786,2603
103.544208527,2604
110.57774868,2606
77.9229149818,2607
94.0260637283,2608
111.932795143,2613
93.8537160873,2614
111.332850266,2615
112.634013176,2617
95.1831533432,2620
111.413183022,2623
94.1489812851,2624
111.930300903,2627
77.9191053391,2629
93.687428093,2630
93.6549768448,2632
94.2613685608,2636
94.3113031387,2639
103.476683044,2640
111.919602776,2642
103.706549072,2644
110.039125252,2646
94.7453260422,2647
93.3900737762,2649
106.041107178,2650
103.3861063,2652
102.1866436,2653
108.122512817,2655
111.276667404,2657
110.783617592,2659
92.8995588303,2662
114.411626625,2663
93.6919799805,2664
103.262930107,2665
93.0668283463,2670
103.541387177,2671
92.0268123627,2672
103.3861063,2675
110.050570488,2677
111.753914452,2679
111.855659103,2683
93.8788387299,2684
93.4330066681,2685
103.454388237,2688
94.1477315903,2689
103.498562431,2690
94.2057279587,2693
111.418004417,2694
101.234706306,2697
93.977012825,2699
92.6192790985,2703
103.225618935,2705
78.3919612885,2709
93.7950117111,2710
111.363573837,2711
92.4777568817,2712
93.6704044342,2713
112.713554764,2714
92.7818889618,2715
93.1568227768,2717
112.425168419,2718
110.912521744,2720
93.7812166214,2721
93.7299987793,2726
93.6986022949,2728
103.405820465,2731
110.783827209,2732
93.3174610138,2734
102.913141441,2736
93.205434227,2737
102.498079872,2738
114.410311508,2739
93.4985313416,2746
102.325671196,2749
116.116163635,2751
104.006960106,2752
93.511139679,2753
104.465090752,2757
93.5442188263,2758
110.96342907,2759
94.1376468658,2760
110.856212044,2762
93.1205505371,2764
111.747031212,2765
112.48298645,2769
112.333076096,2771
93.31492939,2774
92.6546754837,2776
112.192026138,2777
93.0359203339,2778
111.55098362,2779
92.1670869827,2782
94.7944581985,2784
92.7185045242,2787
92.1372898102,2789
93.6503864288,2792
94.0504837036,2798
103.626068497,2799
93.7718902588,2800
78.1362244606,2801
92.5762695313,2802
93.069711113,2804
103.388663101,2807
93.6512989044,2808
116.865308762,2809
114.386701202,2811
93.7034915924,2812
92.3533884048,2814
93.8329891205,2816
112.930672646,2817
110.838663292,2818
111.199171448,2820
78.1520048141,2821
93.8822275162,2822
103.389975548,2823
93.5709329605,2824
92.1113124847,2826
93.3610813141,2829
93.7539224625,2834
77.9245968819,2835
93.9141273499,2838
110.909050369,2839
93.9044475555,2840
110.489520454,2841
94.1800390244,2842
111.946769905,2846
93.8680440903,2848
93.805758667,2849
112.691552544,2850
94.0836223602,2851
93.1719665527,2853
111.912815285,2854
113.439199638,2858
94.0442430496,2861
93.1046535492,2864
114.408981895,2865
110.904387093,2866
93.8261592865,2867
112.166458702,2868
110.902331734,2870
94.244102478,2877
111.941127968,2878
111.227021408,2880
77.9244112015,2882
93.8660045624,2883
103.329980087,2884
93.9243717194,2885
94.2564559937,2887
110.814968491,2888
94.0512273788,2889
103.647211647,2890
94.1707029343,2891
115.329287338,2892
93.6706586838,2893
113.904839897,2898
93.6063266754,2899
113.977215958,2900
93.7685480118,2901
94.2944164276,2909
111.185643768,2910
111.052754593,2911
111.774735641,2913
95.0267932892,2914
93.1634382248,2918
111.267507553,2919
93.1472661972,2920
111.939883041,2921
92.8536418915,2922
102.928572655,2923
111.900157166,2925
93.5728614807,2926
112.240088272,2927
111.274044991,2929
93.0446601868,2933
111.780151367,2934
112.029544449,2936
102.945938873,2941
93.8420475006,2942
111.472864723,2943
104.462956047,2945
93.3692548752,2950
111.907122231,2951
116.821463203,2953
94.1832855225,2954
103.998864937,2955
94.6111333847,2956
94.3673538208,2960
94.766368103,2962
107.275707054,2963
103.968764687,2964
78.0640757561,2966
94.2334451675,2967
111.865320778,2968
93.3875637054,2969
93.0007480621,2971
94.6913341522,2972
94.8621074677,2974
112.142517662,2975
116.115999031,2977
112.135006523,2980
93.1697856903,2981
94.2124319077,2983
104.395466614,2984
116.116623306,2985
103.789410591,2986
94.6916770935,2987
93.3382488251,2989
112.023745537,2990
94.9382570267,2991
77.8974879265,2992
101.502662468,2995
103.430814743,2996
113.721813583,3002
113.552601624,3004
116.38417511,3005
94.3783618927,3006
94.0640016556,3010
103.383998299,3011
93.2648609161,3014
94.1618867874,3015
94.1929000854,3016
113.902651024,3017
93.3339580536,3018
103.054865837,3021
104.160298538,3024
93.5789983749,3028
93.1223524094,3030
93.8171936035,3032
93.9877721786,3039
104.882790184,3040
94.7219449997,3041
93.9757087708,3043
111.605216408,3044
111.411225891,3046
94.8099569321,3055
113.070113754,3056
93.1024110794,3058
111.281739044,3059
116.837995338,3061
104.18192215,3063
94.5983892441,3066
104.16029377,3067
78.064826107,3068
93.8723690033,3069
114.621148491,3072
112.686195946,3073
94.7720329285,3074
93.2703483582,3077
94.0845787048,3082
101.494144821,3084
112.612913322,3085
104.268766403,3088
93.6225727081,3091
113.563682365,3092
94.0691087723,3093
103.663392067,3094
112.081383896,3096
93.3708345413,3097
78.0479120255,3098
114.737756348,3102
93.6160398483,3106
93.9820156097,3109
93.1623039246,3111
116.461534691,3112
94.0915027618,3113
95.197776413,3115
112.014946175,3116
94.4411563873,3117
112.767181587,3121
94.0376573563,3122
94.4328292847,3123
104.512542915,3124
94.19512043,3125
102.880878258,3126
115.375389671,3127
93.3570079803,3129
112.390716743,3130
104.613204193,3132
105.333335304,3134
94.7969482422,3135
77.9379453659,3137
94.3747314453,3138
92.5698509216,3140
112.719367981,3144
94.5191804886,3145
111.961542702,3146
93.8662187576,3147
104.168407059,3148
104.218283272,3149
112.27781105,3150
93.744613266,3151
94.4843055725,3152
95.7125459671,3155
113.554839897,3156
92.7913011551,3159
94.2674596786,3161
104.750359154,3162
93.973241806,3163
102.259020805,3165
94.6564682007,3172
112.673924255,3173
93.9117414474,3176
103.94179287,3177
112.08469429,3179
93.7831537247,3183
94.5186576843,3186
103.702726936,3187
111.97993927,3189
94.0793966293,3190
115.340294075,3192
94.6784673691,3193
113.094231224,3194
94.2471216202,3197
94.1408151627,3198
94.0370580673,3200
116.620337296,3201
94.1408512115,3202
94.5978567123,3204
92.8818759918,3205
113.883706856,3206
104.112865829,3208
102.837188339,3210
94.9048322678,3211
116.865806961,3212
93.9805002213,3213
112.745009995,3214
104.225082588,3216
93.6194587708,3219
111.68917141,3220
94.0951425552,3221
107.360016823,3226
94.6699357986,3227
111.841153526,3228
93.9300634384,3229
78.0282319069,3232
93.2562850952,3233
93.9353645325,3234
94.0218570709,3236
112.076629829,3238
111.64401722,3239
94.7144029617,3240
111.672124672,3247
102.926839447,3249
115.191712952,3252
94.1310693741,3253
103.446179581,3254
93.9632158279,3255
114.102712631,3256
93.9260625839,3257
94.5141536713,3262
104.007559013,3263
94.6047054291,3264
113.110437584,3266
92.9063529968,3267
94.7398178101,3269
116.114288712,3272
94.2450759888,3274
105.048583031,3275
94.1972629547,3277
96.3622499466,3279
104.228815842,3280
94.0443815231,3283
94.5805677414,3285
92.6406505585,3287
104.160366821,3288
104.493054771,3290
93.1103025436,3291
111.578907013,3298
93.3138343811,3299
114.434987068,3302
93.8760093689,3303
105.398978806,3304
93.7472436905,3307
94.4910104752,3309
78.0641748428,3314
113.922286415,3316
94.3905111313,3317
93.9158454895,3319
111.968441391,3320
94.4078454971,3321
104.244534874,3322
95.1106143951,3324
93.528673172,3326
111.401700783,3329
93.4813930511,3330
111.800384903,3331
116.550532913,3335
93.9311357498,3337
103.917804527,3338
93.8466617584,3339
111.675691795,3340
93.8185779572,3341
93.6536874771,3343
94.0597480774,3346
93.999048996,3348
103.964655304,3351
116.146642303,3352
92.5582078934,3355
113.342695236,3356
103.945672035,3358
93.9508008957,3359
110.82391777,3360
112.429524612,3371
93.9448137283,3372
94.3538492203,3374
112.105131531,3377
92.7138751984,3378
103.846450424,3380
94.165798378,3382
93.7783315659,3386
111.745761108,3389
104.069464302,3391
94.1675807953,3393
104.108472443,3394
93.2506689072,3395
112.105123138,3397
94.1359260559,3398
78.0985566139,3399
93.8872459412,3400
103.807787323,3404
111.76276474,3407
105.22266655,3409
94.2207679749,3419
93.2712415695,3421
93.8561590195,3425
78.0444103241,3427
116.13882885,3428
111.76497879,3429
94.7035827637,3431
93.7511119843,3435
112.014665794,3436
96.8402050018,3439
95.6343135834,3441
116.138011551,3442
94.4248117447,3443
103.299971581,3444
93.8879232407,3445
113.573683357,3446
92.7766817093,3449
93.4489307404,3453
93.9408985138,3457
103.941892433,3460
93.8976755142,3461
93.6426300049,3462
104.017011452,3464
78.0671197891,3465
94.0581310272,3466
103.948602486,3467
93.8674470901,3468
104.549165726,3469
102.926124001,3470
112.058916664,3472
96.3710254669,3473
92.6632663727,3475
111.443999672,3476
104.205564117,3478
94.0865497589,3479
93.0977968216,3483
103.715273476,3484
94.3337869644,3485
92.8265176773,3487
111.768403244,3488
111.711325073,3496
93.8873720169,3497
94.3608505249,3499
78.0313691139,3500
94.448740387,3501
93.3673643112,3504
105.08602581,3508
93.7201316833,3511
113.862408638,3512
93.4901639938,3515
93.8223810196,3517
103.80900631,3518
112.962463379,3526
118.215005493,3528
92.6486152649,3529
111.685285378,3530
93.0414428711,3531
113.381759262,3532
93.8437734604,3533
93.7743196487,3534
77.8786805153,3535
93.4653429031,3536
111.774180412,3537
93.0258636475,3538
111.748493195,3539
104.457258224,3540
111.708847809,3545
93.2071084976,3546
104.634986877,3550
93.9331853867,3551
94.3088624954,3553
103.931559563,3554
92.687746048,3557
111.877682877,3558
92.7811491013,3559
93.3730838776,3561
112.052450752,3562
93.829504776,3563
103.965243721,3564
93.8930999756,3565
94.0499679565,3567
103.965243721,3571
93.9432886124,3572
94.3484638214,3574
93.2632081985,3576
112.054960442,3577
94.4079761505,3578
93.1004022598,3579
93.4138578415,3583
94.2351108551,3585
104.366265678,3586
111.736883926,3587
93.8322891235,3593
111.858981323,3594
93.8313817978,3595
94.0068418503,3599
104.126745033,3600
112.012870598,3601
92.7765277863,3602
93.9041563034,3604
116.127639008,3609
111.706472206,3610
111.824614143,3612
116.847249031,3614
93.8220674515,3615
96.7915315628,3617
111.712862206,3618
112.071886826,3619
111.793032074,3620
93.4476835251,3621
94.3104337692,3625
103.195436859,3626
102.970015335,3630
93.8223789215,3631
105.019473076,3632
93.803468895,3633
111.926087952,3634
92.7642921448,3637
94.5341365814,3639
113.598792458,3640
93.6874692917,3641
113.965649223,3644
93.3679510117,3645
93.4778232574,3646
92.6490419388,3647
112.031718445,3648
112.049509239,3653
94.1234947205,3654
113.040207291,3655
103.039696121,3659
94.2913366318,3660
111.948314476,3662
93.8241662979,3666
93.221099472,3668
94.9244787216,3671
93.7246219635,3673
111.738701057,3674
93.6901493073,3675
93.3695560455,3681
112.015105247,3682
112.144108963,3686
93.5765996933,3687
77.8974550247,3692
111.932528305,3695
94.0590047836,3696
113.698528862,3699
113.605487633,3705
78.0037218094,3707
94.4457304001,3708
112.014756393,3709
93.843447113,3710
95.4028614044,3712
112.005348206,3715
93.0296499252,3716
111.637527084,3720
78.0037218094,3722
93.8839630127,3726
95.925387764,3728
112.417213821,3729
102.712430763,3731
112.920332527,3735
93.9987323761,3736
101.896805382,3739
110.607484436,3741
103.241057205,3743
93.7446857452,3744
112.107254791,3745
93.2651247025,3746
93.1207025528,3751
92.9283428192,3753
110.855612755,3760
92.8837690353,3761
110.323829842,3762
93.2834341049,3763
93.4996650696,3765
110.985188293,3768
92.7566884995,3769
104.429508781,3770
110.750267029,3773
93.824275589,3774
93.0896202087,3776
92.4364282608,3778
110.471176529,3779
92.2043966293,3780
110.522012138,3781
93.6905897141,3782
111.107871246,3783
92.2339994431,3784
92.9040897369,3786
109.56507988,3789
92.6930545807,3790
111.639678383,3793
110.828530693,3795
93.0595973969,3797
115.678288078,3798
110.960890961,3800
94.1156377792,3804
93.2908388138,3810
110.979763222,3815
94.1151767731,3816
102.494368172,3818
111.072696304,3824
101.820881462,3828
110.288290977,3830
93.0183120728,3831
77.8881749153,3832
110.932654953,3834
93.4045196533,3835
110.978333473,3836
93.9193817139,3838
114.556480789,3839
111.160196304,3840
93.2754718781,3845
110.200431442,3846
93.5475645065,3847
77.8911687851,3849
110.641692924,3853
104.4757164,3855
93.4189105988,3856
78.0435779572,3864
93.4393863678,3865
111.240832329,3866
92.0211303711,3867
110.959392357,3868
93.642027092,3869
92.4538211823,3871
102.125464439,3875
95.5002542496,3876
92.8434038162,3878
110.66328373,3879
110.960016441,3881
110.768141556,3883
93.0898260117,3884
111.097371101,3886
93.8472400665,3890
109.247368813,3893
103.833308411,3897
92.7131340027,3901
109.984479713,3902
111.198173904,3913
92.5537939072,3914
92.5359352112,3916
110.701156616,3917
103.711800385,3924
93.3626689911,3925
94.0288434982,3928
110.980552292,3929
92.3242183685,3932
103.524648285,3933
77.9536527634,3934
92.3269109726,3935
94.0212236404,3936
110.399614334,3937
93.6158128738,3938
111.001288033,3939
92.6061170578,3943
111.123834229,3944
110.87579422,3945
93.581968689,3946
111.166956711,3947
93.3697692871,3948
111.054661942,3949
93.6560686111,3950
110.876869392,3951
92.7069450378,3952
110.877960777,3953
113.688820076,3961
93.3869920731,3962
93.7184329987,3966
103.297864914,3967
94.1628767014,3968
111.199691582,3969
94.0910531998,3970
104.041606331,3971
90.8940895081,3973
111.038877869,3974
111.338687515,3975
94.6526802063,3977
111.160185814,3979
93.7236272812,3985
103.374574471,3986
110.9654356,3988
93.1388723373,3991
103.332888985,3992
92.862181282,3993
93.6797763824,3994
111.878943634,3995
111.128778458,4005
93.0242294312,4007
103.316642189,4008
93.3603168488,4009
111.023946571,4010
77.999050808,4011
92.1959360123,4012
103.963344002,4013
110.941819382,4015
110.759982872,4016
110.92961998,4018
94.199360466,4025
112.018790817,4026
112.88522625,4028
94.4587602615,4029
94.9862924576,4031
110.932790565,4032
92.0376869202,4033
103.9754673,4034
91.9794094086,4037
103.376695442,4038
93.6572282791,4039
93.7277509689,4041
110.388522339,4042
93.8298542023,4043
103.518545532,4044
93.2288368225,4045
113.165769005,4046
95.3422019958,4047
104.394733047,4048
94.1972717285,4049
93.2933895111,4051
111.506559181,4052
103.356111526,4058
109.91328125,4062
110.159248924,4064
92.8555757523,4067
77.9085355759,4068
94.3024612427,4070
115.465390587,4072
111.174326515,4074
92.6298353195,4075
110.947747421,4076
93.1017389297,4077
111.655993271,4078
103.508690071,4080
110.133808136,4082
93.5928152084,4085
112.103827477,4086
112.016799545,4088
93.1935358047,4089
77.9280763626,4092
92.480210495,4094
110.947885132,4095
93.1856973648,4096
102.927393341,4097
93.6823150635,4102
112.081298256,4105
110.919401169,4107
93.4335910797,4111
103.841152573,4112
93.3492200851,4113
113.458220291,4114
93.1100532532,4115
110.901021194,4116
93.5209453583,4117
94.1221246719,4118
110.78608551,4119
94.418636322,4120
78.0829644203,4122
93.6335290909,4125
111.412807655,4126
110.886445808,4129
110.880261612,4134
93.839200592,4137
103.332710075,4141
94.0852191925,4142
94.052772522,4144
103.706564331,4145
94.7700056076,4146
93.348975563,4150
77.898018074,4151
92.8671167374,4154
93.9356355667,4156
110.913883781,4157
110.755264091,4159
93.8073846817,4160
110.735113907,4161
93.9081258774,4168
103.379624367,4171
105.294763184,4172
94.1088459015,4173
92.5206676483,4175
103.505242729,4176
94.0544311523,4177
102.010866356,4178
93.5337905884,4179
111.843205452,4181
94.4612850189,4183
111.353411293,4184
93.3964174271,4185
110.85072155,4186
116.89804821,4188
110.839741516,4190
93.7065391541,4192
109.338711166,4193
111.840070152,4194
94.093091774,4195
77.8909935951,4196
94.3629592896,4202
103.946207809,4203
93.3696382523,4208
113.278156471,4209
92.8808570862,4210
110.003380966,4211
116.583063889,4212
103.545788193,4214
93.13250103,4215
110.963725662,4216
93.0995756149,4217
93.7851358414,4219
110.397475433,4222
78.0465195656,4224
103.429540253,4231
94.4621601105,4232
92.5635578156,4234
94.0433187485,4236
103.415511131,4237
93.470854187,4240
103.960132217,4242
93.2687398911,4243
93.5477016449,4247
110.896769524,4248
91.54282341,4249
102.979900932,4254
93.612843895,4263
110.663925743,4265
112.590203094,4267
110.930957413,4268
111.05340538,4271
93.6124876022,4272
110.759832764,4273
92.9217430115,4274
92.8174356461,4276
93.8006851196,4278
93.9167877197,4280
110.805079842,4281
93.8576351166,4283
110.853813553,4284
93.9209751129,4285
110.874951935,4286
95.8939682007,4287
114.425224686,4288
93.2219909668,4289
81.4327811241,4290
93.2964603424,4293
110.899113464,4296
93.0196245193,4297
92.9285915375,4299
115.26963253,4303
94.3395643234,4310
103.613626289,4312
103.665117073,4318
112.744286919,4320
92.7515598297,4322
116.397648048,4323
103.999687386,4325
111.724323463,4326
104.063537979,4328
103.933683205,4330
110.930577278,4332
93.9145633698,4333
92.5698406219,4335
111.989522934,4336
104.380375481,4338
93.6582279205,4341
103.88253746,4342
103.522673225,4344
94.3077905655,4347
103.827540016,4348
107.004125023,4351
93.2061527252,4352
111.933405304,4353
103.320773888,4355
93.7153772354,4356
103.25599041,4359
93.8101554871,4360
93.4796812057,4361
93.6932533264,4364
103.832816124,4365
94.1182859421,4368
94.0863965988,4372
94.0230997086,4374
93.6716365814,4376
103.559829712,4377
94.2501682281,4380
105.351124954,4383
93.9345003128,4384
103.296144104,4385
92.9897592545,4389
93.3584892273,4391
111.586021996,4392
92.9690700531,4393
92.7983743668,4395
112.155490494,4396
113.584962654,4398
105.828820419,4399
92.6210632324,4401
94.1102256775,4406
103.959159088,4408
103.826852226,4412
94.1143314362,4415
112.656661987,4418
94.03379879,4419
78.0370522499,4420
112.060554695,4422
94.0329147339,4423
93.5414392471,4425
112.552382278,4428
111.850626183,4431
92.810376358,4434
93.7343984604,4436
110.822912979,4437
116.584414864,4439
93.6898601532,4440
112.084210396,4441
94.2609893799,4444
103.958917427,4445
93.2720994949,4446
113.774423027,4447
103.784990692,4452
112.580344963,4456
93.703168869,4457
111.780444527,4458
93.7318323135,4460
116.832348824,4461
94.5215860367,4462
103.087697983,4465
103.583385849,4466
94.1569225311,4468
104.083546257,4469
112.32358551,4472
93.7787418365,4475
93.1357225418,4478
111.720216942,4479
93.6893011093,4480
77.9955412865,4483
93.1667840958,4484
104.049215126,4485
94.3639255524,4486
93.011538887,4488
104.076716805,4489
94.1249904633,4490
104.443640137,4491
93.7848424911,4492
106.890575027,4493
93.3955509186,4494
102.694309807,4495
77.9676984787,4498
94.3050098419,4499
102.691773987,4500
111.618865204,4503
103.229451942,4505
94.1914958954,4506
93.7510334015,4507
103.677183342,4508
111.743859291,4510
92.8726953506,4511
94.3629402161,4513
78.0576481819,4516
93.5829723358,4519
93.4140558243,4521
92.6767292023,4531
78.1008808136,4532
97.0496009827,4533
112.175081444,4534
103.677548409,4536
93.7123052597,4537
94.1003093719,4539
102.961906242,4542
93.3604362488,4545
93.0102313995,4549
93.4480115891,4551
103.456147194,4554
111.904121399,4556
112.684676552,4559
111.633421898,4561
110.481625175,4562
113.725390244,4566
92.840668869,4569
112.08573494,4570
93.8362693787,4573
103.369527626,4574
93.7712333679,4575
93.7524921417,4577
110.908484459,4578
111.706472969,4580
93.2681699753,4582
112.004891586,4583
94.0246789932,4585
103.676678467,4587
93.3716440201,4595
113.77143898,4596
93.8786275864,4601
111.124209785,4602
94.2210590363,4603
111.893634415,4605
93.9838945389,4606
115.01523037,4607
93.7919181824,4608
94.1172830582,4610
103.531851959,4613
93.6634672165,4617
110.818688202,4618
93.7445400238,4619
93.6011192322,4620
99.9690349579,4622
93.7475793839,4625
103.679321861,4626
94.1626964569,4627
92.965655899,4629
93.0757616043,4631
103.678471375,4633
116.429561996,4634
93.3848991394,4635
93.3735879898,4639
104.21288681,4640
103.365880585,4642
111.377795029,4644
103.677808571,4646
93.8710960388,4647
78.092002964,4648
92.6675670624,4649
111.700660896,4650
93.010940361,4655
92.7765758514,4660
115.732402229,4661
91.8236949921,4662
112.717200661,4663
94.0673465729,4665
111.545513153,4666
103.565527534,4667
93.6065185547,4668
93.2139358521,4670
111.9380867,4671
94.2645698547,4672
103.334749985,4673
103.873401451,4675
93.7964096069,4676
111.34273777,4677
93.7741195679,4680
93.6572818756,4682
114.225681877,4683
103.829954529,4685
93.4625967026,4686
113.983605766,4688
112.357852364,4690
113.144291496,4692
93.9019655228,4693
93.9355051041,4697
111.690412331,4700
111.743498421,4702
116.140868378,4707
93.9740007401,4708
78.733426857,4710
95.6846471786,4716
94.3967414856,4717
94.113161087,4718
94.3121250153,4720
79.2530817032,4721
94.4818014145,4723
112.693289757,4726
93.2234699249,4727
93.915278244,4729
94.3236364365,4731
116.754839706,4732
94.3041837692,4735
104.390411568,4736
94.5536998749,4737
112.138940048,4738
111.902672005,4739
104.251647949,4744
94.0489664078,4747
114.4440485,4749
93.9734291077,4750
114.008167648,4752
94.7512058258,4755
103.719292259,4756
112.932760239,4757
93.4753009796,4758
102.953944969,4759
94.2506679535,4763
103.34767952,4764
93.9899442673,4765
93.8536586761,4766
114.442838287,4767
111.975927734,4769
94.4211227417,4770
78.3813140869,4771
104.248312759,4772
114.750469017,4774
114.606075668,4776
111.640047646,4777
94.7846944809,4778
94.5820415497,4780
93.7908563614,4784
94.6913579941,4786
78.1108958244,4787
95.1149259567,4788
114.00933857,4789
104.652500343,4791
94.1256181717,4792
111.897889709,4795
93.1397956848,4796
93.3175451279,4803
95.7886259079,4805
94.0515632629,4807
94.1116691589,4809
93.8629875183,4816
80.1956415176,4817
92.8890043259,4818
94.1494495392,4820
103.55207119,4821
112.96049881,4823
95.989821434,4824
111.910569382,4825
102.914164925,4829
96.198541832,4830
115.018276215,4831
104.828553391,4833
93.8707672119,4836
113.980733871,4837
93.1104804993,4838
97.9960893631,4840
78.2293716431,4841
92.8084794998,4842
113.895343399,4843
93.83313694,4844
107.808413506,4849
105.523524284,4851
94.9501255035,4852
93.6512914658,4858
96.1923816681,4860
113.289490128,4863
94.1813524246,4864
111.331997871,4865
112.832229424,4867
95.1599615097,4868
112.169929314,4869
93.6221151352,4873
96.3535238266,4875
113.714778137,4876
92.9252416611,4877
112.014865685,4878
78.1129144669,4880
113.23523941,4886
104.293229866,4888
94.3750089645,4889
114.657373238,4890
94.0859985352,4893
93.9653896332,4895
103.972624588,4896
94.9905660629,4899
94.2076597214,4901
111.750267601,4902
93.7838380814,4903
114.018137169,4904
93.6717309952,4910
93.5998052597,4912
94.6492416382,4915
104.447698975,4916
93.9142625809,4917
104.249929047,4920
104.126292801,4927
93.6917858124,4928
104.137399483,4931
93.8281913757,4934
95.1406494141,4936
117.079034424,4939
116.193515205,4942
95.9165988922,4943
102.902966881,4944
94.1867635727,4945
111.762607765,4947
93.4620876312,4948
94.120684433,4951
114.00666256,4952
93.7460626602,4953
93.7833913803,4956
115.092547417,4957
94.1702272415,4958
93.2648059845,4960
94.3200588226,4968
104.336620522,4969
103.798439789,4971
114.748818398,4973
115.303526115,4975
93.8316129684,4976
94.1453578949,4978
113.194386292,4979
94.5286653519,4982
111.662856293,4983
95.5160522461,4984
116.143967056,4985
94.5317741394,4986
114.997517586,4987
94.7213058472,4988
94.0280504227,4994
94.6477434158,4995
78.9669253349,5002
94.0748332977,5004
102.73493042,5005
94.4893959045,5006
103.593938065,5007
112.856015015,5009
114.742686844,5011
94.4348398209,5014
104.52093811,5015
93.7298160553,5018
112.038920593,5019
93.6925193787,5020
111.805924416,5021
96.2992206573,5022
94.5460203171,5023
95.8807415009,5025
95.4651731491,5032
93.9883903503,5034
93.2889762878,5036
94.4640815735,5038
115.88379879,5039
94.7643772125,5046
112.037856293,5049
94.5807590485,5051
93.2752038956,5052
114.737381554,5053
94.6260795593,5054
94.5559926987,5055
93.9878231049,5057
94.088240242,5059
97.714783287,5062
113.61614151,5063
113.952520752,5065
94.0791719437,5069
94.5383050919,5071
115.283491325,5074
93.4533716202,5075
115.636362076,5076
78.1061696053,5077
104.365820313,5079
94.3783653259,5080
113.961743546,5081
104.124093437,5083
104.139274597,5088
94.0522808075,5089
111.672568512,5093
103.742280388,5094
94.7803159714,5095
111.654521561,5099
112.52520256,5101
102.949432564,5103
93.491280365,5104
111.629276466,5105
93.9047267914,5107
113.538731194,5108
93.6175685883,5109
94.2246871948,5111
111.699986076,5112
94.1847146988,5113
110.863373947,5114
94.5653245926,5115
94.3813438416,5118
94.4978416443,5122
78.0917369843,5123
93.8171123505,5125
103.94768734,5127
93.9612752914,5128
114.377316666,5129
94.5317617416,5132
113.032458878,5134
93.9891708374,5135
112.162031746,5137
93.2617650986,5142
103.411365128,5143
94.3808418274,5144
93.9852277756,5148
93.9919494629,5149
104.464420319,5150
78.0960242271,5154
93.8378965378,5155
94.1004171371,5159
93.7666002274,5164
114.696602058,5165
95.1187072754,5166
114.190786934,5167
93.3326076508,5169
93.5126480103,5171
111.786316109,5172
93.7794471741,5176
113.905508804,5184
94.0241750717,5185
112.169532013,5186
104.454787636,5188
112.251181793,5189
94.0500802994,5190
114.702668953,5191
111.87183876,5193
94.4858448029,5196
78.1269170761,5199
104.259626389,5200
93.4857841492,5203
113.487739563,5204
93.5386384964,5205
93.6878030777,5207
105.563882256,5208
94.4075050354,5212
95.0916862488,5214
93.5959270477,5218
93.7363832474,5220
93.7169281006,5222
94.289686203,5224
104.268750572,5225
112.084163094,5227
103.972136497,5229
93.001896286,5232
116.16835022,5233
103.711519432,5234
112.789314842,5237
115.740715408,5239
93.9093852997,5240
111.716675377,5241
93.9597860336,5244
112.012600899,5248
94.3090650558,5251
93.9143716812,5253
94.5072011948,5255
103.146378517,5256
93.6884670258,5257
94.4231987,5259
112.28614254,5260
94.0316642761,5266
93.7416387558,5268
112.756375313,5275
112.225584602,5276
94.1931491852,5277
94.2023620605,5279
103.603573799,5280
93.2390565872,5281
96.0392381668,5283
78.0918082237,5284
94.3748985291,5285
103.471148491,5286
93.7590589523,5287
93.738274765,5289
111.865079689,5290
105.321343422,5292
94.3815406799,5293
103.194396591,5294
93.7760604858,5297
104.094741821,5299
94.2665882111,5302
77.9079245567,5305
94.4996604919,5306
93.8010034561,5308
94.4108196259,5309
115.811738205,5310
111.452602959,5312
113.886306,5316
94.5035732269,5317
78.0924358368,5319
94.759274292,5320
93.6430547714,5323
113.427311707,5329
111.541352081,5331
111.709091187,5334
112.372356796,5336
103.689894867,5338
94.4828115463,5341
95.038794899,5345
94.1368522644,5348
112.219479942,5349
105.630601501,5355
94.059737587,5356
104.457400322,5360
111.708015823,5362
112.08643856,5364
104.7732481,5366
92.9128517151,5367
93.5137763977,5368
93.2746599197,5370
78.1084867477,5371
104.284797096,5373
112.768317413,5375
93.2536960602,5376
112.025432396,5378
94.1548866272,5379
93.3101783752,5383
103.799285126,5384
112.011040878,5389
78.0836611748,5391
111.53637104,5393
114.277990532,5395
111.7112854,5397
92.9918542862,5398
112.941556358,5399
116.170089912,5401
93.1835399628,5402
112.447851753,5403
94.0520801544,5404
78.1056927681,5407
93.8800136566,5408
111.774790955,5413
93.6367347717,5414
94.2213033676,5417
105.325182152,5418
113.510651398,5420
93.7956823349,5421
93.1793077469,5424
113.491963959,5425
94.0414514542,5426
114.039078903,5429
94.2027643204,5431
101.886846161,5437
94.0320892334,5440
104.228735924,5444
104.480918312,5446
94.1118297577,5447
94.1908611298,5451
100.122327805,5452
103.705384827,5455
93.9286874771,5456
93.9712705612,5458
113.351565933,5459
94.3736553192,5460
94.4907310486,5462
111.774542809,5463
93.4690008163,5464
112.683145905,5465
94.564274025,5466
104.195390129,5467
94.5728931427,5468
113.353607178,5469
95.1915153503,5472
94.5099437714,5474
114.174017715,5475
94.4781135559,5476
104.081221962,5479
113.079572678,5480
112.297399712,5482
93.8275350571,5485
116.183372498,5486
78.0963301659,5488
103.969095993,5495
93.9572019577,5496
111.843902588,5497
113.043112373,5499
94.1288805008,5503
93.7341012955,5504
94.5297801971,5507
94.1605138779,5509
94.2513790131,5511
111.347755241,5512
111.999515533,5516
94.1692930222,5517
103.993870163,5518
94.1245126724,5521
103.426188278,5522
94.4709285736,5527
93.2752954483,5528
111.811504745,5529
94.5090805054,5532
113.332734489,5533
105.912785912,5535
105.670128441,5536
93.1576921463,5540
94.1593221664,5547
111.672328186,5548
78.03878088,5550
93.3037336349,5551
111.392301941,5554
93.4523172379,5555
111.564058304,5559
93.776981163,5560
112.064361,5561
93.5095775604,5562
112.278855896,5563
78.0978867531,5565
93.6981298447,5566
104.089291191,5567
94.373714447,5568
94.4561273575,5572
94.0923597336,5574
94.2861888885,5576
112.011807823,5579
77.9709427834,5580
93.7033630371,5581
94.2994625092,5583
112.836017418,5584
112.944576836,5586
94.0985105515,5587
102.106920433,5589
102.383810043,5591
93.4280843735,5592
114.254265594,5593
94.2211830139,5594
78.0271401405,5595
112.155539513,5596
111.46329937,5597
116.269448471,5598
93.9960308075,5599
112.787878799,5602
94.2219888687,5603
93.5678953171,5605
93.0367265701,5607
111.968219757,5608
93.3329803467,5609
93.0761949539,5610
93.2426065445,5612
111.726020241,5613
93.3218532562,5614
93.4707181931,5616
94.1111917496,5621
93.9145267487,5623
114.295306969,5628
91.7502195358,5629
95.8313566208,5631
99.2879383087,5633
103.964769363,5638
94.7634056091,5639
104.48304882,5640
94.0612300873,5645
78.0798007965,5646
93.371919632,5649
112.826583481,5653
112.866919899,5655
94.861623764,5656
94.07817173,5658
116.597976112,5662
92.8977424622,5663
93.7861474991,5667
94.0266239166,5670
101.929753494,5671
94.1405696869,5672
102.828370476,5673
93.4343910217,5674
103.517156219,5675
94.5215047836,5676
112.72038517,5679
112.031586075,5683
94.2039909363,5687
78.1408938408,5688
94.0189962387,5690
111.675607872,5691
93.6772754669,5692
113.829108238,5693
94.3662548065,5694
111.746079254,5697
94.5140188217,5698
111.910258865,5699
93.9913463593,5704
112.762686157,5707
103.466893005,5709
94.3405605316,5710
93.9168027878,5714
93.8845935822,5718
95.2651985168,5721
94.2167984009,5723
113.230911446,5724
94.0193109512,5725
110.985024643,5726
94.7850170135,5729
104.105222893,5730
94.0653951645,5731
78.2083752632,5733
93.1712820053,5736
103.271600151,5741
111.625032806,5745
94.553468895,5747
103.98086834,5748
111.585126686,5750
93.8920654297,5751
93.9907436371,5752
93.5794466019,5754
93.997111702,5755
93.8697874069,5757
116.307092857,5758
103.552797318,5760
103.141557884,5762
111.400372887,5766
94.7996143341,5768
116.552297401,5769
93.7490758896,5770
111.733207703,5771
93.9545963287,5772
112.077061844,5773
92.6685777664,5774
93.6343492508,5776
111.981373978,5777
92.9301887512,5778
116.079058266,5780
93.6031368256,5782
78.1074928284,5783
94.8798582077,5784
94.3338806152,5786
93.9586223602,5788
112.196485329,5789
94.1452762604,5790
103.426083565,5791
104.273002625,5793
94.0997959137,5794
116.470132446,5796
93.64933815,5797
93.6444490433,5801
94.3615468979,5803
111.845043182,5804
93.3362524033,5805
78.272207737,5806
111.740102959,5808
93.9645277023,5813
94.7032701492,5815
103.297488403,5816
94.1839870453,5822
111.988432503,5823
104.102601051,5825
111.780504608,5827
102.289705276,5829
94.4621660233,5830
111.8251194,5831
93.8160163879,5832
111.688149643,5833
114.427392387,5837
93.6792303085,5838
94.0822542191,5839
104.542021179,5842
111.613401413,5844
103.738620186,5845
115.101530075,5846
78.1096229553,5848
113.66058979,5850
93.4835483551,5851
94.6543943405,5853
104.115111923,5854
104.483144569,5858
111.682499695,5860
103.466436386,5864
94.3964271545,5866
112.686463165,5867
93.3675497055,5868
111.680033684,5869
93.5241008759,5870
113.280132675,5871
114.226577187,5874
111.284086037,5876
92.8111124039,5877
93.0615736008,5878
111.429353523,5879
94.560669136,5880
93.0785242081,5884
111.728272057,5886
103.870128632,5890
93.7536117554,5896
102.714129257,5897
94.4739852905,5898
104.925081444,5901
112.800897408,5903
92.9536958694,5906
112.713008499,5908
92.849933815,5909
111.661686897,5910
93.6029525757,5911
111.758099365,5912
113.937437439,5914
112.7364254,5919
94.3104137421,5924
94.2714403152,5926
103.544459915,5929
94.1542564392,5930
94.3509866714,5932
114.142001152,5933
93.5260501862,5934
111.590216255,5935
94.0632045746,5936
111.692767715,5937
93.6950946808,5938
111.187354088,5939
111.550330925,5942
93.7450828552,5943
103.871388435,5944
111.812202072,5946
93.3467752457,5951
103.309856987,5953
93.6408571243,5954
103.638901329,5957
93.6306394577,5961
104.280931282,5962
77.9424592018,5964
93.4903762817,5965
113.68717308,5968
92.7192995071,5969
93.1164236069,5974
112.571954346,5975
77.8457371712,5978
103.814374733,5981
93.7842756271,5982
112.038176727,5983
111.606992912,5989
93.8332241058,5991
103.41540432,5992
93.8897909164,5995
102.57823658,5996
111.303182983,5997
94.31419487,5998
77.8406003952,5999
111.644863129,6001
94.6387289047,6002
109.949146843,6003
93.6458621979,6004
111.933999252,6006
94.0078155518,6007
99.9170087814,6011
103.631928635,6012
93.6417819977,6014
102.737213898,6015
93.4735143661,6016
111.676009178,6017
94.4470848083,6018
94.2729768753,6024
103.890304184,6025
113.18860836,6026
111.232234573,6028
77.9585138321,6029
94.3670175552,6030
113.693083954,6036
93.0659418106,6040
111.64362812,6041
93.85844841,6042
93.5644916534,6044
103.037191582,6045
103.292745781,6047
94.0619377136,6048
112.153157997,6049
115.061330032,6051
112.261994934,6052
93.0825965881,6053
111.885994339,6054
105.158482742,6058
94.5146543503,6059
94.4897071838,6062
115.006504822,6063
102.858895302,6064
93.061800766,6065
93.7389511108,6067
111.745649719,6068
103.378615379,6070
105.354199219,6071
111.367473221,6072
111.364176178,6080
93.4804012299,6081
104.199836159,6084
93.7022134781,6087
103.901660347,6089
111.364181328,6092
93.3883340836,6094
112.047918129,6095
113.597149849,6097
93.9339107513,6100
104.070896912,6104
93.2908010483,6105
111.011438942,6106
77.9518373489,6107
94.4420215607,6108
111.362569237,6109
93.4373077393,6110
111.358811951,6114
93.5074743271,6116
103.599329758,6117
93.8633378983,6118
77.7255051613,6123
112.544672966,6125
109.879926872,6128
103.587087059,6130
111.359860229,6132
77.7746219635,6137
114.24885788,6139
93.5890033722,6140
113.506944466,6141
104.215158272,6142
110.501171684,6144
93.5097412109,6145
93.7829416275,6146
92.124354744,6149
94.0176044464,6156
113.428551483,6159
93.598059845,6160
103.544016075,6162
111.889498329,6164
92.7412755966,6165
77.7418194771,6168
111.564596939,6169
93.4118616104,6170
112.073874855,6171
92.7548772812,6172
114.418312073,6173
94.5067007065,6176
92.3045236588,6177
93.712733078,6178
93.5047933578,6180
103.090995598,6181
92.8250354767,6182
92.7156785965,6185
111.652972984,6186
111.288291168,6188
93.7505716324,6189
104.190336418,6192
93.6176887512,6193
103.019374084,6194
92.5789657593,6195
114.779206085,6196
93.8531974792,6197
111.638332558,6201
93.0491939545,6202
113.311927986,6203
93.1836717606,6204
116.154912758,6207
93.9245382309,6209
94.8284435272,6210
111.718213463,6211
111.806963348,6213
92.7866449356,6216
92.9402721405,6217
93.2518938065,6219
77.9321941376,6222
94.2755214691,6223
94.3848587036,6235
93.447117424,6240
93.3184501648,6242
93.0959693909,6247
111.806695938,6251
112.273760986,6254
93.1950328827,6255
102.421183205,6260
93.560136795,6261
104.230559349,6262
111.668584442,6264
104.036966324,6269
104.792061615,6271
111.38676548,6275
94.5287618637,6276
93.9155931473,6278
111.660553932,6279
113.208624458,6281
93.3803825378,6284
92.2761072159,6286
77.7376253128,6287
93.5881978989,6288
93.0485029221,6292
93.2793432236,6293
92.7161579132,6295
111.725267792,6298
111.604536629,6300
103.167320633,6304
111.686201477,6308
93.7445861816,6310
111.415969658,6312
93.7479408264,6320
93.8519565582,6324
112.16839447,6325
94.4353397369,6330
111.699179649,6336
105.279048729,6340
94.4328575134,6341
103.383640099,6342
93.8799592972,6344
112.364219856,6345
111.64911232,6347
94.2882133484,6348
111.711459732,6349
77.9316170692,6351
112.171262169,6353
94.0043254852,6354
94.081341362,6357
103.753082085,6358
102.670509148,6360
113.863290405,6363
93.2961343765,6364
112.559472275,6368
94.3561441422,6370
93.7035797119,6371
93.4612249374,6377
93.837541008,6379
93.255513382,6381
77.8897961617,6382
111.432832909,6383
111.638961983,6388
110.729931641,6390
101.466200066,6392
94.4668497086,6393
93.4237194061,6395
102.97215023,6398
77.8431074142,6401
93.2302120209,6402
111.500736809,6403
93.292052269,6405
93.1024801254,6406
111.653708458,6407
102.899515915,6409
92.5251707077,6411
93.5307502747,6413
104.295726585,6416
93.8061237335,6417
93.5810861588,6418
115.888094902,6419
111.651519394,6420
111.676945305,6426
92.8081323624,6429
93.3738864899,6430
111.46180706,6431
93.5790081024,6432
94.5431537628,6434
111.836215782,6437
93.6930931091,6438
102.292549706,6439
93.3398900986,6440
93.7202777863,6441
110.928660011,6442
94.9818675995,6443
93.5648571014,6445
111.801918411,6448
111.562412071,6450
93.7595417023,6453
94.3195741653,6455
93.1391607285,6457
111.827271271,6458
93.8144254684,6461
111.50321064,6464
93.2325801849,6467
94.1271509171,6469
77.7749375343,6470
93.1574661255,6471
102.317161179,6473
93.3379688263,6474
93.6725114822,6479
93.4253314972,6481
111.42661953,6484
93.8846803665,6495
113.690891457,6496
111.050645065,6505
93.8567392349,6506
94.2660171509,6508
92.7986701965,6509
103.214250946,6510
103.233043098,6512
93.1482412338,6513
112.434466171,6514
92.7095891953,6515
93.2267543793,6519
93.1314800262,6521
77.6002432823,6523
104.380940628,6525
93.0898412704,6526
93.8883453369,6528
114.00453167,6529
103.635540009,6531
103.949981689,6533
93.1753446579,6534
111.552650452,6535
92.8225866318,6536
112.149723244,6537
93.3271400452,6540
111.260769844,6541
92.8595918655,6547
111.813494682,6548
111.474937439,6551
110.723190498,6553
103.98322525,6555
94.1901390076,6556
77.5872934341,6561
93.2243801117,6564
111.548282433,6565
94.132926178,6568
110.831021881,6569
103.514759064,6573
93.9232616425,6574
111.491568375,6577
113.327746773,6579
92.4519527435,6581
111.528429031,6582
103.439928627,6585
93.6844703674,6586
103.090781784,6589
77.7016688347,6590
94.1871377945,6593
111.484361458,6594
92.4711233139,6595
92.378216362,6599
92.9933504105,6600
112.991199303,6601
92.7661243439,6602
111.713274765,6603
92.906816864,6604
103.195568085,6607
104.145830154,6608
93.3249610901,6609
93.5039924622,6611
110.832148361,6613
93.5476707458,6614
94.2442111969,6616
110.832148361,6617
93.3031908035,6618
102.077251434,6619
103.983665085,6621
103.162290764,6627
110.752121353,6629
77.5802355766,6631
93.4496728897,6634
93.3005182266,6636
94.1391296387,6638
110.832325745,6639
111.533773994,6641
93.5625944138,6642
113.342543793,6651
77.6215500832,6654
93.456788826,6657
93.4597845078,6663
110.110861397,6665
93.8658252716,6666
93.1636043549,6668
104.065579796,6669
93.6623056412,6670
93.5748121262,6671
93.7814706802,6673
93.7224737167,6675
77.6214659691,6676
93.5078273773,6677
93.3005661011,6679
111.32923584,6680
103.207601166,6681
102.925244141,6685
93.8231441498,6688
92.510408783,6689
109.51031456,6690
110.83063755,6692
93.6774765015,6693
93.5272851944,6694
116.901564407,6698
92.9241661072,6699
110.421284866,6700
93.1284254074,6701
111.361699104,6702
92.5079099655,6704
110.639442444,6707
111.693509293,6712
92.9918182373,6713
94.7507022858,6715
111.539340782,6721
93.0716783524,6722
111.524960899,6723
94.2441114426,6724
115.513068771,6725
111.486697578,6731
81.0465639114,6735
93.8423254013,6736
104.969568253,6737
92.6847797394,6738
103.229872894,6739
103.173970413,6741
92.6636238098,6743
93.1438150406,6745
111.113501549,6747
92.8690135956,6749
103.376060486,6750
115.16366272,6751
94.0683883667,6752
110.816879654,6753
114.143767738,6755
93.4197500229,6756
102.982671165,6757
111.401970863,6759
92.7069610596,6761
93.0727952957,6763
116.208797264,6764
93.3790473938,6765
111.122698784,6766
111.507389641,6768
92.4763608932,6771
93.3519987106,6773
94.0347522736,6774
103.363843155,6778
94.4120565414,6779
90.9632062912,6781
92.6337255478,6784
92.3106506348,6786
110.660589218,6787
91.4319793701,6790
103.120750618,6793
109.585969543,6795
110.390295601,6798
102.121822929,6806
93.3870168686,6807
93.0908870697,6810
109.666460228,6815
91.9184474945,6816
100.843244553,6817
93.1750780106,6818
101.945742416,6819
93.3749414444,6820
92.4568525314,6822
114.772122765,6823
110.043673897,6824
93.1087024689,6825
77.6021744728,6828
111.834597778,6829
109.7415802,6831
91.3674749374,6832
110.288492775,6833
92.4086416245,6834
95.2615013123,6836
110.777197266,6837
92.2829313278,6838
102.537983704,6840
92.5864488602,6843
89.7685829163,6845
91.7716573715,6846
109.960017586,6847
110.632636642,6851
92.4263570786,6852
109.461166,6853
92.5745693207,6858
110.591840553,6861
112.288169098,6863
77.5519742966,6864
91.9221860886,6865
110.440289879,6866
93.591374588,6867
101.729793167,6868
92.9159170151,6869
110.049402237,6870
109.501673508,6874
92.7127227783,6875
110.196904373,6877
92.5089017868,6878
93.5443191528,6880
109.795760155,6883
91.9723152161,6884
92.6740259171,6886
92.6901920319,6890
109.802802277,6893
91.4242429733,6894
110.176310349,6899
93.7496847153,6900
92.0169952393,6904
109.968445206,6905
92.7511138916,6906
91.5575946808,6910
103.039314842,6912
112.253719139,6913
92.1091161728,6920
92.7074211121,6922
109.570299721,6923
93.2178846359,6926
109.523781204,6927
91.4922159195,6928
109.901735115,6931
92.290719223,6933
90.0084814072,6936
110.452035522,6937
112.235035896,6939
91.7088647842,6941
112.162151527,6942
92.901543045,6943
100.675842857,6944
93.0981819153,6945
109.423867607,6946
114.826625061,6947
102.943226051,6949
102.02630291,6951
110.296742058,6953
92.3164628983,6954
110.579949379,6955
109.811829185,6963
91.9071626663,6964
92.8752061844,6966
91.8887271881,6968
101.408777809,6970
110.921772003,6972
110.219384766,6976
110.433556938,6978
101.214990425,6981
102.927605247,6985
91.7843822479,6986
110.46147747,6987
110.978920174,6989
114.761027908,6991
113.08020153,6993
92.4430007935,6994
109.958277702,6995
92.6249801636,6996
111.005209923,6997
77.4960202217,6998
109.98738575,7001
111.516996193,7003
93.1724424362,7006
104.183399391,7008
90.6207878113,7010
93.0370206833,7011
112.004991722,7012
91.5897165298,7013
110.316086769,7014
101.749702263,7017
93.1204591751,7018
89.3518602371,7019
92.5915849686,7023
101.348193359,7024
92.1668769836,7025
110.179030991,7026
92.4871095657,7027
111.426840401,7028
109.568480873,7030
93.4744512558,7031
110.991565895,7033
92.093217659,7036
92.708536911,7037
92.7774471283,7039
91.8861047745,7044
110.742354584,7045
95.0926845551,7046
103.172496796,7049
92.8370790482,7050
101.404186249,7051
109.792844963,7054
92.9299097061,7055
92.8995910645,7057
110.172323799,7060
93.7803405762,7061
90.2241893768,7063
109.913949585,7064
93.5032989502,7067
91.9018604279,7071
100.736889648,7074
93.2487070084,7075
110.741433907,7078
91.6502113342,7079
112.054047394,7080
93.6847072601,7081
110.733131599,7082
92.7384571075,7083
110.969693947,7085
101.941598892,7092
93.1928218842,7094
92.0302591324,7100
110.24020462,7101
110.432157326,7102
110.016419601,7104
93.7787420273,7105
92.8791334152,7106
100.762790108,7107
77.6625995636,7108
92.724366951,7109
110.445781136,7110
93.5689336777,7112
101.417400742,7113
92.7398445129,7114
110.489831352,7116
93.7788049698,7117
102.431145477,7118
93.1600118637,7120
101.949180794,7121
101.095807266,7123
93.2414190292,7124
105.986492157,7127
101.061914444,7131
93.1731714249,7132
89.6474941254,7133
109.899572372,7134
91.7524475098,7135
110.536486435,7136
91.453604126,7137
93.0490629196,7141
101.937581825,7144
109.845311546,7147
91.1979431152,7148
91.9441665649,7150
93.1502897263,7151
101.301380348,7152
91.811920929,7154
93.1807884216,7156
101.816706467,7157
114.708984566,7159
93.8600564957,7161
92.4393440247,7163
100.429879761,7164
77.5353329659,7167
103.228356552,7169
92.9795795441,7170
92.2853794098,7173
102.468943977,7174
109.667063332,7177
103.029622078,7178
92.0900201797,7179
77.5126045227,7180
110.081215858,7181
92.6792053223,7182
93.3791347504,7184
111.35077076,7185
91.1854804993,7186
113.031869316,7187
92.9309913635,7188
110.781209564,7189
100.65715065,7191
109.768186569,7193
96.3506361008,7197
92.8415740967,7199
110.716043663,7200
91.7121847153,7201
93.1603160858,7204
109.642791176,7207
112.337649536,7209
92.5224451065,7210
104.023026657,7211
92.1723152161,7213
111.015503502,7214
110.629932976,7216
93.3242149353,7217
109.887402916,7220
109.558486938,7224
92.4936191559,7225
110.628982925,7226
92.4639314651,7227
111.34780407,7234
80.492036438,7236
102.861498642,7239
93.1084547043,7240
113.842123795,7242
110.563709641,7244
90.1168027878,7245
110.342671204,7247
91.2740753174,7248
114.70924263,7249
110.774446869,7250
92.4087200165,7251
110.824660873,7252
77.5069591522,7253
93.4588687897,7256
92.351918602,7260
111.718409157,7261
93.2612564087,7264
112.630657768,7269
92.3525974274,7270
110.620647812,7273
88.4752088547,7279
110.625440598,7281
92.1091236115,7284
111.018846512,7285
114.713334656,7286
91.6216569901,7287
92.8783939362,7289
91.9075256348,7292
111.197429466,7293
93.0919836044,7296
110.825909996,7297
90.8897968292,7298
112.56823101,7299
101.825833321,7301
110.579139137,7304
116.745721054,7306
92.8755750656,7308
101.301605606,7309
92.3402952194,7312
77.4938857079,7313
92.2498731613,7314
92.4393651962,7316
116.759390831,7319
93.6095514297,7321
93.2518838882,7323
102.584799385,7324
92.952141571,7325
101.475832176,7328
77.5502279282,7330
93.003021431,7334
111.72770195,7337
94.0169801712,7338
92.7447240829,7339
91.9974123001,7341
111.440137291,7342
111.152944946,7344
110.565698433,7345
110.131464005,7347
110.614014816,7349
92.7124101639,7350
113.173614311,7353
110.551325607,7355
92.5719881058,7356
113.331663322,7357
93.6183160782,7358
93.165102005,7360
103.230849075,7363
93.4439035416,7364
93.3451349258,7366
93.2556539536,7368
110.579221344,7369
91.9355716705,7370
92.7788284302,7373
110.690086746,7374
92.9240375519,7375
93.0999345779,7377
92.6403657913,7379
114.562343025,7380
110.110704803,7382
92.8277273178,7383
92.2468320847,7385
103.030862617,7386
92.9846240997,7391
104.332557487,7394
110.713855171,7396
92.556281662,7397
93.1415561676,7399
102.945274162,7400
77.4538687706,7403
110.581359863,7405
109.142313766,7408
112.931962395,7414
102.34995575,7416
91.6614421844,7417
92.4281162262,7419
102.292392349,7420
92.8561552048,7421
93.3619224548,7422
102.879533195,7423
77.4701130867,7425
92.2603878021,7430
92.7686517715,7432
92.4232667923,7433
110.281757927,7434
109.864813805,7436
92.1159244537,7437
103.166320419,7438
103.479998207,7440
92.3413650513,7441
110.564299393,7442
111.284273529,7445
101.56380558,7446
110.907112312,7448
101.360201263,7450
92.5331676483,7451
111.481574249,7454
92.0551921844,7455
110.467570114,7457
101.648594475,7459
92.2604307175,7462
92.5214776993,7464
109.351028061,7465
92.5800588608,7466
109.911556053,7467
111.017606926,7469
92.3498188019,7472
109.967666435,7473
92.9086999893,7479
103.068382645,7480
110.044439697,7484
92.7467895508,7491
103.306306648,7494
92.6007658005,7495
94.3391489029,7501
92.6890634537,7503
102.557836342,7504
92.1601837158,7505
110.556374931,7508
92.3612695694,7509
77.4397064209,7510
112.195593262,7511
93.6758514404,7515
103.119522095,7516
93.100834465,7517
102.976296997,7518
92.9172519684,7519
92.7527469635,7521
101.79312973,7522
103.477154541,7524
101.954332924,7526
92.89500103,7527
101.687173843,7528
92.9791282654,7529
110.147614479,7534
111.123866081,7537
92.2644546509,7538
92.5176214218,7540
110.598286057,7541
110.553143501,7545
113.41878376,7551
93.3967708588,7553
100.729805374,7554
93.4975412369,7555
110.672387505,7561
92.9372314453,7562
93.0398641586,7564
103.642119789,7565
93.0425703049,7566
112.273415947,7567
99.7575378418,7569
92.4354291916,7570
112.763411903,7571
94.8546758652,7572
103.20373745,7574
111.083835983,7578
92.3055055618,7579
91.7613744736,7586
81.3909798622,7587
92.5209941864,7590
109.947231293,7593
92.2381877899,7594
93.0456581116,7595
91.8706642151,7600
77.4281234741,7601
92.0446826935,7602
110.576961899,7603
91.8473937988,7604
92.3830308914,7606
112.756058311,7608
77.4031311035,7613
110.519939995,7615
110.093089294,7616
116.656874275,7617
92.897177887,7618
102.159634209,7619
93.4673639297,7622
102.403176689,7623
93.1085014343,7624
102.971166039,7625
93.123585701,7626
102.924195099,7627
78.7898749352,7628
103.124273682,7631
102.481648064,7632
92.6172555923,7633
112.647045517,7634
92.6685752869,7635
111.394496918,7636
111.391513062,7637
92.3576259613,7639
77.417124176,7640
111.394508934,7644
92.4460287094,7645
102.711386299,7648
93.3821788788,7649
110.560559464,7650
109.328977394,7652
93.0357439041,7653
92.6027355194,7655
110.592933846,7659
93.3631212234,7662
91.8855194092,7664
93.7054702759,7666
92.9343109131,7668
110.634920502,7669
91.8559648514,7670
93.5119428635,7672
110.015940475,7673
91.6501070023,7678
77.5288328171,7679
103.255537224,7680
92.6175207138,7683
114.654973412,7685
92.6953262329,7688
109.719993782,7690
92.9936328888,7692
93.5229877472,7693
111.680290985,7695
92.1140947342,7696
92.740845871,7698
111.188606644,7699
93.1638774872,7702
111.340656281,7703
93.3565418243,7704
112.085103035,7707
77.4085354805,7713
102.58676548,7715
109.350388527,7717
91.82168293,7718
103.313360405,7719
110.307823753,7721
93.6312353134,7722
99.7008419037,7725
99.0889110565,7727
77.7684613228,7730
89.2228500366,7733
99.6805860519,7735
110.585198975,7740
110.126015091,7741
89.8686763763,7742
111.769004631,7744
91.6045530319,7747
77.3986907005,7750
110.198907089,7752
110.281490898,7754
103.96370945,7756
93.1407262802,7757
103.141114426,7758
102.840874481,7760
93.118755722,7761
113.80457859,7763
92.2627166748,7765
111.09373188,7767
92.213650322,7768
92.3003421783,7771
89.3673341751,7773
113.271364403,7774
103.718397522,7776
91.9306156158,7779
90.9702083588,7783
104.590218735,7786
92.0787488937,7787
91.6747037888,7789
92.8997499466,7791
91.9649461746,7793
108.593430328,7794
90.0611169815,7795
77.363336277,7799
108.788154411,7800
93.50936203,7802
104.906702805,7805
99.2891780853,7807
92.3436536789,7808
102.693244934,7811
109.213435936,7817
101.016185951,7818
92.9027090073,7819
91.1656593323,7822
110.199920464,7823
110.175644493,7825
91.5632732391,7828
92.4150295258,7832
77.3878304482,7833
109.930827904,7834
92.7059253693,7835
93.2265577316,7837
91.248995018,7840
91.8737085342,7842
109.42790451,7843
91.7398534775,7844
93.1771360397,7846
92.2146009445,7850
110.308285332,7853
111.881902313,7855
92.1366157532,7858
109.976391983,7863
110.592689323,7865
90.0879678726,7866
91.267801857,7868
110.136410332,7869
77.3680165291,7871
100.49581337,7872
100.99689579,7874
110.06134243,7877
91.2518930435,7878
109.838725662,7879
92.2552602768,7881
92.1958854675,7883
100.179826736,7885
93.085984993,7886
93.1646085739,7889
103.140329742,7890
92.0400197983,7891
90.9142206192,7893
101.59993515,7894
109.847534752,7896
99.878232193,7898
91.9337600708,7901
109.473658943,7902
110.600284576,7904
92.5787189484,7905
112.966537476,7906
92.9382555008,7909
100.783127785,7910
91.9147356033,7913
110.697602272,7918
90.839264679,7919
91.1095005035,7923
92.9688148499,7925
88.775730896,7927
92.4525527954,7930
91.902731514,7932
92.0107223511,7933
91.3094861984,7935
102.446636009,7939
90.3772527695,7942
109.668688583,7943
101.873786354,7945
92.7903345108,7946
92.7402643204,7948
109.280462456,7949
91.1278604507,7950
111.081441689,7951
100.856125832,7955
92.9952301025,7959
110.567630005,7960
91.1904781342,7961
102.002607536,7962
102.16624527,7964
93.1222360611,7965
110.571381569,7966
102.936397552,7967
92.4316720963,7968
102.486984634,7971
90.8428794861,7974
105.465509033,7976
109.957881355,7978
110.567630005,7982
92.6800018311,7983
101.754280472,7984
91.9383865356,7986
109.277876663,7989
109.466866112,7991
109.621366501,7992
90.8306713104,7993
110.327630806,7994
92.3969587326,7995
91.778125,7997
101.754280472,7998
109.206831551,7999
92.1281648636,8002
92.1342575073,8007
92.8500333786,8009
92.4004341125,8011
91.9143659592,8013
100.554718399,8015
110.47902317,8017
114.637586975,8019
92.4974912643,8023
110.559683609,8024
110.460024452,8026
89.6499767303,8027
91.9285116196,8029
110.500989342,8030
91.9856233597,8031
93.4902263641,8033
91.6667339325,8035
102.195070839,8036
102.58852787,8039
89.6860876083,8042
92.9685112,8044
77.3759464264,8046
110.880356979,8048
92.5860816956,8049
101.62131958,8050
91.9387544632,8053
91.1362556458,8054
91.5246482849,8059
91.9842178345,8061
109.657931709,8062
109.669225121,8064
103.164956284,8066
92.3493612289,8067
91.3779649734,8068
92.2209117889,8070
110.573244858,8071
91.8001823425,8072
91.1590070724,8076
91.7258245468,8080
111.277887726,8081
97.8708242416,8084
110.72435112,8087
89.6763542175,8089
114.876908684,8090
102.051576996,8091
115.193346596,8094
89.1005086899,8100
92.2540857315,8101
92.9079559326,8110
109.462458038,8111
93.1904836655,8112
113.820436096,8115
92.7187547684,8116
109.65807972,8118
114.759849358,8121
109.523508263,8125
110.416043854,8127
92.4677131653,8128
109.392423058,8129
94.2356729507,8131
92.3609069824,8138
101.568895149,8139
91.2806640625,8140
89.261059761,8141
110.540704346,8142
110.052155876,8143
110.458134842,8145
90.6866785049,8146
111.593211365,8148
110.400841141,8153
91.0550350189,8154
112.022961426,8155
91.6230743408,8161
109.849214554,8162
92.5669940948,8163
109.453796577,8166
109.95272522,8168
91.6673461914,8170
109.562236595,8172
91.0907119751,8173
102.061055183,8176
91.9043230057,8179
92.7476150513,8181
114.302368736,8182
109.823782539,8184
102.902221298,8190
92.4329652786,8191
110.955497551,8194
111.687345695,8196
110.25111351,8198
110.112258911,8199
110.366895294,8201
91.405966568,8202
92.9402004242,8207
109.297282791,8208
109.653296852,8211
109.533244133,8214
92.0174312592,8217
109.761217117,8218
92.3999452591,8222
103.472285271,8229
92.2197687149,8231
92.6269779205,8233
92.1501132965,8236
111.06409874,8238
99.9290193558,8240
101.041508484,8243
110.575049973,8246
91.5601182938,8250
93.7147281647,8254
77.4681295395,8256
109.584669876,8257
91.1936401367,8258
93.2034719467,8260
110.641289711,8261
112.557409096,8263
92.022791481,8264
108.971065331,8267
90.0171825409,8268
91.9025876999,8271
109.292674637,8272
92.4944591522,8275
92.5549407959,8276
103.222622108,8277
113.959307671,8278
92.751206398,8279
109.21162281,8280
93.4380046844,8281
109.283311844,8282
110.833763123,8287
90.9124662399,8288
110.75026741,8289
91.0223430634,8294
90.8739551544,8296
110.354191589,8299
101.578679848,8302
110.386771584,8308
102.152884674,8314
93.792367363,8315
109.666327477,8316
92.2830863953,8317
110.323160362,8319
89.9990976334,8320
114.794412041,8321
92.7449401855,8323
90.8186262131,8325
109.465933228,8326
109.440850639,8328
108.892264557,8330
91.1044057846,8331
111.411893654,8332
92.6166385651,8334
92.1917819977,8338
93.4161914825,8339
89.4145917892,8341
110.237587929,8345
93.0797292709,8346
102.068610191,8347
92.4805253983,8349
91.6409690857,8351
110.315834427,8352
109.466999626,8353
109.92842083,8355
109.225037766,8358
108.795225525,8359
92.4027767181,8360
110.518069458,8361
101.840044403,8363
92.0315343857,8364
92.8675582886,8365
100.948436546,8366
109.604689217,8370
91.0152168274,8372
93.3059268951,8376
109.457064819,8377
109.867954063,8379
90.324548912,8380
112.060631752,8381
88.5606336594,8386
101.674113655,8388
92.0876237869,8389
110.554784584,8391
93.7837554932,8394
102.674292564,8396
101.099669075,8398
110.872112274,8400
89.8398160934,8401
89.5203598022,8404
93.7237533569,8407
109.846969032,8408
109.071562004,8409
103.055639076,8410
92.3116537094,8411
93.0999675751,8413
109.924826241,8414
91.4824201584,8416
