ID,y
1,79.1292356491
2,93.7315244675
3,80.1402685642
4,76.6659158707
5,110.548846245
8,90.6299128532
10,110.072172165
11,95.4925855637
12,118.340645981
14,92.9615386009
15,114.45427866
16,101.807874393
17,94.1375488281
19,93.1480082512
20,102.828191471
21,95.9074739456
22,115.260215378
23,104.601366043
26,98.000611496
28,103.20737114
29,104.601366043
33,104.601366043
35,99.0731962204
41,96.2223187447
42,94.1252180099
43,117.219612789
45,103.966788006
46,103.397790813
51,94.4455669403
53,82.525434494
55,114.002756405
56,93.3639569282
57,104.324701977
58,94.7375462532
59,102.902691555
63,112.113157749
64,94.90197649
65,105.569515038
69,93.9304773331
71,95.9967152595
72,102.976386356
73,94.72469244
76,103.002393532
77,106.748666096
78,115.87858963
82,95.0463505745
83,105.569515038
84,94.4762958527
85,103.154034329
87,112.605553818
88,96.2223187447
89,113.981466198
91,93.6822633743
93,94.6628085136
94,105.622091103
95,94.0180446625
96,112.251204872
97,93.0994727135
98,112.71110878
99,93.298557663
101,104.159822559
103,113.981466198
104,93.3463620186
105,111.762506962
110,95.6744927406
111,112.445114422
113,113.165870857
114,93.8042578697
115,112.106008053
117,113.981466198
120,93.571199131
121,112.750353336
122,94.2921349525
123,113.227657413
126,112.582632256
132,112.776265717
135,105.042636299
137,104.355678272
138,95.1963547707
140,93.2198685646
142,112.244211674
144,112.827224159
148,92.1066557884
149,113.649152851
155,93.8377098084
156,112.629215431
157,93.0994727135
162,112.678810882
163,94.4092786789
167,94.2815769196
172,117.219612789
179,114.93596735
180,94.43259058
181,111.55262022
182,95.4986042976
183,113.981466198
185,113.981466198
187,112.639885235
188,94.7492176056
189,93.8961691856
191,93.4353627205
192,113.139204216
193,94.6651358605
194,112.111707973
195,93.3658467293
196,113.307244873
198,95.3239284515
199,112.802873325
201,105.014923001
204,94.751594162
205,104.684465027
206,93.5661673546
210,94.1887911797
211,104.159822559
216,112.667975235
219,116.808885765
220,93.5608021736
221,111.438605881
226,111.55262022
227,93.8160212517
228,112.630890941
230,112.307890511
231,93.0994727135
235,117.098772526
236,93.5806632042
238,112.433472729
242,105.258042908
243,93.3612927437
244,78.9210124016
245,111.693072128
247,113.794544602
248,93.3660737038
249,94.3337090492
250,112.819904709
251,93.5806632042
253,117.098772526
254,94.0355239868
256,94.2147686005
257,92.3285327911
258,112.703034973
259,93.4914529801
262,79.5150112152
266,93.4082824707
267,112.970527267
272,102.960203171
273,113.981466198
275,96.0266114235
276,114.857025623
279,94.8510175705
280,105.569515038
283,94.3112685203
285,112.779291534
288,113.981466198
289,85.6831871986
290,105.254666138
291,94.6580203056
292,112.026788807
293,111.906741619
296,94.9992372513
297,112.497733689
298,116.097719383
299,95.0199899673
304,93.0578313828
305,82.8563566208
306,94.1246744156
307,111.692341518
311,111.183714103
313,111.692241192
314,93.0332879066
316,93.6314073563
324,93.1621562958
327,96.1702082634
329,93.4013821602
330,112.146703529
337,105.603336334
338,94.768170166
339,106.083178806
340,94.7020172119
343,93.8442986488
345,116.441876316
346,94.234299469
347,112.936302948
349,112.797398472
350,93.688240242
352,112.69741106
353,92.8921522141
354,78.3961817741
357,93.5498139381
358,112.69910326
362,112.681746673
364,116.42246027
365,103.63607912
366,94.6253796577
367,112.979839706
368,94.699682045
370,78.7485942364
373,94.6789761543
377,93.0254260063
378,111.829860592
382,102.991660309
384,112.631537914
390,93.9394808769
392,112.882026195
393,111.378002071
395,94.87517519
396,105.759075737
399,79.37490592
406,111.692241192
408,111.692241192
409,93.6452771187
410,77.6860230923
412,113.015062714
413,92.6033083916
419,94.3028216362
420,113.147986603
421,92.328715992
430,101.294596767
434,94.1272925377
436,94.9358686447
437,93.2056040764
438,92.9734217644
439,112.422621441
440,93.8661802292
443,113.288466167
446,94.706091404
448,93.2372929573
452,94.014230442
453,104.20158453
457,104.363975143
458,94.1786696434
459,114.729086017
460,103.722326851
462,105.5413311
464,103.666125965
465,116.802776527
467,116.307356739
471,112.511119747
472,77.4124876022
473,96.9220776558
475,95.0859413147
480,94.5351560593
488,112.40321455
490,111.692341518
491,103.852961063
492,79.0078151226
493,94.0563044548
497,93.2801722527
498,112.522228908
499,94.7673689842
500,102.970533085
501,94.4779770851
502,112.469598675
506,82.6582280636
510,111.475863457
511,92.7517969132
512,93.3565828323
516,94.1887047768
518,93.3244796753
519,112.540357113
521,93.3837910652
522,112.99725008
526,112.94193058
529,95.6160347938
532,112.542565918
533,93.8386128426
536,113.164289474
537,101.55919199
539,95.0547908783
540,103.923992729
541,94.9252801895
543,94.1461271286
546,113.058796406
547,93.3201290131
548,79.4271682739
551,93.7498809815
552,104.043070602
556,104.750954533
557,95.593256855
558,112.979839706
559,94.9613519669
560,104.083084488
562,104.785978699
566,94.1400913239
570,112.522228908
571,93.2056040764
572,105.559842396
573,94.7763973236
575,116.802776527
576,112.806576634
577,93.7972207069
579,93.0986903191
580,112.366917133
581,113.081857014
589,111.692341518
591,102.876423168
593,94.6913268089
594,103.614025974
595,94.737225914
598,93.4830705643
602,112.288191318
604,112.819676495
606,111.668998051
608,94.7333408356
609,104.172513104
610,94.1098021507
616,112.527577782
617,95.1469072342
618,102.329754353
620,104.359991646
622,111.540694237
623,93.0530546188
624,105.405696011
626,112.311760712
628,112.816181278
629,94.88172369
630,112.309647083
637,94.5661997795
638,105.051437855
643,94.5508547783
645,94.5351560593
646,117.32277832
648,96.2538303375
652,94.0774932861
653,93.0822971344
654,112.522228908
656,112.847587967
657,94.849947834
659,92.1919319153
660,104.097708797
663,93.9901435852
664,112.898486042
666,103.94924736
668,111.848991489
669,92.0521533966
671,95.6276800156
675,94.0372588158
677,93.2315221786
678,111.578359795
679,104.510371399
682,94.9164170265
685,103.596202946
687,94.2893115044
688,92.7785310745
693,110.694833851
696,96.2722732544
698,94.2451958656
701,96.8617546082
704,104.891226483
705,116.400750637
709,112.951677513
710,93.4547774315
711,104.964583015
712,94.6347838402
714,111.327501106
715,93.4862685203
716,111.296716785
717,94.6847977638
720,116.135333443
721,93.2589342117
724,102.1026227
725,94.4486107826
726,112.15095644
728,112.40762043
731,93.2937669754
734,104.19887085
738,94.0280103684
745,111.642214203
746,92.9867166519
751,78.8907643795
754,93.6961658478
756,93.7719090462
758,94.412601757
759,112.823830318
761,116.826694775
766,94.3374027252
767,112.923014355
768,92.8473234177
769,113.339314079
770,94.4114720344
771,78.9666186333
772,104.237727165
773,93.2658337593
774,111.947656822
776,112.264115524
777,94.0746401787
780,116.819312763
782,103.566186714
787,102.871189404
788,94.8161791802
792,92.5624210358
793,112.578823566
798,94.0936362267
800,92.840930748
806,111.296716785
809,112.005395699
811,113.173169231
812,92.9301970482
814,116.48729763
816,103.219795799
817,94.7150679588
818,111.753682995
820,111.961653614
823,94.026053524
829,92.8118149757
830,112.733356667
831,91.8780428886
834,111.681225872
839,94.0142251968
841,78.8940082073
844,103.840505886
845,94.204648304
848,92.894720459
850,100.324491692
851,103.614950275
852,91.4495248795
854,92.8820915222
855,95.2734759331
856,103.61122694
859,102.756127548
861,111.947656822
864,93.3430035591
865,111.773638249
866,93.6127911568
867,92.9363240242
869,94.5370936394
871,93.2826887131
872,111.296716785
882,102.651853275
883,93.9505179405
885,94.2847300529
888,96.4719252586
893,111.101766109
901,110.917664909
903,103.51301508
904,94.192169857
905,104.030574799
910,94.4019134521
911,111.466199303
914,112.343561172
918,112.894509888
921,91.9934837341
928,93.8138492584
929,104.064892006
932,92.650729847
933,106.411988544
934,94.4019134521
935,112.465585518
937,78.4413500309
939,94.7784615517
940,102.738566875
941,94.2772343636
942,103.126007366
943,94.1295164108
944,103.531262398
947,111.296716785
949,111.845473766
951,111.117451668
952,94.8688696861
953,103.51301508
954,77.9408894062
957,112.156856155
959,92.8322556496
960,115.052297592
963,116.48729763
965,111.296716785
967,103.653181934
971,94.188935566
972,77.8968595505
973,93.7856303215
974,112.579538727
975,95.5077512741
978,119.257726288
980,112.890706253
981,94.6135062218
984,112.670232677
986,94.4019134521
988,92.8473234177
989,111.652110672
990,103.860698318
992,110.917664909
996,92.8790153503
999,112.965721226
1000,92.9340737343
1001,111.773638249
1002,92.8698835373
1003,112.264115524
1004,92.4251828194
1008,111.773160839
1009,91.2159938812
1010,106.055821991
1012,117.939640808
1013,93.1375416756
1014,113.382628345
1015,93.7157388687
1016,116.268355942
1019,93.8475887299
1020,111.898921394
1021,94.4019134521
1022,104.536580181
1024,94.4019134521
1025,78.587596035
1027,94.4122835159
1028,104.034760475
1029,95.3569660187
1030,93.9727200508
1033,112.831644821
1036,93.9657961845
1037,111.267582417
1038,92.6127875328
1042,94.7784615517
1043,103.144343662
1044,93.6335784912
1045,112.079588318
1047,114.234705162
1050,93.8802858353
1051,111.239729309
1054,93.9740288734
1056,94.6135062218
1057,93.9327492714
1059,94.2953042984
1062,98.7695509911
1063,104.419307899
1064,94.6135062218
1066,93.5634866714
1070,103.712768459
1076,112.08648262
1077,104.15246172
1078,112.454297352
1080,112.509926128
1082,112.616589165
1083,96.0791172028
1089,112.533057404
1091,96.8944410324
1093,96.0633090973
1097,96.0100494385
1099,94.3273220062
1101,95.1371684074
1103,96.6675283432
1104,112.696596146
1106,113.117445469
1109,94.2132128716
1110,112.629278279
1111,94.9029384613
1112,115.847454738
1114,95.1175216675
1116,94.9060005188
1117,112.743711472
1120,94.585485363
1124,113.593716335
1125,94.2714165688
1126,112.450968647
1134,112.615706062
1137,94.4853654861
1138,113.277524471
1144,112.202467823
1145,95.3393715859
1146,93.778676796
1148,96.4784954071
1150,94.3891693115
1152,104.774971485
1153,94.9650175095
1154,103.8738657
1155,95.4535464287
1157,93.4109555244
1162,95.7812700272
1165,113.246307755
1166,94.6411783218
1167,105.002619076
1168,95.2671821594
1169,103.487649345
1171,117.775916958
1172,96.4696657181
1173,103.487649345
1174,94.667873764
1176,96.3792452812
1177,104.670102882
1178,94.3640926361
1182,113.068739224
1186,95.0095133781
1187,114.016557884
1188,95.0878346443
1189,118.342611122
1191,104.158508968
1192,95.730783844
1197,112.698204803
1198,93.9334973335
1200,78.3329993725
1201,94.8312038422
1203,96.3876729965
1209,117.519567585
1214,105.159326363
1218,112.529210663
1222,95.1059264183
1226,95.9237328529
1228,95.3331728935
1230,93.5575493813
1232,78.6701117992
1233,98.2945690155
1236,115.133514023
1238,94.8796077728
1241,112.202467823
1244,105.760780811
1246,95.1753692627
1247,113.467640686
1250,113.045405006
1251,94.9762845993
1254,113.597924805
1255,94.2734601974
1256,111.973484421
1257,94.3397825241
1258,93.4666999817
1259,112.38715086
1260,95.4505478859
1263,111.99403429
1267,78.2231808662
1268,112.842795944
1271,95.5277234077
1272,111.923031139
1274,104.740176869
1275,95.7812700272
1276,112.068589497
1277,93.4821491241
1279,93.778676796
1281,94.7141546249
1282,95.0878346443
1283,113.472183609
1285,113.333881187
1286,94.4732272148
1289,112.942369652
1296,114.842978096
1299,94.2644365311
1301,93.6743515968
1306,93.9774710655
1307,94.3441685677
1308,94.2364732742
1313,112.068589497
1314,95.8642632484
1315,112.629278279
1316,94.4401293755
1317,112.064438438
1319,94.1615813255
1323,94.9294868469
1324,105.023946857
1325,94.8240354538
1328,105.048376369
1329,94.8728640556
1330,112.565464497
1331,94.6868844032
1332,104.378995991
1337,96.4480534554
1338,112.385385227
1339,94.0807379723
1340,112.844991493
1343,113.474041939
1347,103.9971488
1348,94.0070098877
1349,104.785429955
1352,93.3408644676
1354,96.2710000992
1359,112.782327652
1360,94.8060879707
1363,111.815698337
1364,96.526948452
1365,104.031419659
1366,94.4076029777
1372,95.185057354
1375,104.70101633
1376,94.3384253502
1378,93.6725097656
1379,113.549545956
1380,94.8741328239
1381,103.223983479
1384,112.989970207
1387,93.9588784218
1388,112.669976044
1392,78.9766281605
1394,104.536127758
1395,94.8441608429
1396,111.900108433
1398,94.3485987663
1399,111.900108433
1400,93.9372398376
1401,94.375437355
1403,95.633460331
1404,113.123365498
1406,111.900108433
1407,94.6485864639
1408,111.739180088
1410,78.0384421349
1412,111.901755524
1413,95.3057799339
1415,95.5317043304
1420,111.739180088
1422,111.859533596
1423,107.87831707
1424,111.739180088
1425,95.3162145615
1426,78.0384421349
1427,95.8433170319
1429,93.1371287346
1430,112.669228745
1431,95.966891861
1432,104.303992271
1434,112.884433079
1437,95.3234070778
1438,104.702346039
1440,113.071487045
1441,113.078790283
1442,93.8096374512
1444,113.013374424
1445,95.5157952308
1446,104.409699631
1448,93.2293183327
1453,94.0898275375
1454,111.901755524
1455,95.3141504288
1456,114.237165451
1458,111.901755524
1459,93.4487355232
1461,94.0758193016
1465,93.9588784218
1466,112.913670158
1469,94.680652237
1472,94.0898275375
1474,94.8836610794
1477,112.932539082
1479,111.951907444
1482,93.0013893127
1483,77.9707761288
1487,94.9581140518
1488,112.65662241
1490,112.848475838
1492,112.206951713
1494,117.336150742
1496,102.289451885
1497,94.8036245346
1499,96.4211988449
1502,93.1448286056
1507,113.18760891
1508,93.3408644676
1509,111.932479
1511,93.747706604
1512,112.872952366
1513,115.537200928
1514,103.731192589
1518,112.832077217
1519,92.7066516876
1522,112.989384079
1524,78.1041363239
1527,93.8096374512
1529,93.9262024879
1532,104.229477597
1536,112.767182064
1537,117.090258026
1539,105.668347359
1542,113.318013191
1543,94.3384253502
1544,103.868837357
1545,79.4789135456
1550,94.3627752304
1551,112.039426708
1554,104.73160553
1556,104.506909657
1559,93.2993459701
1560,78.1656928539
1562,94.7953501701
1566,92.7281069756
1567,112.8181283
1569,104.429952526
1570,115.26518116
1571,112.712626743
1574,93.3408644676
1578,104.249186134
1580,93.6758143425
1583,112.969050884
1584,93.3408644676
1585,112.91978178
1586,98.5492003441
1587,112.8949296
1588,92.816655159
1590,115.688462925
1592,103.559001827
1596,112.768625736
1598,111.813456249
1599,94.6164037704
1604,115.616184044
1606,102.567450428
1607,95.3057799339
1608,103.146632672
1609,117.321997261
1611,94.497507
1613,95.1564413071
1616,95.6850920677
1619,113.368230629
1620,93.6997091293
1621,112.377957821
1622,93.2419361115
1625,111.362029552
1627,117.321997261
1629,112.709817791
1634,94.887446022
1636,94.5767869949
1638,104.102068043
1639,93.9539223671
1641,95.7877559662
1643,94.8010467529
1644,102.860771561
1645,117.582062149
1646,94.230547142
1647,104.870625496
1648,94.8608999252
1652,93.6758143425
1653,113.123354244
1656,97.9701539993
1658,94.6164037704
1659,112.349361134
1661,94.4954716682
1663,95.3057799339
1664,112.729416752
1665,95.0048474312
1666,104.506909657
1667,103.517596817
1668,78.8482716083
1669,103.081294727
1670,94.8506186485
1672,113.004586697
1674,113.84937048
1677,112.65662241
1678,93.6365006447
1679,112.404103851
1680,94.6072593689
1683,104.409996891
1686,104.503046417
1687,112.318192959
1689,113.23339119
1690,93.9418050766
1691,116.727027798
1692,113.349867821
1693,93.3408644676
1695,94.3527148247
1696,94.0898275375
1697,112.360212231
1700,104.506909657
1701,94.6385091782
1702,112.721982384
1703,93.4739542961
1704,113.079914284
1706,95.8662053108
1707,113.497298813
1708,95.2217157364
1710,95.1331469536
1711,104.245930576
1713,105.267895794
1717,103.964091587
1719,104.249186134
1720,94.4743580818
1722,94.7268841744
1725,103.728468895
1726,95.1226919174
1727,104.32265501
1729,112.596015263
1730,93.75207901
1731,112.581013107
1733,104.506909657
1734,94.933658886
1735,111.859533596
1738,95.1564413071
1742,94.2369726181
1745,113.84937048
1747,94.6428840637
1749,95.7324256897
1751,96.6025280952
1752,79.3970004559
1753,103.309775066
1754,95.2790315628
1755,96.6891400337
1756,105.843573094
1758,114.476941776
1759,95.9640130043
1760,109.267861462
1761,116.161698151
1762,93.2840965271
1763,112.351569843
1764,93.2731232643
1766,96.0575778961
1768,96.5518784523
1769,79.1143927097
1771,112.312961578
1772,94.8177715302
1773,106.576964188
1774,95.9934351921
1775,113.626869869
1777,114.204804134
1779,95.9640130043
1780,108.97592926
1787,96.0110289574
1788,96.7471499443
1790,95.5788943291
1796,113.981878853
1801,93.0230906486
1803,97.443885994
1807,114.10998621
1809,115.963598156
1812,93.9431574821
1813,113.307078934
1814,96.8911725044
1815,114.797508621
1816,97.913634491
1818,93.0272336006
1820,94.7668253899
1821,116.294082832
1822,95.4847241402
1825,93.2903223038
1826,105.188750553
1828,95.834677124
1831,104.301975536
1836,115.706885052
1837,94.2965126991
1841,95.6371665001
1844,103.641006279
1848,94.7947162628
1851,107.07386322
1852,97.2792681694
1853,93.9111614227
1854,112.82674427
1856,93.8724217415
1859,116.117310333
1860,97.89479599
1861,79.7046221733
1863,106.333054924
1865,96.2539370537
1866,105.977522564
1867,96.2550461769
1868,95.6305000305
1872,95.9168048859
1879,94.6718398094
1880,104.722626114
1882,95.6115320206
1885,106.075287437
1887,105.935967445
1888,92.5087976456
1890,120.3340312
1894,95.6862423897
1895,102.814907932
1896,96.7209614754
1897,113.475383377
1900,114.036762142
1901,96.7582502365
1902,115.740782642
1905,93.7045769692
1906,111.795299149
1912,104.514713573
1915,97.3811376572
1916,104.223258495
1917,96.5510349274
1918,105.779906559
1920,79.7801176071
1923,95.8342653274
1924,106.049864864
1925,95.8933509827
1930,119.244199467
1932,113.141340446
1933,93.6702712059
1934,114.502184486
1935,96.2899119377
1940,79.236139679
1941,95.0592905998
1942,112.138888168
1943,98.6440711975
1944,93.6033593178
1945,113.340588093
1948,118.314281273
1949,95.577559185
1952,96.1649171829
1954,96.9876074791
1955,112.990270901
1958,95.5417423248
1959,78.3476616383
1960,112.351569843
1963,95.1518382073
1965,93.9932860375
1968,105.454708481
1969,97.4088173866
1971,95.3458475113
1972,113.440378952
1973,93.2867445946
1975,92.9070399285
1977,94.7304476738
1978,97.6505131721
1979,112.781250286
1981,94.6050163269
1982,114.354385948
1987,113.09687376
1988,92.6728114128
1993,95.5433374405
1997,94.2226326943
1999,95.3647450447
2001,95.4915963173
2002,117.107055283
2003,95.1413750648
2004,82.2710362434
2006,112.649566555
2007,96.965177536
2009,109.957916927
2010,95.2205513001
2013,96.2594974518
2018,79.4532699585
2022,105.34563942
2024,114.624355698
2025,95.7153489113
2026,104.545281029
2030,110.451709366
2031,94.508345604
2032,104.514713573
2033,94.7082856178
2035,94.5219234467
2036,113.264032078
2037,94.0108336449
2040,95.5158219337
2043,114.656994724
2044,106.719187355
2046,104.456019688
2054,115.032337189
2055,95.3465466499
2056,108.97592926
2059,93.5999023437
2060,96.7582502365
2062,95.502853775
2063,114.019440746
2066,95.6862423897
2067,115.64093895
2072,101.037559795
2073,113.62344408
2074,98.0930534363
2075,116.301093769
2076,96.7496956825
2080,96.2176122666
2082,96.7582502365
2085,111.91200819
2087,114.663214302
2091,112.452585125
2092,95.8146375656
2093,108.97592926
2098,97.2329343796
2101,112.351569843
2102,93.2654788017
2103,79.236139679
2105,106.164575481
2106,95.7217384338
2107,117.165838241
2110,95.4363944054
2114,96.2753527641
2115,112.270037651
2117,83.811077404
2118,93.0821528435
2119,103.997493362
2120,95.6950101852
2122,95.0417954445
2123,113.527173233
2126,95.1494541168
2127,106.310037517
2128,95.6363042831
2129,113.418281364
2132,97.2823015213
2135,105.248711967
2138,95.2475233078
2139,119.244199467
2141,112.121214008
2142,96.0712709427
2146,97.6905558586
2151,113.294372463
2157,103.417032337
2159,116.08843174
2162,95.4207197189
2164,117.448951531
2167,93.9538693428
2168,112.458058262
2171,93.8239607811
2173,95.7489390373
2174,104.506872749
2175,94.5177446365
2178,95.4052168846
2180,95.5662999153
2185,112.917171478
2189,93.7103390694
2190,113.776631069
2192,103.26461916
2194,116.285544777
2200,114.516224766
2201,94.8371114731
2203,112.869329643
2204,94.8001377106
2205,113.473655891
2209,113.018873691
2213,104.297875404
2214,93.887241745
2215,113.731892395
2216,94.5623422623
2218,93.5674840927
2219,104.467048931
2220,95.1029071808
2222,92.216642189
2223,112.87733326
2225,113.543832302
2226,95.8299143791
2230,93.9717993736
2233,113.696080017
2234,113.127223682
2235,94.8001377106
2236,78.7367895603
2237,93.622105217
2240,116.288952828
2241,94.6963013649
2248,104.637853336
2249,95.9642967224
2250,112.922562313
2252,112.35410347
2253,96.411844635
2254,112.319814587
2256,78.8923251629
2258,94.408744812
2259,113.198606396
2262,95.7596657753
2265,95.7685285568
2266,104.386902046
2269,94.7037092209
2271,96.6006342888
2273,93.6633200645
2274,112.534424782
2275,94.8956923485
2277,94.2531371117
2279,94.8001377106
2280,78.6285406113
2282,95.5662999153
2283,103.526733208
2288,92.9074240684
2289,113.435774231
2291,94.9783205032
2292,118.529234314
2297,95.2824100494
2298,105.116517544
2299,95.6782998085
2300,113.270558453
2301,94.2919164657
2304,95.2271412849
2305,104.737863922
2306,95.7596657753
2308,94.417034626
2309,114.269926548
2311,100.876619148
2312,104.104685497
2316,103.490222645
2321,104.666915607
2322,112.421018314
2325,103.802852917
2326,94.6119066238
2329,118.529234314
2330,93.7978020668
2331,104.021867847
2332,113.846942425
2333,95.7596657753
2334,103.596834946
2335,112.084598827
2337,114.108831024
2338,94.8724708557
2340,113.846942425
2342,100.752636242
2345,94.5777650833
2349,98.8538380623
2351,78.4380046845
2352,95.1317357063
2354,112.159538078
2355,115.763498116
2357,113.543832302
2358,94.7850055695
2360,94.8708384514
2361,112.159538078
2364,94.4064916611
2366,98.6893192291
2369,104.729479504
2370,95.5532389641
2371,113.034026146
2373,119.48951931
2374,96.1466929436
2376,113.493802738
2378,112.764844322
2382,96.5809041023
2383,93.8584107399
2386,103.741581726
2387,95.8867500305
2389,95.1928097725
2390,114.675677776
2392,93.6548875809
2398,113.846942425
2399,95.1141921997
2400,97.9514344215
2401,112.351634312
2402,94.9618104935
2404,95.1522859573
2407,114.060597992
2408,112.70970211
2409,113.963039875
2412,83.2974874496
2413,96.2393783569
2415,94.9510309219
2420,112.262498474
2422,94.3252296448
2423,103.342384624
2426,94.9384055138
2432,95.0088579178
2434,93.9845874786
2435,95.835128212
2436,112.269788456
2438,111.903302669
2440,112.440077019
2443,93.8558641434
2444,94.1509701729
2447,104.637853336
2450,95.743596077
2454,94.5803771019
2455,112.581065273
2459,95.7596657753
2460,112.776240635
2463,94.0730481148
2465,94.2749793053
2468,78.2744561195
2469,94.8652646065
2474,94.4690156937
2478,94.2693268776
2480,94.6446055412
2481,116.288952828
2489,95.5662999153
2490,106.585584927
2492,94.2620565414
2496,95.7596657753
2497,113.900468922
2500,94.9330500603
2505,95.5937975884
2507,93.287996006
2508,113.473655891
2509,95.8463066101
2510,80.3081151485
2513,92.9496767044
2515,95.5662999153
2518,93.8584107399
2519,112.055515861
2520,93.8584107399
2521,114.228130436
2523,112.821500301
2525,94.795321846
2529,111.826703739
2530,93.4742565155
2533,112.358457661
2535,93.0862874031
2538,101.966432285
2544,112.335357284
2553,111.969619751
2556,92.2763485908
2558,93.0389285088
2559,118.091691494
2560,92.6327545166
2561,111.376682949
2562,92.7515838623
2563,112.268282414
2564,92.797837925
2565,111.201360702
2567,103.674354935
2572,93.6878212929
2575,94.2295182228
2576,115.605962467
2577,93.5114792824
2578,95.5127137184
2579,112.676423264
2580,94.0414738655
2582,112.304195118
2583,96.1347192764
2587,92.6728097916
2589,111.741451549
2590,96.1110880852
2591,111.826703739
2594,93.3085869789
2597,94.0483769417
2598,103.32977705
2599,91.762773323
2600,101.445231629
2602,111.75835762
2603,93.6878212929
2604,103.868130302
2606,110.417508888
2607,77.7113024712
2608,94.3927441597
2613,111.746947479
2614,93.6037244797
2615,111.700205421
2617,112.329744911
2620,93.2915025711
2623,111.723463249
2624,94.2324391365
2627,111.746947479
2629,77.7113024712
2630,93.7227468491
2632,93.9526783943
2636,93.6803185463
2639,95.0043262481
2640,103.317220688
2642,111.826703739
2644,103.596197128
2646,110.133846855
2647,93.9620864868
2649,93.4198877335
2650,108.669275951
2652,103.399457741
2653,101.604309654
2655,108.935255528
2657,111.425946522
2659,110.698931694
2662,93.1976031303
2663,114.474901295
2664,94.1910676002
2665,103.136743259
2670,93.2483478546
2671,103.287760162
2672,91.3002943039
2675,103.399457741
2677,110.233944893
2679,112.106477165
2683,112.22385931
2684,94.320323658
2685,92.911598587
2688,103.194043064
2689,94.7602688789
2690,103.774023342
2693,95.9171355248
2694,111.304837132
2697,99.6687697411
2699,93.6814843178
2703,92.9250800133
2705,103.000046253
2709,78.8115131855
2710,92.7981660843
2711,111.540507984
2712,90.7910679817
2713,93.9651276589
2714,112.469367599
2715,92.6946432114
2717,91.8977540016
2718,113.774833298
2720,111.268243694
2721,93.5093625069
2726,93.7711437225
2728,93.4680596352
2731,102.696527386
2732,110.716266918
2734,93.5702062607
2736,102.988279343
2737,93.4146402359
2738,102.239124775
2739,114.344154739
2746,92.5732984543
2749,102.586655522
2751,116.196897983
2752,103.798063373
2753,93.4717372894
2757,104.623971844
2758,93.8289441109
2759,111.213637829
2760,95.7899723053
2762,111.382532978
2764,93.8472980499
2765,111.975913429
2769,112.018923569
2771,112.016124916
2774,94.2709803581
2776,92.5149961472
2777,113.520204735
2778,92.1157022476
2779,111.967712593
2782,91.5489666939
2784,93.7091629028
2787,92.7025233269
2789,90.9873422623
2792,93.3685034752
2798,95.1647406578
2799,103.433976269
2800,93.8397568703
2801,79.5143846512
2802,92.50320158
2804,93.3022768021
2807,102.865363884
2808,94.5227069855
2809,117.089689064
2811,115.269291592
2812,94.0830513954
2814,91.9297411919
2816,93.7224975586
2817,112.121640968
2818,110.78761692
2820,111.424612522
2821,79.694611311
2822,93.6437978745
2823,103.499692726
2824,93.5410063744
2826,92.9362802505
2829,93.1298272133
2834,92.9257128715
2835,78.5136057854
2838,94.3985811234
2839,111.051777744
2840,92.5278729439
2841,110.446387196
2842,94.4037979126
2846,111.716023445
2848,94.4861745834
2849,92.5247013092
2850,112.469367599
2851,94.4900062561
2853,92.6208883286
2854,111.826703739
2858,112.549671841
2861,94.2788225174
2864,91.7914289475
2865,114.474901295
2866,111.120677089
2867,92.5782766342
2868,111.954876137
2870,111.308667946
2877,95.9680233955
2878,111.746947479
2880,111.582412338
2882,77.8186007023
2883,94.8062919617
2884,103.129569149
2885,92.9924740791
2887,94.2406795502
2888,110.365767384
2889,94.2463661194
2890,103.564952469
2891,99.266836071
2892,115.659561062
2893,94.6979157448
2898,112.549802208
2899,93.3190674782
2900,112.386322594
2901,94.5645541191
2909,94.1452009201
2910,111.260271549
2911,111.415619469
2913,112.086222458
2914,94.186671257
2918,91.9214653015
2919,111.688665009
2920,93.5702972412
2921,111.746947479
2922,92.2529349327
2923,102.7678092
2925,112.82707262
2926,92.7376671791
2927,112.283190537
2929,111.601991368
2933,93.8653532982
2934,112.319255543
2936,112.137174416
2941,103.379165363
2942,93.9375313759
2943,112.497203445
2945,105.18716917
2950,93.7448447228
2951,112.728032875
2953,116.453426456
2954,94.6555282593
2955,104.610025311
2956,96.7168493271
2960,96.1829878807
2962,95.9565532684
2963,106.175231171
2964,104.470450306
2966,78.6097237587
2967,95.065267849
2968,113.711684895
2969,92.9462029457
2971,93.1936060905
2972,95.0291093826
2974,98.6870925903
2975,113.120596123
2977,117.435726452
2980,112.969695377
2981,94.4505822182
2983,95.0970983505
2984,106.268097687
2985,117.797014904
2986,104.72422123
2987,95.0291093826
2989,91.9486636162
2990,112.882800484
2991,95.3695540428
2992,77.8419279575
2995,101.117157936
2996,103.601706314
3002,117.592340469
3004,113.540742874
3005,117.446554851
3006,95.2581896782
3010,95.7812235832
3011,105.194812298
3014,93.4592619896
3015,94.2451869965
3016,95.4085404396
3017,116.671181202
3018,93.4635199547
3021,103.226748562
3024,104.502642727
3028,93.2800489426
3030,93.4611914635
3032,94.4529808998
3039,94.7953639984
3040,105.958019066
3041,96.5390729904
3043,94.6423610687
3044,112.808812714
3046,111.83348484
3055,93.03832407
3056,113.24715662
3058,93.4615688324
3059,111.752780151
3061,117.169400787
3063,104.588930416
3066,95.1574643135
3067,104.502642727
3068,78.465677166
3069,94.3770628929
3072,115.770181846
3073,113.108856773
3074,94.2849464417
3077,93.5005728722
3082,95.8038371086
3084,101.117157936
3085,114.46303587
3088,104.754362297
3091,94.3791198731
3092,113.400023651
3093,95.6356704712
3094,103.626520443
3096,112.764546681
3097,93.8308748245
3098,78.5794449329
3102,116.047010327
3106,94.4962327004
3109,94.2922531128
3111,93.625396061
3112,117.446554851
3113,94.7768592834
3115,96.1166678428
3116,112.78337698
3117,95.1656697273
3121,113.544955349
3122,93.3834295273
3123,94.9304208755
3124,105.439991283
3125,95.4085404396
3126,103.334863758
3127,116.805327702
3129,94.7065311432
3130,112.894397735
3132,105.791501999
3134,105.202467155
3135,95.6055087089
3137,78.4580480099
3138,96.2889832497
3140,92.1329259873
3144,113.08761425
3145,94.7883749962
3146,112.801010609
3147,94.8001413345
3148,104.910698605
3149,104.354181004
3150,113.150331879
3151,94.4164886475
3152,94.9797782898
3155,99.0829075813
3156,114.027820873
3159,92.6551751137
3161,94.9716452598
3162,105.230509663
3163,95.8241732597
3165,102.817767715
3172,94.0884442329
3173,113.435325909
3176,94.681712532
3177,104.347926712
3179,113.120596123
3183,93.6583239555
3186,95.13845644
3187,103.778817272
3189,112.315903664
3190,95.0432179451
3192,116.805327702
3193,94.0884442329
3194,113.236193943
3197,95.1713153839
3198,94.9071094513
3200,94.9329021454
3201,117.080554772
3202,94.9071094513
3204,95.2636359215
3205,93.3792600632
3206,113.856740856
3208,104.042263985
3210,103.540691281
3211,94.6480249405
3212,117.169400787
3213,93.65327425
3214,112.434895611
3216,104.713147259
3219,94.4034502983
3220,112.526419258
3221,94.7768592834
3226,108.096857357
3227,95.8012865067
3228,112.58459444
3229,94.7231286049
3232,78.0683651924
3233,94.7946275711
3234,93.4212303162
3236,95.2315716743
3238,113.091716099
3239,112.804979801
3240,92.7453669548
3247,112.012713718
3249,103.495070076
3252,118.881490135
3253,95.2445561409
3254,103.577249908
3255,94.1800647736
3256,117.963072968
3257,94.2280799866
3262,95.3283537865
3263,104.549637699
3264,96.7168493271
3266,112.814834785
3267,92.7670189858
3269,94.8951492309
3272,117.797014904
3274,95.1713153839
3275,104.608192825
3277,94.5286260605
3279,96.3815408707
3280,104.567398167
3283,95.6102535248
3285,95.2441895485
3287,92.4656719208
3288,104.502642727
3290,105.878935719
3291,93.3219831467
3298,112.749496269
3299,93.9520356178
3302,114.333575821
3303,94.9686588287
3304,104.908345604
3307,93.5801400185
3309,94.547456646
3314,78.4695247173
3316,113.326346684
3317,95.4517814636
3319,94.58390522
3320,112.907726478
3321,94.9510168075
3322,105.204994488
3324,93.6904506683
3326,96.1075532913
3329,111.830637837
3330,93.7081500053
3331,112.90814333
3335,116.970860195
3337,95.0285586357
3338,105.46914978
3339,95.2279038429
3340,112.116452599
3341,93.9105137825
3343,94.6028952598
3346,93.965677166
3348,95.0218889236
3351,104.06303463
3352,117.542037869
3355,93.2644415855
3356,113.761841106
3358,104.800405598
3359,96.4441285133
3360,110.649693203
3371,113.817664242
3372,94.544051075
3374,95.7565349579
3377,113.174513722
3378,92.2419920921
3380,103.995247841
3382,95.1306077957
3386,94.1772119522
3389,113.086442566
3391,103.973168564
3393,95.9777178765
3394,103.988119507
3395,94.2708189011
3397,112.90572834
3398,95.3996776581
3399,79.2070450783
3400,95.3452319145
3404,103.862952137
3407,112.34940834
3409,105.149464703
3419,94.283181858
3421,92.8324073792
3425,95.0572051048
3427,79.5844141006
3428,117.507218647
3429,112.57097826
3431,92.4289915085
3435,94.4895254135
3436,113.053406239
3439,95.0700348854
3441,96.3382624626
3442,117.507218647
3443,94.8842583656
3444,103.297210121
3445,93.9132195473
3446,116.062456513
3449,92.5721308708
3453,93.202310276
3457,93.3649486542
3460,104.012056923
3461,94.5526161194
3462,93.6801231384
3464,104.03104639
3465,78.2738969803
3466,95.1225584984
3467,103.926265335
3468,94.9120270729
3469,104.156006813
3470,102.522156715
3472,113.002537441
3473,93.51528759
3475,93.1710471153
3476,112.526712799
3478,104.438072872
3479,96.5178833008
3483,93.3758583069
3484,103.833518028
3485,94.8016818047
3487,93.6934392929
3488,112.607247925
3496,112.513178349
3497,94.4683794975
3499,95.5594863892
3500,78.0881602287
3501,94.8749979019
3504,94.3856772423
3508,105.554454327
3511,93.2594768524
3512,112.739900303
3515,93.8461470604
3517,94.1472768783
3518,103.969219589
3526,112.931560803
3528,125.561881065
3529,93.2125628471
3530,112.350059891
3531,93.9775612831
3532,117.634071636
3533,94.1371179581
3534,94.0900723458
3535,77.7694482327
3536,93.6195475578
3537,112.494549084
3538,93.460580349
3539,112.027927971
3540,104.999353409
3545,112.245664406
3546,92.4074664116
3550,104.98287735
3551,94.0499815941
3553,94.8416090965
3554,104.012056923
3557,93.0513750076
3558,112.834852123
3559,92.5721308708
3561,93.9371819496
3562,112.90572834
3563,93.7032876968
3564,104.06303463
3565,93.9132195473
3567,93.3566969871
3571,104.06303463
3572,94.8209515572
3574,95.0726656914
3576,93.7477180481
3577,112.358717346
3578,94.9186975479
3579,93.4886101723
3583,93.6223557472
3585,94.9109769821
3586,104.862993526
3587,112.333263683
3593,95.2815560341
3594,112.884897327
3595,94.3892012596
3599,94.5920089722
3600,104.425301552
3601,113.002537441
3602,92.5721308708
3604,94.4945218086
3609,116.478088093
3610,112.323650455
3612,112.413143921
3614,115.445016289
3615,94.6521520615
3617,96.2324374199
3618,112.578711796
3619,112.272158527
3620,112.538674355
3621,94.1585001946
3625,94.8253568649
3626,103.47231369
3630,103.419031238
3631,94.5474443436
3632,105.441773415
3633,94.7605624199
3634,112.945055485
3637,93.1608932495
3639,94.2678490639
3640,113.602526474
3641,94.4536739349
3644,114.12277441
3645,93.5619373321
3646,93.9518519402
3647,93.527278328
3648,112.711387444
3653,112.724878311
3654,94.8671092033
3655,113.789390087
3659,103.213555908
3660,95.1102819443
3662,113.345977211
3666,94.3569786072
3668,92.6891119957
3671,93.849250412
3673,93.7757059097
3674,112.937876606
3675,94.0095137596
3681,92.7364409447
3682,112.759239101
3686,111.840825367
3687,92.1780418396
3692,78.8060410023
3695,113.028702545
3696,95.7024064064
3699,113.635610771
3705,113.42294426
3707,77.9843155384
3708,94.8491498947
3709,113.162557602
3710,94.1815530777
3712,94.443561554
3715,112.871721172
3716,93.3238627434
3720,113.047610092
3722,77.9843155384
3726,94.6977180481
3728,93.4219194412
3729,113.165582275
3731,103.056887436
3735,114.24260397
3736,95.1115535736
3739,102.501205921
3741,110.473840141
3743,102.327272034
3744,93.2431967735
3745,111.224872589
3746,92.6955254555
3751,92.6693094254
3753,91.7487233162
3760,110.651126576
3761,92.9670243263
3762,110.10468092
3763,92.6384560585
3765,92.9453845024
3768,111.255071544
3769,92.4500387192
3770,103.69355278
3773,110.75615921
3774,94.1919329643
3776,93.2342198372
3778,92.207379818
3779,110.40452776
3780,91.7340087891
3781,110.26264162
3782,93.2405269623
3783,111.101896954
3784,92.0015327454
3786,92.85617733
3789,108.994031715
3790,92.2173750878
3793,111.643612099
3795,110.737304115
3797,93.1174453735
3798,116.002215958
3800,111.009847641
3804,94.5781820297
3810,92.9158646583
3815,111.18935194
3816,94.5781820297
3818,102.251447773
3824,111.038962173
3828,101.260226059
3830,110.357155991
3831,93.5348893166
3832,77.1497906208
3834,110.921653557
3835,92.3663606644
3836,111.048625278
3838,93.3864678383
3839,115.203603458
3840,111.37728262
3845,92.8348637581
3846,110.061836338
3847,92.9034767151
3849,77.4650354862
3853,110.885641193
3855,103.670785713
3856,93.3408849716
3864,78.0333744526
3865,92.7333201408
3866,111.233271122
3867,91.7323289871
3868,111.009847641
3869,93.8275015831
3871,93.1681907654
3875,101.434503651
3876,92.6252946854
3878,92.1500059128
3879,110.504574776
3881,111.009847641
3883,111.046944046
3884,92.3732673645
3886,111.272103024
3890,94.0977639198
3893,108.495967388
3897,103.630031109
3901,92.5462471008
3902,109.655955791
3913,111.598390865
3914,92.4988437653
3916,92.7494650841
3917,110.703495312
3924,103.241320801
3925,93.4486253738
3928,95.1980384827
3929,111.255574131
3932,90.3951016426
3933,103.070406819
3934,78.5616399765
3935,91.1887041092
3936,93.6362737656
3937,110.300115776
3938,92.7063874245
3939,111.285840988
3943,91.9994480133
3944,111.309918022
3945,111.054599476
3946,94.4908623695
3947,111.46640377
3948,93.3732955932
3949,111.182012654
3950,93.2539980888
3951,110.952195835
3952,92.4786249161
3953,111.337016106
3961,114.403732014
3962,92.7477192879
3966,92.9023482323
3967,102.652149868
3968,93.8922455788
3969,111.516550541
3970,94.2751511574
3971,103.705917549
3973,91.6075696945
3974,111.248284721
3975,111.818493843
3977,96.0594584465
3979,111.483918762
3985,93.1112408638
3986,103.033314705
3988,111.154527092
3991,92.9276805878
3992,102.640370178
3993,92.9025938034
3994,93.535989666
3995,111.018567944
4005,111.526451206
4007,92.5962849617
4008,102.458045101
4009,93.5643078804
4010,111.037410545
4011,78.5135798454
4012,91.6584353447
4013,103.698901272
4015,111.163390064
4016,110.756745911
4018,111.027789211
4025,93.6646549225
4026,111.856977177
4028,111.605103016
4029,94.7961857796
4031,93.3464292526
4032,110.85446043
4033,91.573548317
4034,104.23279953
4037,90.7148008347
4038,102.442344093
4039,93.602513504
4041,93.8563614845
4042,110.252086735
4043,93.7742353439
4044,103.070406819
4045,92.5914790153
4046,112.482410526
4047,95.2877056122
4048,103.162353039
4049,95.7605472565
4051,93.4959908485
4052,111.513088608
4058,102.788324928
4062,110.103010178
4064,110.53860693
4067,92.2737836838
4068,77.428717804
4070,92.4498764038
4072,115.511984539
4074,111.649739742
4075,91.0770258904
4076,110.919002152
4077,92.819614315
4078,111.799514675
4080,103.070406819
4082,109.673617744
4085,93.1372675896
4086,112.447217941
4088,111.856977177
4089,92.946889019
4092,77.4522328854
4094,92.2450535774
4095,111.305335998
4096,90.3782159805
4097,102.291086578
4102,92.6148331642
4105,112.313037872
4107,110.597036266
4111,92.7263999939
4112,103.638571453
4113,93.491258049
4114,118.492329502
4115,91.6665875435
4116,111.424989987
4117,93.4889819145
4118,94.0944785118
4119,110.76254282
4120,94.3847576141
4122,78.7079276085
4125,92.9508358002
4126,111.779557896
4129,111.086603928
4134,111.600491047
4137,93.0454489708
4141,102.475527573
4142,94.5088346481
4144,93.6997254372
4145,103.241320801
4146,95.0999268532
4150,92.6052202225
4151,77.6794672489
4154,92.2737836838
4156,94.4339097977
4157,111.124399757
4159,110.756745911
4160,93.5456646919
4161,110.688999271
4168,93.6195298195
4171,102.888229656
4172,103.989137077
4173,94.4653162956
4175,91.3391869545
4176,103.070406819
4177,93.6997254372
4178,102.07010107
4179,92.8962287903
4181,111.686233711
4183,94.7961857796
4184,111.751044083
4185,92.6077771187
4186,111.310518265
4188,117.494252205
4190,110.856452751
4192,92.6584953308
4193,108.695705318
4194,111.76492691
4195,95.4231699944
4196,77.3944083691
4202,94.8493530273
4203,103.73924408
4208,93.4914112091
4209,112.635727692
4210,92.692753315
4211,109.962795258
4212,116.217040157
4214,103.278907299
4215,93.2276378632
4216,111.089295292
4217,92.2482774735
4219,93.7724416733
4222,110.300115776
4224,79.0935031414
4231,102.980655384
4232,94.7961857796
4234,92.2335204125
4236,93.6997254372
4237,102.812402821
4240,93.0027831078
4242,103.619246292
4243,93.8044704437
4247,93.2971138001
4248,111.151976681
4249,91.2297512054
4254,102.297492409
4263,93.0228393555
4265,110.738493061
4267,112.441282749
4268,111.154578304
4271,111.423914051
4272,93.360646534
4273,110.841548061
4274,92.7060811996
4276,93.0904006004
4278,94.0753918648
4280,94.1052219391
4281,110.828979206
4283,94.1407503128
4284,110.861811352
4285,94.0501937866
4286,110.816539669
4287,94.3798447609
4288,113.976366425
4289,92.1609576225
4290,81.8847964287
4293,92.5558563232
4296,111.142592907
4297,93.1691029549
4299,91.6799534798
4303,109.912929726
4310,93.6964713097
4312,103.388785553
4318,103.520306015
4320,112.474123955
4322,92.5669591904
4323,116.56871481
4325,103.928778458
4326,112.095119858
4328,103.892505264
4330,103.925081539
4332,111.374195099
4333,93.7899438858
4335,91.8443938255
4336,112.123124123
4338,104.363788891
4341,94.1659146309
4342,103.719736576
4344,103.471878052
4347,94.641762352
4348,103.784499645
4351,108.595213604
4352,93.6672837257
4353,112.88794899
4355,103.263869667
4356,93.8450679779
4359,104.426737785
4360,94.3830080986
4361,93.5917273521
4364,94.9831162453
4365,103.792590904
4368,94.4308437347
4372,94.1492372513
4374,92.55489254
4376,94.6062982559
4377,103.403190708
4380,94.4134482384
4383,105.181660366
4384,94.6891511917
4385,103.276514435
4389,92.6305030823
4391,93.7702632904
4392,112.080203629
4393,92.8061822891
4395,93.4801445007
4396,112.137251568
4398,114.432748127
4399,107.896680737
4401,93.0309204102
4406,96.1599711418
4408,104.18039875
4412,103.784499645
4415,94.2075273514
4418,113.057907295
4419,92.55489254
4420,77.8990587711
4422,112.218730068
4423,92.55489254
4425,93.7746070862
4428,112.234698677
4431,112.535991573
4434,92.8623005867
4436,94.2220477104
4437,111.130246449
4439,116.208003044
4440,94.2978103638
4441,112.612770939
4444,94.3604767799
4445,103.979633713
4446,93.823900795
4447,112.526992989
4452,103.555277062
4456,112.19540844
4457,93.6120317459
4458,111.681727505
4460,93.8450679779
4461,116.240971851
4462,94.507612896
4465,102.683252525
4466,103.020271588
4468,95.4152604103
4469,103.861717892
4472,112.332347965
4475,94.2504061699
4478,93.2492418289
4479,111.930096054
4480,93.5595301628
4483,78.6433814049
4484,92.8923182488
4485,103.883538914
4486,95.1146769524
4488,93.2480495453
4489,104.108501625
4490,94.3961453438
4491,106.599443245
4492,94.5989002228
4493,108.187271309
4494,93.8275826454
4495,102.460032368
4498,78.1383499146
4499,95.375897789
4500,103.685340595
4503,111.921693993
4505,103.011288452
4506,94.2383958817
4507,94.2767105102
4508,103.520306015
4510,112.0819417
4511,92.2508213997
4513,95.3602978706
4516,77.9906211376
4519,94.0663003921
4521,93.5395521164
4531,93.3184523582
4532,78.4393512726
4533,104.609636307
4534,113.065864563
4536,103.520306015
4537,93.6120317459
4539,94.5720941544
4542,102.76583252
4545,92.9365662575
4549,93.4142157555
4551,93.890687561
4554,103.344303513
4556,112.29442606
4559,112.406958771
4561,111.775203133
4562,110.888522053
4566,112.206155491
4569,92.534561348
4570,112.137251568
4573,94.1515187263
4574,103.45711298
4575,93.9293073654
4577,94.0334674835
4578,111.02452774
4580,111.817323589
4582,93.5151488304
4583,112.218730068
4585,93.9611891747
4587,103.520306015
4595,92.8259940147
4596,112.335477257
4601,94.5969579697
4602,111.713135338
4603,94.4090428352
4605,112.157871056
4606,93.4100642204
4607,113.48911438
4608,93.5931818008
4610,96.0077408791
4613,103.427132988
4617,92.624186039
4618,110.859845352
4619,93.1378112793
4620,94.0510902405
4622,103.059387875
4625,93.8450679779
4626,103.520306015
4627,94.42249403
4629,93.4169682503
4631,93.3965431213
4633,103.520306015
4634,116.412931633
4635,93.6609928131
4639,93.002632618
4640,104.536870384
4642,103.305735588
4644,112.22658844
4646,103.520306015
4647,94.1610787392
4648,78.5748394489
4649,92.6874674797
4650,112.394522572
4655,93.4142157555
4660,93.3219114304
4661,114.095821953
4662,91.4636214256
4663,112.275573635
4665,94.5104949951
4666,111.612696934
4667,103.600029564
4668,94.4388978005
4670,93.4406745911
4671,112.769162464
4672,96.5228997231
4673,103.281678581
4675,103.894749451
4676,93.641165638
4677,111.72243042
4680,94.7767800331
4682,93.7531870842
4683,113.36005764
4685,103.784499645
4686,94.0475831986
4688,115.177407169
4690,113.461685467
4692,114.056287575
4693,96.1987796784
4697,95.6881586075
4700,112.61041441
4702,112.877887344
4707,118.041120625
4708,95.2726074219
4710,79.9135355473
4716,99.4656258583
4717,97.1408207893
4718,95.585362339
4720,97.131719017
4721,80.1070318699
4723,97.1877064705
4726,113.47914114
4727,94.5000891686
4729,95.7456320763
4731,96.848183918
4732,115.268856525
4735,95.7981343269
4736,106.446910095
4737,96.1902277946
4738,113.005269146
4739,112.776126671
4744,105.704200172
4747,95.5875648499
4749,114.976415634
4750,95.2726074219
4752,115.150860023
4755,96.1933383942
4756,103.833508778
4757,113.946032333
4758,95.7638877869
4759,103.090357017
4763,97.189068985
4764,103.194502735
4765,94.942656517
4766,96.074988842
4767,114.906261062
4769,112.605836773
4770,95.3730482102
4771,79.8359266758
4772,105.38063631
4774,115.549746895
4776,115.196412182
4777,112.251579094
4778,96.1004062653
4780,95.2749076843
4784,96.2135838509
4786,97.312361908
4787,79.2199857235
4788,98.6594090462
4789,115.150860023
4791,105.827005577
4792,95.7601025582
4795,113.54804678
4796,93.9392036438
4803,93.724107933
4805,97.5329310417
4807,95.0293050766
4809,94.6884865761
4816,94.728765583
4817,80.9168923378
4818,93.6793005943
4820,95.2375120163
4821,103.920130157
4823,113.747398377
4824,97.3218841553
4825,113.697210216
4829,102.614013195
4830,97.9006910324
4831,118.178749847
4833,105.406428719
4836,96.9167098045
4837,115.177407169
4838,93.383533287
4840,99.1371115685
4841,79.7567747116
4842,93.6866570473
4843,113.95146656
4844,93.6796712875
4849,108.811745548
4851,107.927385807
4852,95.3561090469
4858,94.2800732613
4860,97.9006910324
4863,113.246777916
4864,96.433533001
4865,112.601101398
4867,113.803672791
4868,97.1853949547
4869,112.930182457
4873,93.6262635231
4875,96.9089301109
4876,114.309817695
4877,92.9234297752
4878,112.679633045
4880,79.2243195057
4886,113.78289051
4888,105.619159794
4889,97.3514631271
4890,114.833144188
4893,95.1817224503
4895,95.2956705094
4896,105.166182804
4899,96.2806603432
4901,96.1264515877
4902,112.825424099
4903,94.4896733284
4904,115.150860023
4910,94.39272995
4912,94.5377635956
4915,96.7332528114
4916,104.928020477
4917,94.63800354
4920,105.38063631
4927,104.840014076
4928,94.2906509399
4931,105.522569847
4934,93.8030804634
4936,95.4985028267
4939,113.020535183
4942,114.569511605
4943,97.9703865051
4944,103.107472515
4945,95.411708641
4947,112.572977638
4948,93.7985346794
4951,95.6022338867
4952,115.150860023
4953,95.9006232262
4956,94.4896733284
4957,115.103131103
4958,94.0354629517
4960,93.6631069183
4968,95.3743330956
4969,105.526091099
4971,104.157031345
4973,115.256507111
4975,115.839055729
4976,96.0603245735
4978,94.254829216
4979,114.151873112
4982,96.3298276901
4983,111.883522034
4984,96.7696193695
4985,118.283337975
4986,95.0249542236
4987,117.887943172
4988,95.8858685493
4994,96.3912669182
4995,97.3785194397
5002,80.4166955471
5004,94.9202389717
5005,103.319938087
5006,95.7913562775
5007,104.264162254
5009,113.604022598
5011,115.256507111
5014,95.2257127762
5015,104.990976429
5018,94.0286549568
5019,113.833539104
5020,93.5919354439
5021,112.796976471
5022,96.9503133774
5023,95.0027654648
5025,97.6477698326
5032,96.7837273598
5034,96.1249049187
5036,93.8620926857
5038,96.9217307091
5039,115.411290073
5046,97.4134957314
5049,113.833539104
5051,95.8888632774
5052,93.3964067459
5053,115.549746895
5054,97.4700426102
5055,96.4564724922
5057,94.9660496712
5059,93.914516449
5062,98.4139428139
5063,113.333763409
5065,113.929591179
5069,95.6392316818
5071,97.4557751656
5074,114.245855236
5075,94.0220471382
5076,116.226855659
5077,79.0439503193
5079,104.907153225
5080,95.77771492
5081,114.892678452
5083,104.117715454
5088,104.838046646
5089,94.9839635849
5093,112.368661213
5094,105.562585545
5095,98.8373932838
5099,112.31874485
5101,113.798547649
5103,103.611395359
5104,93.9900869369
5105,112.786094284
5107,95.596958828
5108,114.522503853
5109,94.2339104652
5111,94.0498461723
5112,112.199747277
5113,95.2253862381
5114,111.385258198
5115,95.0128101349
5118,94.8889004707
5122,96.7013142586
5123,78.8241208553
5125,94.851581955
5127,104.20099802
5128,95.1520829201
5129,115.565207958
5132,95.4637818337
5134,114.109454441
5135,94.8524887085
5137,113.402113247
5142,93.5600550652
5143,103.460642433
5144,96.0763778687
5148,94.0073200226
5149,94.8959621429
5150,105.997732544
5154,78.6353516579
5155,94.6755677223
5159,94.2587342262
5164,94.56126194
5165,115.730792522
5166,93.6856769562
5167,114.021705913
5169,93.8620992661
5171,93.9493082046
5172,113.000154781
5176,95.4866840362
5184,114.739824009
5185,94.7413701057
5186,112.661006737
5188,105.197759628
5189,113.226723099
5190,95.0156194687
5191,115.730792522
5193,113.24677372
5196,95.0383325577
5199,78.118460989
5200,104.841906548
5203,93.1840092659
5204,112.81268673
5205,94.2482695579
5207,94.1255993843
5208,108.252270126
5212,95.1530251503
5214,94.60566082
5218,95.1212916374
5220,94.3148727417
5222,94.1283604622
5224,97.078800869
5225,104.849477673
5227,111.716522598
5229,103.874061108
5232,92.9876895905
5233,117.348489189
5234,104.979455471
5237,113.343801594
5239,114.028838253
5240,95.4587003708
5241,113.252278137
5244,94.0103004456
5248,112.582351208
5251,94.0777064323
5253,94.8703854561
5255,95.4456406593
5256,103.032667923
5257,95.4199018478
5259,96.9998893738
5260,112.624537182
5266,94.9630142212
5268,93.98823843
5275,113.404775429
5276,112.868058109
5277,97.3250666618
5279,95.2187345505
5280,103.658436394
5281,94.8495217323
5283,97.9283396721
5284,78.2120435238
5285,96.6377452851
5286,103.183121204
5287,93.1445358276
5289,95.3799554825
5290,113.24677372
5292,106.333818817
5293,95.3845299721
5294,103.534263992
5297,94.1959253311
5299,104.039229584
5302,95.5340641022
5305,78.411460352
5306,95.3194917679
5308,94.9107100487
5309,95.9200945854
5310,112.960860825
5312,112.881960487
5316,113.688235092
5317,95.9198019028
5319,78.6190893173
5320,96.9223251343
5323,93.9914603233
5329,114.395761394
5331,112.256250667
5334,112.430538177
5336,113.547181511
5338,104.746162319
5341,94.4010548592
5345,96.0061517716
5348,94.7168970108
5349,112.732062912
5355,105.022502899
5356,94.9447276115
5360,105.059606648
5362,112.083153916
5364,113.435635853
5366,105.11236639
5367,93.1233757973
5368,94.6923060417
5370,93.5941947937
5371,78.4179289341
5373,104.492509365
5375,113.343801594
5376,93.1661420822
5378,113.292566299
5379,94.5964069366
5383,93.9394546509
5384,104.265108299
5389,112.729450607
5391,78.4455638885
5393,111.852978897
5395,113.943088436
5397,112.011559582
5398,93.154142189
5399,113.108935642
5401,117.257430267
5402,93.5101661682
5403,112.825730515
5404,94.6015041351
5407,78.4239497185
5408,96.1178713798
5413,112.062974357
5414,94.006257534
5417,94.7558362961
5418,106.333818817
5420,114.108339977
5421,93.97578125
5424,93.4923250198
5425,112.81268673
5426,94.9686012268
5429,113.984549141
5431,94.5571680069
5437,101.93807745
5440,93.9777012825
5444,105.25295372
5446,104.767892551
5447,94.940471077
5451,94.6507331848
5452,107.092316246
5455,104.979455471
5456,94.9003596306
5458,93.6548532486
5459,113.949015903
5460,95.5095301628
5462,95.0382926941
5463,112.519447803
5464,93.4842470169
5465,112.994658756
5466,96.6065136909
5467,104.560114956
5468,94.6311543465
5469,113.157232857
5472,95.2255178452
5474,93.4991693497
5475,112.962478924
5476,96.6033340454
5479,103.878983402
5480,113.585175991
5482,113.320431328
5485,94.8661581993
5486,117.716458321
5488,79.5883503914
5495,103.874061108
5496,94.5710003853
5497,112.843636131
5499,113.008745194
5503,93.6923957825
5504,94.0973796844
5507,96.6615503311
5509,95.4967467308
5511,95.0789129257
5512,112.315220165
5516,112.670820236
5517,95.8935699463
5518,104.129654312
5521,94.8824586868
5522,104.132510471
5527,95.7892585754
5528,93.6662757873
5529,112.146338081
5532,97.0392818451
5533,113.293551445
5535,104.23895874
5536,105.703168965
5540,93.6143623352
5547,94.5498441696
5548,112.28191185
5550,78.148180294
5551,93.1857035637
5554,111.715232849
5555,93.8869149208
5559,111.972665596
5560,95.4712264061
5561,112.369117165
5562,92.9892642021
5563,113.309030533
5565,79.1156473636
5566,94.3283391953
5567,104.122771931
5568,94.1471240997
5572,94.8347892761
5574,94.7827991486
5576,93.6219005585
5579,112.679106236
5580,78.2230790138
5581,94.1236628532
5583,94.7689328194
5584,112.938708973
5586,112.425310898
5587,93.9470276833
5589,102.499556541
5591,102.036178875
5592,93.0049090385
5593,113.900337124
5594,94.8285392761
5595,78.4437228203
5596,113.029046822
5597,112.424072266
5598,116.404410076
5599,94.4364843369
5602,112.582182026
5603,94.8285392761
5605,92.5458510399
5607,93.4150848389
5608,113.589007187
5609,93.7884558678
5610,92.9661223411
5612,93.4196349144
5613,112.403750801
5614,93.513814354
5616,93.5718852043
5621,95.3188898086
5623,94.338539505
5628,114.67213068
5629,91.2460811615
5631,94.8113046646
5633,101.91239109
5638,104.017242241
5639,97.5483481407
5640,105.846196175
5645,94.0050852775
5646,78.4717447281
5649,94.4022307396
5653,113.005688763
5655,113.380801678
5656,95.205270195
5658,94.7488628387
5662,117.125688553
5663,92.7931770325
5667,94.1164492607
5670,94.4364843369
5671,102.455755329
5672,94.5736117363
5673,102.460278606
5674,94.0234107017
5675,103.507320023
5676,94.9886004448
5679,113.233989143
5683,112.577169132
5687,94.664220047
5688,78.0982711315
5690,94.5851760864
5691,112.708627224
5692,93.8672269821
5693,114.726249599
5694,94.5883482933
5697,112.856291294
5698,93.6520133972
5699,112.847354698
5704,94.152719593
5707,113.233989143
5709,102.89502821
5710,94.03938303
5714,93.7471525192
5718,93.9968337059
5721,94.7104379654
5723,94.520832634
5724,112.470366573
5725,94.1549084663
5726,111.255940533
5729,96.2772874832
5730,104.133606052
5731,94.1194438934
5733,77.9486077785
5736,93.326660347
5741,103.470250225
5745,112.390155697
5747,94.1418740272
5748,103.634746838
5750,112.426229858
5751,93.7965053558
5752,94.0698161125
5754,92.8673597336
5755,94.6414481163
5757,94.7104255676
5758,116.848882961
5760,102.809436703
5762,102.233339977
5766,111.636411762
5768,96.3303413391
5769,116.917603874
5770,93.7878549576
5771,112.15353384
5772,94.0736924171
5773,113.47510767
5774,92.6529761315
5776,93.9905630112
5777,112.847354698
5778,93.3991044998
5780,112.704476929
5782,92.7152828217
5783,77.3676078319
5784,96.2794147492
5786,94.470306778
5788,94.9485430718
5789,113.594973946
5790,94.4994872093
5791,103.105695343
5793,104.771350956
5794,94.0820244789
5796,116.77935667
5797,93.8007009506
5801,93.93923769
5803,94.664220047
5804,111.908292389
5805,93.1282781601
5806,78.2819339275
5808,112.287111568
5813,94.2267475128
5815,95.4253716469
5816,91.6824376106
5822,94.9386836052
5823,112.737491989
5825,104.011873055
5827,112.522048092
5829,102.508326053
5830,94.8102370262
5831,112.960148048
5832,93.9280311585
5833,112.287111568
5837,114.988775635
5838,93.6158127785
5839,95.2748988152
5842,105.846196175
5844,112.115612125
5845,104.925974846
5846,111.920946598
5848,78.4205370426
5850,112.542123318
5851,94.3028962135
5853,96.3303413391
5854,104.399076176
5858,105.846196175
5860,112.182782841
5864,103.857901859
5866,95.2488323212
5867,113.233989143
5868,93.6606515884
5869,112.511541843
5870,94.434014225
5871,113.210476017
5874,114.615572738
5876,112.414142704
5877,92.6076749802
5878,93.6875398636
5879,112.384133911
5880,92.515139389
5884,93.0780258179
5886,111.715104866
5890,104.035241223
5896,94.4532904625
5897,102.722475052
5898,96.3303413391
5901,104.966076851
5903,113.411705494
5906,92.9661223411
5908,113.106536675
5909,93.1783002853
5910,112.403750801
5911,94.1780125618
5912,112.783450604
5914,114.615572738
5919,113.29955759
5924,95.2712136269
5926,94.4694280624
5929,103.624081803
5930,94.5238003731
5932,96.1882092476
5933,113.61977253
5934,94.0529305458
5935,112.420574379
5936,94.2018008232
5937,112.310662365
5938,94.3156417847
5939,111.621656895
5942,112.19917717
5943,94.1384137153
5944,105.149169159
5946,112.778712368
5951,93.6014226914
5953,103.442972278
5954,94.1850287437
5957,103.796078014
5961,93.8943253517
5962,105.119671249
5964,78.792937851
5965,94.2761399269
5968,114.389694881
5969,93.0397917748
5974,93.0562808991
5975,112.820554829
5978,78.2426683426
5981,103.959310818
5982,94.8511120796
5983,113.005661773
5989,112.159948349
5991,94.2111111641
5992,103.205920315
5995,94.9616534233
5996,103.411118603
5997,111.631849861
5998,94.1353047371
5999,77.8553603172
6001,112.054545403
6002,97.8968588829
6003,110.127118397
6004,94.1850287437
6006,112.613768101
6007,94.4527290344
6011,102.553229904
6012,103.901990986
6014,94.0814517021
6015,103.131473351
6016,94.5963230133
6017,111.998175144
6018,96.1678677559
6024,94.8503434181
6025,103.874712658
6026,112.365530872
6028,112.358581638
6029,78.2394271851
6030,94.2478596687
6036,114.389694881
6040,93.0483076096
6041,112.434965134
6042,94.3916658402
6044,93.9560248375
6045,102.951455879
6047,103.97366848
6048,93.5631087303
6049,112.654284191
6051,116.353457546
6052,113.634547997
6053,92.364934063
6054,112.657283211
6058,105.367188168
6059,93.8293336868
6062,96.0020974159
6063,116.418727589
6064,103.075553417
6065,93.0483076096
6067,94.1352011681
6068,112.680915165
6070,103.747256565
6071,102.753458691
6072,111.513756847
6080,111.513756847
6081,94.1300776482
6084,104.807189751
6087,94.5739050865
6089,104.151503849
6092,111.513756847
6094,93.2023646355
6095,112.90258503
6097,113.283185291
6100,93.7063572884
6104,104.215745354
6105,93.2226060867
6106,111.781529427
6107,78.4582799912
6108,92.5947533607
6109,111.513756847
6110,93.0959690094
6114,111.513756847
6116,93.3927384376
6117,103.192244911
6118,94.6523314476
6123,77.6782080173
6125,113.289120865
6128,109.995433044
6130,104.218046474
6132,112.238554573
6137,77.938933897
6139,113.741292095
6140,93.7369836807
6141,113.115346813
6142,104.663154125
6144,112.292516518
6145,94.8155571938
6146,93.5583814621
6149,92.5675161362
6156,95.404857254
6159,112.235791969
6160,93.7369836807
6162,103.736546707
6164,112.497361088
6165,92.3655942917
6168,77.8206826687
6169,112.112967396
6170,93.9999853134
6171,112.985066605
6172,92.38185606
6173,114.552400971
6176,96.1144346237
6177,92.6178473473
6178,94.0272416115
6180,93.9260294914
6181,102.830989647
6182,92.785982132
6185,92.8630055428
6186,112.214917851
6188,112.383291435
6189,94.9830046654
6192,104.807189751
6193,94.3454421044
6194,102.951455879
6195,92.3045653343
6196,115.792935944
6197,93.1992367745
6201,112.214465618
6202,93.0673856735
6203,113.558795643
6204,93.1795402527
6207,116.967828751
6209,94.8655270577
6210,93.0185808182
6211,112.363570022
6213,112.426838779
6216,92.2941387177
6217,94.1468920708
6219,93.3431167602
6222,78.2381122112
6223,94.5370672226
6235,95.7435828209
6240,93.8190076828
6242,93.8003609657
6247,93.9244430542
6251,112.541923046
6254,112.649107647
6255,94.3064502716
6260,102.666646099
6261,93.9987247467
6262,104.91305151
6264,112.345177078
6269,104.106004524
6271,104.566544914
6275,111.73215313
6276,94.2002546311
6278,94.5412755966
6279,112.217092419
6281,112.759111595
6284,93.7529336929
6286,92.1064521789
6287,77.960215807
6288,93.8785543442
6292,93.343151474
6293,93.1372674942
6295,93.2053565025
6298,112.465978431
6300,111.784238624
6304,102.810795593
6308,112.192705822
6310,94.7729647636
6312,111.513756847
6320,94.0173740387
6324,92.8030755043
6325,112.963779831
6330,94.6908940315
6336,111.899042797
6340,104.652610779
6341,95.7435828209
6342,103.530699158
6344,93.1318920135
6345,113.319605923
6347,112.108783245
6348,95.3133320809
6349,112.465978431
6351,78.2410207748
6353,112.735787391
6354,93.0774503708
6357,95.751200676
6358,103.730032921
6360,102.420729828
6363,114.590607357
6364,92.514291668
6368,112.423035526
6370,93.5565838814
6371,94.2433401108
6377,94.7057862282
6379,93.2069333077
6381,94.3899320602
6382,78.1453923702
6383,111.721740055
6388,112.189683437
6390,111.525032806
6392,102.107135963
6393,94.5300471306
6395,94.1632480621
6398,102.553717136
6401,78.14621768
6402,93.6146036148
6403,111.648117638
6405,92.9285279274
6406,92.9378705025
6407,112.190520287
6409,103.580041218
6411,92.1720882416
6413,94.4386545181
6416,104.942126465
6417,93.3183571815
6418,94.1768597603
6419,117.007675648
6420,111.962192726
6426,111.64737215
6429,93.1293159485
6430,93.6570962906
6431,111.648117638
6432,94.7988454819
6434,95.0153940201
6437,112.689303017
6438,94.2936366081
6439,102.40864687
6440,94.2913312912
6441,94.765750885
6442,111.035552788
6443,96.1642659187
6445,93.7562982559
6448,112.467814255
6450,111.936636066
6453,94.9865804672
6455,93.4065004349
6457,92.520731926
6458,111.976547623
6461,94.139789772
6464,112.063299465
6467,93.308372879
6469,95.1199658394
6470,78.5865230083
6471,93.4580719948
6473,102.382054233
6474,93.7516440391
6479,94.138298893
6481,94.2429769516
6484,111.943084431
6495,97.0155954361
6496,114.453856945
6505,111.627819347
6506,95.6810265541
6508,95.7090857506
6509,93.5542816162
6510,102.65880003
6512,103.463409805
6513,93.8062697411
6514,113.072395802
6515,93.2032092094
6519,94.6886343002
6521,93.5284934044
6523,78.0068438053
6525,105.356990528
6526,93.8890589714
6528,94.7473285675
6529,113.746256733
6531,103.779953289
6533,104.339936257
6534,93.7853216171
6535,112.121617699
6536,92.909283638
6537,112.886817646
6540,94.6239731789
6541,111.721740055
6547,94.0748167038
6548,112.583750057
6551,112.270505047
6553,111.280204868
6555,104.503386021
6556,95.333819294
6561,77.9654312611
6564,93.2920166016
6565,112.121617699
6568,93.909627533
6569,111.035552788
6573,103.972601318
6574,94.439180851
6577,111.945710468
6579,114.361927318
6581,93.0609604835
6582,111.907019997
6585,90.1636975289
6586,95.0990837097
6589,103.283318519
6590,78.2528624058
6593,93.8659937859
6594,111.945916176
6595,93.0144207955
6599,92.3407836914
6600,94.391208744
6601,112.444016647
6602,92.2553620339
6603,112.467814255
6604,93.6730455398
6607,103.571449661
6608,104.073012352
6609,93.6455469131
6611,92.9854750633
6613,111.035552788
6614,93.4352664948
6616,93.9334657669
6617,111.035552788
6618,93.932335186
6619,102.092331696
6621,104.503386021
6627,103.154464436
6629,111.44358778
6631,78.0539628983
6634,94.4232670784
6636,94.1061192512
6638,93.909627533
6639,111.035552788
6641,112.094368363
6642,94.6661251068
6651,114.92899828
6654,78.3487908363
6657,94.3400369644
6663,93.4098959923
6665,110.3481637
6666,93.7454317093
6668,93.8833105087
6669,104.776692104
6670,93.7312967301
6671,93.436691761
6673,95.7915901184
6675,94.0010558128
6676,78.1413452625
6677,94.0788012505
6679,94.3818769455
6680,112.377404117
6681,102.65880003
6685,102.665365601
6688,93.6598953247
6689,92.9881176948
6690,109.550544357
6692,111.035552788
6693,94.7279949188
6694,93.3675393105
6698,116.524133587
6699,92.950315094
6700,111.319816494
6701,92.520731926
6702,111.853212929
6704,92.9881176948
6707,111.280934429
6712,112.648487663
6713,94.0071387291
6715,94.8221700668
6721,111.879688549
6722,93.102691555
6723,112.291684437
6724,94.621561718
6725,116.710055256
6731,112.084716129
6735,83.1830967903
6736,95.0566505432
6737,105.811796188
6738,92.8403263092
6739,103.72332592
6741,102.748930549
6743,92.8556575775
6745,93.8833105087
6747,111.823716354
6749,92.4671171188
6750,103.700698948
6751,116.212708855
6752,98.2673305511
6753,111.035552788
6755,116.810165691
6756,93.2637144089
6757,103.324899769
6759,112.192796898
6761,93.7517532348
6763,93.4580719948
6764,116.594610119
6765,93.446775341
6766,111.641929626
6768,112.150212288
6771,92.9881176948
6773,94.3499948502
6774,93.7449531555
6778,103.663736057
6779,94.7236638069
6781,92.7616796494
6784,91.9602566719
6786,92.3531053543
6787,111.007736206
6790,92.1083410263
6793,102.565791035
6795,109.125040912
6798,110.484496116
6806,101.497220135
6807,92.67072649
6810,92.5753028869
6815,109.596112347
6816,91.6537305832
6817,100.976483059
6818,93.207111454
6819,101.908819961
6820,92.8487391472
6822,91.9688138008
6823,114.428008175
6824,110.075521374
6825,92.3066981316
6828,76.8903687
6829,113.677202416
6831,109.802579975
6832,91.3502285957
6833,110.371430302
6834,92.0770290375
6836,93.6893844605
6837,110.880001736
6838,92.2171208382
6840,101.978648281
6843,91.7161180496
6845,90.7742959976
6846,91.0902276039
6847,110.084438229
6851,110.766164398
6852,91.7683803558
6853,109.377822685
6858,93.2623534203
6861,110.665056133
6863,110.931114769
6864,76.9596830845
6865,91.7807826042
6866,110.460240555
6867,93.1932567596
6868,101.41608572
6869,93.2148306846
6870,110.075521374
6874,109.430044651
6875,92.7954471588
6877,110.280696487
6878,92.4777472496
6880,94.4881090164
6883,109.760812378
6884,91.9670931816
6886,92.8308906555
6890,92.9267140388
6893,109.802083397
6894,91.5972167015
6899,110.280696487
6900,92.0360823631
6904,92.8014203072
6905,110.249187851
6906,91.6582987785
6910,91.9295298576
6912,102.520111561
6913,113.074478626
6920,91.3910449982
6922,92.5833298683
6923,109.125040912
6926,92.289758873
6927,109.317048168
6928,91.4776350975
6931,109.656540966
6933,92.1021477699
6936,91.0092320442
6937,110.517203713
6939,112.106160069
6941,91.4601680756
6942,113.636149216
6943,92.7111197472
6944,100.535197449
6945,93.3770593643
6946,109.741861534
6947,114.417452336
6949,102.239982605
6951,101.555741692
6953,111.146432304
6954,91.6541051865
6955,111.340410423
6963,108.85785923
6964,91.7809281349
6966,93.1300735474
6968,91.4402680397
6970,100.884503555
6972,111.494921303
6976,110.249736118
6978,110.460240555
6981,101.269724464
6985,102.262046814
6986,91.6578164101
6987,110.976991844
6989,111.334564972
6991,114.428008175
6993,113.038807678
6994,91.9693943024
6995,110.05835514
6996,93.2649659157
6997,111.904273605
6998,77.5133807182
7001,109.311585236
7003,111.723912144
7006,93.1372416496
7008,103.574356174
7010,90.8897147179
7011,92.7361083984
7012,112.3584095
7013,91.2574774742
7014,110.342064762
7017,100.754468632
7018,93.5506403923
7019,90.6570426941
7023,92.770230484
7024,101.104980278
7025,91.5847066879
7026,110.326898575
7027,92.2050635338
7028,112.686478615
7030,109.125040912
7031,92.1492630005
7033,111.715617847
7036,91.7044331551
7037,92.1921099663
7039,93.0495210648
7044,92.5659895897
7045,110.880001736
7046,96.0085974693
7049,102.898890305
7050,93.8839443207
7051,100.884503555
7054,109.700582409
7055,93.8083918571
7057,92.062349987
7060,110.280696487
7061,94.3228551865
7063,91.3054601669
7064,110.157307148
7067,94.4881090164
7071,91.5568229675
7074,100.687713337
7075,93.6767807961
7078,110.880001736
7079,91.3973550796
7080,112.182253838
7081,92.8206310272
7082,111.01891489
7083,92.2599925041
7085,111.076076126
7092,101.960795498
7094,92.9085975647
7100,91.8204201698
7101,110.302320004
7102,110.460240555
7104,110.426403618
7105,94.3228551865
7106,93.0483561516
7107,100.434811688
7108,76.5460442543
7109,92.4421360016
7110,110.517203713
7112,92.6695482254
7113,100.987422848
7114,92.7591981888
7116,110.583631229
7117,94.0586732865
7118,102.360976601
7120,92.7088256836
7121,101.690927315
7123,101.106224823
7124,94.0909423828
7127,107.098832416
7131,101.248016643
7132,93.207111454
7133,90.9105469704
7134,110.066539764
7135,91.4067682266
7136,110.541499805
7137,91.2625203133
7141,93.2040891647
7144,101.917758655
7147,109.983464336
7148,90.1991083145
7150,91.1673885346
7151,92.7088256836
7152,101.334157849
7154,91.6777290344
7156,93.214152813
7157,101.742853928
7159,114.47546444
7161,93.2322203636
7163,91.9838373184
7164,99.5274670601
7167,77.0169642925
7169,102.495250321
7170,92.7143056869
7173,92.460772419
7174,101.65529604
7177,109.569339085
7178,102.261678123
7179,91.9368894577
7180,77.8907917499
7181,110.115587234
7182,92.4552054405
7184,93.160472393
7185,112.026845837
7186,90.823199749
7187,113.901083088
7188,92.6689382553
7189,110.773074341
7191,100.926875687
7193,109.115439415
7197,95.5277939796
7199,92.7112401962
7200,111.01891489
7201,91.4067682266
7204,91.8760604858
7207,109.995086193
7209,110.931114769
7210,92.9016340256
7211,103.068998432
7213,91.8681257248
7214,111.904273605
7216,111.002987576
7217,93.8630521774
7220,109.977905273
7224,109.125040912
7225,93.0960842133
7226,111.002987576
7227,92.7930696487
7234,112.026845837
7236,81.6786627769
7239,102.42107029
7240,93.0826908112
7242,114.789873886
7244,111.004533672
7245,91.1957211494
7247,110.617431164
7248,91.7398665428
7249,115.637491989
7250,111.404306698
7251,93.0749725342
7252,111.291060352
7253,77.4161504745
7256,93.6693387985
7260,92.6165383339
7261,111.917860985
7264,94.8874383926
7269,110.97214222
7270,93.0095445633
7273,111.032079601
7279,91.195665741
7281,111.153483963
7284,93.2852215767
7285,111.837034511
7286,115.603890228
7287,91.7872051239
7289,93.2412769318
7292,92.0021449089
7293,111.669180298
7296,94.0263682365
7297,111.621827602
7298,91.2007959366
7299,112.59125433
7301,102.277968407
7304,110.855073738
7306,117.248316097
7308,93.2412769318
7309,101.060037995
7312,91.9393614769
7313,77.4161504745
7314,92.5754816055
7316,93.2539823532
7319,116.68500576
7321,95.5412975311
7323,93.7536976814
7324,102.432741928
7325,93.6786561012
7328,101.955509472
7330,77.4628134251
7334,93.6759101868
7337,112.967500687
7338,94.334989357
7339,92.4946967125
7341,91.6643126488
7342,111.939987564
7344,111.740707493
7345,111.162492275
7347,109.874009609
7349,111.153483963
7350,93.655237484
7353,114.486493015
7355,111.040829754
7356,93.0611680984
7357,112.493434143
7358,94.558214283
7360,92.9246725083
7363,102.913274002
7364,93.8949851036
7366,93.362698555
7368,94.005916214
7369,110.833536244
7370,93.0649205208
7373,93.4483524322
7374,111.260386467
7375,93.5483825684
7377,93.5619332314
7379,91.9619038582
7380,115.5812994
7382,110.453395081
7383,93.6082220078
7385,93.3213419914
7386,102.83027935
7391,94.1531218529
7394,105.789088249
7396,111.404306698
7397,91.483231163
7399,93.5464868546
7400,103.03617363
7403,77.2598665237
7405,111.083552074
7408,109.581820679
7414,111.762098503
7416,102.805874443
7417,90.5540488243
7419,93.3605301857
7420,90.7178823471
7421,93.2346019745
7422,93.7393925667
7423,103.36872406
7425,77.5449152946
7430,92.8041155815
7432,93.16434412
7433,94.3866448402
7434,110.610241509
7436,110.262175846
7437,92.1881790161
7438,103.101941967
7440,103.841781425
7441,93.0575047493
7442,111.215504456
7445,112.086759472
7446,102.148858452
7448,111.667073631
7450,101.898914623
7451,93.1961830139
7454,112.219604015
7455,92.3204990387
7457,110.739914894
7459,102.216354084
7462,93.1518113136
7464,93.1961830139
7465,109.2061409
7466,92.8373476028
7467,110.404363727
7469,111.712615013
7472,92.6502799988
7473,110.133585644
7479,93.6759101868
7480,103.19889431
7484,110.32413063
7491,93.3457032204
7494,103.729795742
7495,93.3718152046
7501,93.3167416573
7503,93.5257072449
7504,102.044781399
7505,92.9280536652
7508,111.193680191
7509,92.7160861969
7510,77.4161504745
7511,110.999196148
7515,93.8448132515
7516,103.009433842
7517,93.6903386116
7518,103.239121056
7519,93.0445895195
7521,93.927132988
7522,102.004344082
7524,103.804138088
7526,101.919342041
7527,93.7802260399
7528,101.591422463
7529,93.6175679207
7534,110.906344128
7537,111.807018852
7538,93.4275637627
7540,92.1039814949
7541,111.165016556
7545,111.083457756
7551,114.172785759
7553,93.8617289543
7554,101.000769997
7555,94.0427833557
7561,111.402227879
7562,94.5447816849
7564,93.0852252006
7565,104.066575241
7566,92.7244502067
7567,112.559860134
7569,101.383119202
7570,93.7666450501
7571,114.267015743
7572,93.0764698982
7574,103.328296184
7578,111.812259483
7579,93.1229615212
7586,91.5693437576
7587,81.7195780754
7590,93.2943444252
7593,110.133585644
7594,93.1031283379
7595,92.7244502067
7600,91.9992649078
7601,78.6155076504
7602,92.2417861939
7603,111.197015953
7604,91.6522644997
7606,92.4568224907
7608,114.027944183
7613,77.4231716633
7615,111.219935513
7616,110.375453758
7617,115.508686638
7618,93.7802260399
7619,101.919042587
7622,94.9527686119
7623,102.295340634
7624,93.9584189415
7625,102.786327934
7626,93.5715874672
7627,102.688912678
7628,76.7440115929
7631,102.73645525
7632,102.030825329
7633,93.8788664818
7634,115.00920248
7635,93.0071608543
7636,112.879804325
7637,112.879804325
7639,91.9555301666
7640,77.5019534588
7644,111.923321533
7645,91.9398023605
7648,102.474312687
7649,93.5893080711
7650,111.049538231
7652,109.2061409
7653,92.1839333534
7655,93.0165402412
7659,111.068361282
7662,94.937197876
7664,92.3466463089
7666,95.4108158112
7668,92.8230394364
7669,111.056093216
7670,91.4140605927
7672,93.9663468361
7673,110.466257572
7678,91.891324997
7679,78.3287339688
7680,103.411098766
7683,91.9493260384
7685,115.603890228
7688,93.6139344215
7690,110.075462532
7692,92.8325359344
7693,95.1473789215
7695,112.967500687
7696,92.9800169945
7698,93.2247449875
7699,112.904358769
7702,92.3494809151
7703,111.944206619
7704,94.0635038376
7707,110.999196148
7713,77.6233623982
7715,102.471097946
7717,109.603785801
7718,92.7405539513
7719,102.893528843
7721,110.468586445
7722,93.1932546616
7725,99.7302286148
7727,100.020077038
7730,77.4915915489
7733,91.172495842
7735,100.76524992
7740,111.054532337
7741,110.389337921
7742,91.5005075455
7744,112.619748878
7747,92.768007946
7750,77.2381952286
7752,110.275415707
7754,110.525009537
7756,106.125017071
7757,92.6052530289
7758,102.852875805
7760,102.308821487
7761,92.5485974312
7763,114.58760252
7765,93.1053455353
7767,111.954644871
7768,93.233352375
7771,92.3769028664
7773,90.8242129326
7774,113.338560391
7776,103.039614105
7779,91.8876865387
7783,90.9975239754
7786,104.600203895
7787,93.4095276833
7789,92.0200828552
7791,93.1579517364
7793,91.8165066719
7794,108.332393551
7795,91.5486209869
7799,76.925816822
7800,108.714704895
7802,94.0487809181
7805,89.4190960884
7807,100.49513464
7808,92.8403888702
7811,102.270832157
7817,109.692040062
7818,100.986837101
7819,92.8362938881
7822,91.190900135
7823,110.524293613
7825,110.554634476
7828,91.6312848091
7832,92.1124353409
7833,77.1881037235
7834,110.221354389
7835,92.7472896576
7837,92.4377809524
7840,90.8176469803
7842,92.6457082748
7843,109.773191452
7844,92.3109559059
7846,92.5485974312
7850,92.2764169693
7853,110.480107307
7855,112.922741508
7858,92.737503624
7863,110.208257485
7865,110.922350216
7866,91.9304173469
7868,91.4737698555
7869,110.381721878
7871,76.9878650665
7872,101.301257992
7874,101.603493118
7877,110.552925491
7878,91.4679019928
7879,110.16090126
7881,91.9461678505
7883,92.6016417503
7885,101.218672752
7886,93.203444767
7889,94.8512369156
7890,103.149219513
7891,92.5911636353
7893,90.8071367264
7894,101.910246849
7896,110.131425095
7898,100.918604278
7901,92.9515455246
7902,109.11699276
7904,111.178293991
7905,92.1716366768
7906,115.885383225
7909,92.9060979843
7910,101.274341202
7913,92.0791805267
7918,111.157251167
7919,91.3873745918
7923,91.6140301704
7925,92.6084238052
7927,90.6750946999
7930,93.2663712501
7932,92.5121829987
7933,92.1560206413
7935,89.4160055161
7939,102.069825077
7942,92.1401277542
7943,110.211226463
7945,101.951630402
7946,93.2315505028
7948,93.3559528351
7949,109.164096928
7950,91.7263464928
7951,111.954644871
7955,101.095355129
7959,93.1320835114
7960,111.054532337
7961,91.8010406494
7962,101.897171879
7964,102.338558865
7965,92.8365336418
7966,111.060791969
7967,102.7316185
7968,93.3345496178
7971,102.831213284
7974,91.3873745918
7976,106.804373741
7978,110.12469883
7982,111.054532337
7983,92.9275522232
7984,101.939458656
7986,93.1260497093
7989,109.164096928
7991,109.11699276
7992,109.782027912
7993,91.8126908302
7994,110.502919102
7995,92.1124353409
7997,91.9015774727
7998,101.939458656
7999,109.692040062
8002,92.4603590965
8007,92.8997799873
8009,92.7598992348
8011,92.7420696259
8013,92.9317124367
8015,101.46496191
8017,110.885773277
8019,114.774440003
8023,92.5017631531
8024,111.086799622
8026,110.713553333
8027,90.8456780434
8029,91.849298954
8030,110.928418541
8031,92.502950573
8033,96.2914402008
8035,92.3678172112
8036,102.127667713
8039,102.282439137
8042,90.7754758835
8044,92.0252951622
8046,77.6477585316
8048,111.49639101
8049,92.1716366768
8050,101.702104664
8053,92.5907395363
8054,91.3427895546
8059,91.6023457527
8061,92.2394423485
8062,109.91173439
8064,110.024178314
8066,102.983957386
8067,91.8317934036
8068,90.3185815811
8070,92.5068439484
8071,110.999177456
8072,92.3184251785
8076,91.5003190994
8080,91.4304058075
8081,113.258355331
8084,101.642154121
8087,111.674401188
8089,91.3377275467
8090,115.18699503
8091,101.976834202
8094,114.556305504
8100,90.842209816
8101,93.1784648895
8110,93.258728981
8111,109.11699276
8112,93.3572134972
8115,114.286997986
8116,92.0111989021
8118,110.024178314
8121,115.648493099
8125,109.612314129
8127,110.579421139
8128,91.9991083145
8129,108.767611408
8131,94.1572071075
8138,93.3466808319
8139,101.576288986
8140,91.3274123192
8141,90.8242129326
8142,110.853712177
8143,110.264769363
8145,110.713553333
8146,91.1336236954
8148,110.943954754
8153,110.638289547
8154,91.546329689
8155,113.929717064
8161,90.8426038742
8162,110.516776943
8163,91.9802951813
8166,109.77036314
8168,110.203501701
8170,92.4979620934
8172,109.026517963
8173,91.3202794075
8176,101.630383396
8179,91.7792813301
8181,91.8793300629
8182,115.05365839
8184,110.058265686
8190,102.182592678
8191,93.077060318
8194,110.756070137
8196,112.49404726
8198,110.448657227
8199,110.277687264
8201,110.743250561
8202,91.4203630447
8207,92.7460529327
8208,108.664522457
8211,110.198727608
8214,109.829778862
8217,92.1340919495
8218,109.442276764
8222,92.6969386101
8229,103.357958698
8231,92.5844003677
8233,93.9897325516
8236,92.0987951279
8238,111.918455696
8240,100.031212425
8243,101.58506012
8246,111.157630634
8250,91.8957139969
8254,93.1369086265
8256,76.878708458
8257,109.989650059
8258,91.8924875259
8260,93.4543509483
8261,111.386074257
8263,113.891802311
8264,92.6116013527
8267,109.022910309
8268,91.1669712067
8271,91.4850114823
8272,108.664522457
8275,93.2203845024
8276,92.8893610001
8277,103.369630528
8278,114.500852013
8279,92.4354337692
8280,109.392919636
8281,93.0851070404
8282,109.721205044
8287,111.317802525
8288,91.3064663887
8289,111.430107403
8294,91.0971930504
8296,91.0788124084
8299,110.690676117
8302,101.788712311
8308,110.696220112
8314,102.004783154
8315,92.7260820389
8316,110.276137924
8317,92.5286790848
8319,110.539143276
8320,91.4350627899
8321,115.64083662
8323,93.1011666298
8325,90.8210379601
8326,109.809144783
8328,109.019863319
8330,108.65876627
8331,90.963116169
8332,112.246951103
8334,92.88578825
8338,92.0190049171
8339,94.022427845
8341,91.0507052422
8345,110.417584705
8346,91.8677226067
8347,101.817290974
8349,92.1959812164
8351,90.7841784477
8352,110.567232704
8353,109.019863319
8355,109.892061424
8358,109.593583011
8359,108.395402145
8360,92.3821982384
8361,110.632173061
8363,101.513337803
8364,92.1919201851
8365,93.1700265884
8366,100.918566418
8370,109.895977974
8372,90.5269745827
8376,92.879559803
8377,109.687312985
8379,109.974562454
8380,91.8888037682
8381,113.454643726
8386,90.5704476356
8388,101.170213508
8389,93.2811728478
8391,111.13069067
8394,93.1369086265
8396,102.36720171
8398,101.275124741
8400,111.382151127
8401,90.5641774178
8404,91.0507052422
8407,92.9156356812
8408,110.084406757
8409,108.260327339
8410,102.560811615
8411,92.3043980598
8413,91.8595584869
8414,109.949514008
8416,91.3651955605
