y,ID
80.8299539067,1
95.8630748774,2
82.2843219541,3
78.0614675793,4
111.047002538,5
91.6918448005,8
111.11990698,10
93.7023761144,11
115.466606016,12
93.7669370786,14
114.982842067,15
104.706815555,16
96.129323312,17
94.5984754751,19
104.855055986,20
96.9902139438,21
116.064183363,22
98.4098419154,23
94.8591521353,26
95.1136622561,28
97.8002440678,29
97.6175241635,33
94.6260162122,35
95.7478354666,41
93.1478321183,42
116.174228486,43
103.516096709,45
102.920566916,46
93.5945403852,51
81.7312526122,53
112.592895293,55
93.6838930611,56
104.094765457,57
93.9372619209,58
103.367345029,59
111.937687823,63
93.9702519756,64
105.07466772,65
92.9588001867,69
95.0979544151,71
103.184778075,72
93.2351243247,73
103.399222051,76
105.037169675,77
114.305098138,78
93.9219312042,82
105.070622594,83
94.2362707579,84
103.093453737,85
111.437738476,87
95.6526358115,88
112.510122233,89
93.9025168648,91
93.9406471098,93
104.769855689,94
93.1491183778,95
111.125418168,96
92.7891860834,97
111.501510233,98
92.9572258782,99
103.762952532,101
112.521590973,103
92.4444166579,104
111.16389501,105
94.719979133,110
111.05048002,111
112.08984123,113
93.1636859097,114
110.939974459,115
112.490972902,117
92.977422033,120
112.161036507,121
92.576420615,122
112.24729539,123
111.582532642,126
112.353106209,132
105.244394552,135
104.769141722,137
93.9410944755,138
93.4241425639,140
110.553387231,142
112.062552859,144
91.0925136351,148
114.551309499,149
92.7516375161,155
111.48114176,156
92.8317606456,157
112.245067601,162
94.3464327742,163
93.7599220292,167
116.043248937,172
112.756380539,179
92.769970506,180
110.442001663,181
94.8622594002,182
112.493990382,183
112.477405276,185
111.523741963,187
93.5257519544,188
93.8235096023,189
92.8531293165,191
112.472372827,192
94.0322248332,193
111.513316779,194
91.9233039005,195
112.26587165,196
95.23568066,198
111.628593203,199
104.415856646,201
93.5895230912,204
105.55230798,205
93.3680774807,206
93.7561308427,210
103.747582721,211
112.430484173,216
115.488398505,219
92.5680564957,220
110.483201442,221
110.44027474,226
92.8540832149,227
111.330344702,228
110.984893849,230
92.7990871688,231
115.827052495,235
93.0057431095,236
111.396647465,238
104.28153791,242
93.5713454721,243
78.8136124957,244
111.034155341,245
112.134336188,247
92.0122903373,248
93.2788274458,249
112.554492259,250
93.0050895615,251
115.823102231,253
92.6931485856,254
93.5547100121,256
91.6807811395,257
112.678537781,258
93.1573900728,259
81.9307685512,262
92.6494224366,266
111.880040544,267
102.663734652,272
112.495397951,273
93.0178019705,275
113.02815735,276
94.2878396962,279
105.058729941,280
92.6129270391,283
111.362915878,285
112.472179828,288
94.2116978998,289
104.690376353,290
93.9474892224,291
111.054830268,292
110.721114605,293
92.436222365,296
111.921275545,297
114.433081136,298
93.6178785169,299
92.1138959425,304
80.4193655686,305
93.0375366937,306
110.518483006,307
109.529046644,311
110.534082001,313
91.7348268639,314
93.1976609226,316
92.5475818257,324
94.362938841,327
92.6351732845,329
111.397102001,330
105.066249348,337
93.3798021029,338
104.321794935,339
93.6481193269,340
92.5302112577,343
114.903645349,345
93.5311350507,346
111.494198797,347
111.554870867,349
92.414689731,350
112.195160574,352
92.1092900803,353
78.5618884474,354
92.5933442667,357
111.064994409,358
111.798715644,362
113.899635966,364
103.708153123,365
93.4165655254,366
111.889289054,367
94.0764529819,368
78.3703435386,370
93.8782765229,373
92.179817582,377
109.831440085,378
103.199796135,382
111.162853668,384
93.2082679804,390
112.018392913,392
111.21727221,393
93.8488476288,395
105.443419142,396
79.6424917071,399
110.533445538,406
110.533192283,408
92.2341285547,409
77.6798723405,410
112.000272725,412
91.4077677793,413
93.192130575,419
111.516392238,420
91.1910072337,421
98.0341209085,430
93.011693743,434
94.3264756719,436
93.0767218479,437
91.9670981195,438
111.056179764,439
93.3215994141,440
112.117000947,443
93.4481768815,446
93.1712858198,448
93.2469172138,452
103.859054993,453
103.533008231,457
93.3650443366,458
113.836264778,459
102.620341586,460
104.800664524,462
102.13980467,464
115.359988909,465
114.383009372,467
111.110199395,471
77.6634683995,472
94.3892358143,473
93.9204922574,475
94.0354142051,480
110.341210091,488
110.51654279,490
102.953335634,491
79.2836515851,492
92.8770034718,493
92.2768997574,497
112.013941637,498
93.9930149284,499
102.430422035,500
93.6689295297,501
111.567781041,502
81.2558382896,506
109.181671579,510
91.9920664618,511
92.5891886823,512
93.5381974207,516
91.8923654537,518
111.025445997,519
92.1624547748,521
111.55284495,522
111.984496439,526
94.1349895702,529
111.514562714,532
93.2012318304,533
112.303066614,536
98.1673164854,537
93.5647060044,539
103.373929839,540
93.9802058412,541
93.8250395329,543
111.849248992,546
92.5503205068,547
79.360024888,548
92.6151619825,551
103.060840632,552
103.301158457,556
94.408206008,557
111.888702563,558
93.975199942,559
104.291839989,560
105.397360628,562
92.9598075773,566
111.998078203,570
93.0712164402,571
104.772898809,572
93.5374996099,573
115.35618669,575
111.068480867,576
92.6172692197,577
91.5641594353,579
110.833672689,580
112.420541921,581
110.514059132,589
102.272316699,591
93.5832036772,593
103.643710615,594
94.2871830341,595
92.3394297487,598
111.196908052,602
112.775299666,604
109.253121638,606
93.3152257478,608
103.615107426,609
93.1470290165,610
111.137522684,616
93.6243080323,617
101.887398162,618
103.890752676,620
111.221546222,622
91.3493693925,623
122.510655579,624
111.520237545,626
111.620936873,628
93.8276536208,629
110.820060619,630
93.8896146405,637
105.070991936,638
95.3012244766,643
94.0286329926,645
115.210036509,646
94.8848582451,648
92.7356388434,652
92.8368359159,653
111.995695111,654
111.934477911,656
94.8311043977,657
92.8460315908,659
103.812616688,660
91.9414235429,663
112.259423604,664
102.83104324,666
110.720133261,668
92.4348265246,669
94.3703160961,671
92.5373275696,675
92.4436288106,677
110.627968332,678
105.180608711,679
93.6618410714,682
103.508132718,685
93.8809537173,687
91.7896927293,688
110.652224208,693
94.2825888644,696
93.4193591761,698
95.4728571257,701
104.122177643,704
115.347453422,705
111.691535164,709
93.7834490468,710
104.642576011,711
93.8392725804,712
110.72250288,714
92.3025517236,715
110.577384284,716
93.4087956771,717
115.037067652,720
92.8517684092,721
101.005215493,724
93.5710487103,725
111.530774731,726
111.124516393,728
92.9592214057,731
104.16046589,734
93.1426015551,738
110.915055478,745
92.6284500333,746
78.699782584,751
92.6071905727,754
93.3523417437,756
93.4978469023,758
110.380684001,759
115.755513245,761
95.1831054342,766
111.49205697,767
91.5197998553,768
113.134601995,769
93.7023429577,770
79.3962827647,771
104.855343368,772
92.6949067467,773
111.611795042,774
111.247767361,776
93.7300877115,777
116.142176311,780
103.493863969,782
102.725180546,787
93.7748767111,788
91.3069835575,792
110.995606404,793
93.6923834732,798
92.1143103475,800
110.582353338,806
111.358177186,809
111.856053787,811
92.6157443879,812
115.460695203,814
102.194117876,816
94.0678437429,817
108.690235522,818
110.807431129,820
93.8210338888,823
91.4846089718,829
111.485001032,830
91.4520348073,831
110.954464925,834
93.5164315502,839
79.0176452291,841
103.673675042,844
93.5327200172,845
92.2920560432,848
95.9936068245,850
102.7733731,851
92.5945614984,852
92.8640800751,854
94.3240090819,855
102.930621335,856
102.125667658,859
111.611140335,861
93.3479655571,864
111.414742443,865
92.1806443917,866
92.5773385925,867
93.4844952909,869
92.3516709559,871
110.579991385,872
102.159884304,882
93.1843678514,883
93.7736570128,885
94.6991294096,888
110.215455092,893
110.465253119,901
103.067638957,903
92.9376399904,904
103.31127245,905
94.4092075977,910
110.897695456,911
112.12935394,914
112.386437126,918
91.123620995,921
93.8110197951,928
103.284657798,929
93.7757818574,932
104.897113081,933
94.4096483564,934
111.532897129,935
79.0361524627,937
93.8359838329,939
101.349718518,940
94.8491793712,941
103.032606731,942
93.7024120507,943
102.451081565,944
110.579488522,947
111.239140185,949
110.432374085,951
94.1346543476,952
103.066936019,953
78.3914498974,954
111.227017225,957
91.6421210045,959
113.859621102,960
115.456660679,963
110.578941584,965
102.684513714,967
93.4223640015,971
78.0307211597,972
93.5270719617,973
111.832309764,974
93.9949020906,975
115.609745155,978
112.908806205,980
94.2817813745,981
112.205023176,984
94.4084165519,986
91.5220921154,988
110.925817741,989
103.556426665,990
110.463898126,992
93.1337082818,996
113.10659659,999
92.4020463345,1000
111.411831925,1001
91.6428557114,1002
111.24631056,1003
91.7750094247,1004
111.142522507,1008
93.2752545251,1009
106.089058366,1010
115.071841479,1012
91.7776634626,1013
111.355553385,1014
93.3857249478,1015
115.38114077,1016
94.6518788796,1019
111.523150178,1020
94.4075107598,1021
103.96129641,1022
94.4074064032,1024
79.0222829214,1025
93.4258557175,1027
105.888860382,1028
93.517581247,1029
92.8453421979,1030
111.799232272,1033
92.4117321187,1036
110.933823106,1037
92.1432953289,1038
93.8334571715,1042
102.534236489,1043
93.1073408266,1044
111.376285891,1045
113.48671204,1047
94.0535971207,1050
110.419338343,1051
93.531835651,1054
94.2805382908,1056
93.0982540088,1057
93.6035573477,1059
97.6806978548,1062
103.552132381,1063
94.2798773931,1064
92.6002389704,1066
103.842261048,1070
111.831936945,1076
98.8772435501,1077
111.784169672,1078
112.258880876,1080
111.447634963,1082
94.2118930157,1083
110.046241836,1089
94.9499524199,1091
93.9342421968,1093
94.2800956846,1097
92.918722339,1099
94.7479628166,1101
94.6604961454,1103
111.81241822,1104
110.76658705,1106
93.1223224648,1109
111.572361439,1110
93.5463387578,1111
112.962782332,1112
93.9157421376,1114
94.6648212718,1116
111.382861196,1117
93.7032512943,1120
111.983482367,1124
92.7782414641,1125
111.815352083,1126
111.120627612,1134
92.9689377015,1137
112.220341981,1138
110.981834044,1144
95.0153959408,1145
92.1792251166,1146
94.8463371105,1148
93.4644063396,1150
103.963883909,1152
93.5009666554,1153
103.733533513,1154
93.936744971,1155
93.4615304235,1157
94.3988585973,1162
111.54714742,1165
93.4011702884,1166
104.234794538,1167
95.1731301451,1168
102.389561078,1169
116.076876183,1171
95.1430807776,1172
102.389385959,1173
93.7628397305,1174
94.8264955623,1176
103.536695001,1177
93.1810417473,1178
111.774049784,1182
94.5533084672,1186
113.403458538,1187
93.6382998742,1188
116.533368787,1189
105.352215146,1191
94.3995942217,1192
111.618747615,1197
92.875679808,1198
78.4315755983,1200
93.9195624741,1201
94.9555062482,1203
115.725024199,1209
103.206049311,1214
111.619696836,1218
94.0276208541,1222
94.8127736301,1226
93.8712886253,1228
92.1592832901,1230
78.5766904273,1232
96.9594270992,1233
113.602925882,1236
94.4162478135,1238
110.985725462,1241
104.958666171,1244
94.0300702011,1246
112.932374481,1247
111.209300842,1250
93.7292419794,1251
112.31930552,1254
94.5264787054,1255
110.716522937,1256
92.4722771526,1257
93.5912357551,1258
111.1989406,1259
94.3169825736,1260
110.736660975,1263
78.712241114,1267
110.741530814,1268
94.2504248287,1271
110.49898736,1272
104.012076141,1274
94.4099316862,1275
110.715297149,1276
92.6225325399,1277
92.184038176,1279
94.7034963209,1281
93.6380305029,1282
112.028451704,1283
111.912691607,1285
93.1653686229,1286
111.974489334,1289
112.966951236,1296
93.1909653799,1299
93.5168724412,1301
92.2574229128,1306
93.474029111,1307
93.0551274825,1308
110.719235457,1313
95.0362615715,1314
111.575345991,1315
93.0955077668,1316
110.748932751,1317
92.8887586471,1319
94.3618928616,1323
104.155388834,1324
93.8476557879,1325
102.966022341,1328
93.5313277818,1329
111.818218003,1330
93.3621535891,1331
104.084564379,1332
94.1195393333,1337
110.909093754,1338
92.6582891672,1339
112.060359481,1340
113.348541955,1343
105.546061206,1347
93.7323568072,1348
105.457587966,1349
92.1854341156,1352
95.169253375,1354
112.145437807,1359
94.7531807598,1360
110.874359832,1363
94.6019418405,1364
104.158545032,1365
93.6078044648,1366
94.163809548,1372
104.111183501,1375
93.3245964545,1376
92.2236166455,1378
112.456757904,1379
94.8151469519,1380
102.613888742,1381
112.461058794,1384
93.3209403248,1387
111.951021418,1388
78.8059915649,1392
104.24059964,1394
94.415396456,1395
111.05391827,1396
93.8340598617,1398
111.05384213,1399
92.9060659715,1400
93.6386796073,1401
95.1784783351,1403
111.736318575,1404
111.053707547,1406
93.7945685093,1407
110.86209768,1408
78.7532537848,1410
111.040813745,1412
94.0824120851,1413
94.5989169705,1415
110.861801788,1420
111.55742208,1422
106.902788168,1423
110.86170034,1424
94.5984059422,1425
78.7530390154,1426
94.81799527,1427
92.0453725451,1429
111.655059644,1430
94.8234145204,1431
104.204430016,1432
111.664637753,1434
94.0590626988,1437
104.865316285,1438
112.623778019,1440
112.286809995,1441
93.0296384764,1442
111.678293047,1444
94.6878672535,1445
104.012568007,1446
92.9829956721,1448
93.0933306279,1453
111.039857285,1454
94.3394424138,1455
112.858473826,1456
111.039841133,1458
92.9537695449,1459
93.602920823,1461
93.3191500179,1465
111.297382775,1466
94.4685650365,1469
93.0932175482,1472
94.5414440097,1474
111.205704747,1477
110.384051825,1479
93.3287799282,1482
78.1625986811,1483
93.7165972759,1487
112.368869031,1488
112.113323849,1490
110.734740145,1492
116.152567682,1494
103.227409969,1496
95.3299805995,1497
95.3322856611,1499
93.2381565686,1502
111.654673178,1507
92.1809260471,1508
110.626887866,1509
93.0123402126,1511
111.492519809,1512
114.327318482,1513
103.806421972,1514
111.829512779,1518
91.5760599963,1519
112.241468464,1522
78.5916555575,1524
93.0298073383,1527
92.7705453559,1529
104.163497593,1532
112.088173642,1536
115.747809662,1537
105.453082664,1539
112.468770099,1542
93.320283402,1543
103.710951926,1544
80.6110296963,1545
93.4029968763,1550
110.305670701,1551
105.280932471,1554
104.154123536,1556
92.4213592227,1559
77.984376647,1560
93.9594856339,1562
91.8272208034,1566
111.642696923,1567
103.939171092,1569
112.931460371,1570
112.085288726,1571
92.1803277673,1574
103.940039709,1578
92.3220799698,1580
111.872757581,1583
92.1800816082,1584
111.685283881,1585
95.6803662079,1586
111.664887258,1587
91.5675268117,1588
114.022785029,1590
102.985263396,1592
111.925650549,1596
110.925731724,1598
93.7194206372,1599
113.455308049,1604
101.759398573,1606
94.0789021644,1607
102.928196318,1608
116.076853829,1609
93.6701907707,1611
94.6731811335,1613
94.4594707968,1616
112.178661811,1619
92.6974215439,1620
111.298743811,1621
93.4738348641,1622
110.741659968,1625
116.077005665,1627
112.026593828,1629
93.4510882293,1634
93.2303322265,1636
103.920081065,1638
94.0721758056,1639
94.646942669,1641
94.1461948811,1643
102.839005345,1644
116.409280284,1645
93.373668035,1646
105.572107572,1647
94.3087346674,1648
92.3206745567,1652
112.390110463,1653
93.7458824341,1656
93.7180331978,1658
111.817075054,1659
94.6027637666,1661
94.0783133937,1663
112.204443703,1664
93.805022217,1665
104.152526931,1666
102.092739889,1667
78.8249446667,1668
103.081690905,1669
94.7025979175,1670
111.7784073,1672
111.692187006,1674
112.366548373,1677
92.6609831537,1678
111.692849565,1679
93.4982300415,1680
103.62151171,1683
104.159626119,1686
111.872138955,1687
112.289875147,1689
93.1277035716,1690
115.330811074,1691
112.450670677,1692
92.1777471953,1693
94.3269223306,1695
93.0909925115,1696
111.818906053,1697
104.149434111,1700
93.8888140633,1701
111.389175022,1702
92.0113640089,1703
111.873546398,1704
94.4785757875,1706
112.656066093,1707
94.8089229519,1708
94.3973660406,1710
103.260664856,1711
104.803224318,1713
104.243366918,1717
103.936376702,1719
93.3645491016,1720
93.5432755278,1722
103.015960469,1725
94.5420842337,1726
104.729967979,1727
111.817502034,1729
92.5455528241,1730
111.63991656,1731
104.148612392,1733
94.4004262175,1734
111.552373314,1735
94.6706490855,1738
93.5297730338,1742
111.690216893,1745
93.8218387285,1747
94.9157091372,1749
94.8474218855,1751
78.6196792682,1752
102.663606797,1753
94.9395999532,1754
94.5350297545,1755
104.114553499,1756
112.08586833,1758
94.2036567365,1759
105.597169059,1760
112.55514722,1761
92.7582809861,1762
110.697186895,1763
92.9369057448,1764
94.0882528313,1766
94.1277566686,1768
78.6242475662,1769
111.444780978,1771
93.2180333547,1772
104.135692124,1773
93.6548364671,1774
112.448712078,1775
112.5258576,1777
94.2050556034,1779
106.145931119,1780
92.2585381576,1787
93.3019959372,1788
94.7237536289,1790
111.735833636,1796
91.6703123563,1801
94.2516810919,1803
111.75219974,1807
113.320283549,1809
94.2164331419,1812
111.612497479,1813
94.122232774,1814
112.298045486,1815
95.020627465,1816
93.2383262838,1818
92.6552126262,1820
113.843323554,1821
94.4934107512,1822
93.2153500611,1825
103.459576652,1826
94.5431175443,1828
103.543424539,1831
112.925889663,1836
93.1524594375,1837
94.5300803298,1841
103.036436394,1844
92.9843320865,1848
105.448746295,1851
94.8456326913,1852
92.5334994027,1853
111.128745732,1854
94.0099140606,1856
113.299151989,1859
94.401846073,1860
79.4603210946,1861
106.768939347,1863
95.7085790723,1865
105.298863354,1866
94.4428843404,1867
91.9873054353,1868
94.2773374482,1872
94.2044390898,1879
103.626350819,1880
93.9803649217,1882
103.77616703,1885
103.570740681,1887
92.6283698275,1888
113.06813837,1890
94.6945477924,1894
102.726183019,1895
94.344595249,1896
112.687739142,1897
111.677449838,1900
92.6284049387,1901
113.247031652,1902
92.9391496441,1905
109.75262395,1906
103.408876739,1912
94.2377936417,1915
104.265784434,1916
93.935711073,1917
103.376583507,1918
78.6853204473,1920
95.8226373411,1923
104.435672703,1924
94.4932567808,1925
116.23749683,1930
111.412540564,1932
93.326523883,1933
111.823352181,1934
92.3983982585,1935
78.8856544213,1940
93.7348065106,1941
111.554962735,1942
93.7874515829,1943
92.5142206363,1944
109.897873731,1945
115.848274507,1948
93.3998829744,1949
94.5549745827,1952
92.4787559293,1954
111.323411553,1955
92.3020993003,1958
80.0201086273,1959
110.684336493,1960
94.5080176092,1963
93.0913676053,1965
104.475500989,1968
94.5942901671,1969
94.3713964311,1971
111.814830451,1972
91.7608451196,1973
91.7911037718,1975
93.605262051,1977
94.7004264898,1978
111.29457159,1979
91.8150034452,1981
112.111020551,1982
112.108854893,1987
91.7584069867,1988
94.6227564381,1993
92.7861980932,1997
94.3853180294,1999
94.5565555225,2001
113.524776551,2002
93.0082893227,2003
81.9897218428,2004
111.511901073,2006
93.4748694782,2007
106.004580881,2009
93.5418023903,2010
94.8918843952,2013
79.1617788617,2018
104.829660566,2022
111.745721926,2024
94.1868180874,2025
104.790809463,2026
105.818591263,2030
93.8979621674,2031
103.407372514,2032
94.4566591728,2033
93.7297293055,2035
111.966998874,2036
92.4370204677,2037
94.5681321624,2040
112.581753599,2043
106.62128482,2044
103.615812546,2046
112.6774967,2054
94.3921368182,2055
106.146358023,2056
92.1495890139,2059
92.6260275082,2060
91.9758494442,2062
111.478041178,2063
94.6932504305,2066
112.441733158,2067
95.4801458376,2072
111.849353567,2073
93.8385011456,2074
112.663233505,2075
93.4700011929,2076
93.9919769634,2080
92.6252074418,2082
111.306581919,2085
112.031728281,2087
111.436125666,2091
94.2355859451,2092
106.18528187,2093
95.2495997507,2098
110.687444057,2101
93.3517426973,2102
78.8830094096,2103
105.487340522,2105
94.0631307627,2106
114.021468431,2107
93.8154796197,2110
93.7941743007,2114
111.634432687,2115
81.2747667307,2117
93.3924845787,2118
103.329015825,2119
94.14293589,2120
93.3979546285,2122
111.709427417,2123
94.1956119268,2126
104.666029526,2127
94.2855275179,2128
111.411200322,2129
96.4840289252,2132
104.650610385,2135
94.7658212452,2138
116.247422707,2139
110.243485055,2141
93.3556195348,2142
94.8223947332,2146
111.705980186,2151
103.107287135,2157
112.89613946,2159
93.6232701025,2162
115.38862773,2164
91.9284256136,2167
111.367366647,2168
93.04568578,2171
94.5735069988,2173
104.140446139,2174
93.1611295813,2175
93.3418529932,2178
94.4930572583,2180
111.956528811,2185
92.0557352299,2189
111.988504288,2190
102.171057323,2192
113.623600254,2194
112.448144059,2200
92.9597901061,2201
111.750887458,2203
92.7539917029,2204
111.486935191,2205
111.087281906,2209
103.545699686,2213
93.2004178399,2214
110.753370603,2215
92.7594861917,2216
92.8897789364,2218
104.067357915,2219
94.5389912164,2220
91.7088216022,2222
111.327509465,2223
111.938736833,2225
94.0376517953,2226
93.6715012024,2230
111.968983537,2233
111.854467888,2234
92.7530556864,2235
78.4978692234,2236
93.6577539645,2237
113.971788037,2240
93.3220715973,2241
104.137614115,2248
93.0433002407,2249
111.308508237,2250
111.62273137,2252
94.4184118987,2253
111.765488446,2254
78.149169343,2256
92.4531765129,2258
111.435420159,2259
94.6498076308,2262
93.9237844711,2265
103.844987101,2266
94.2038707983,2269
94.4150786915,2271
92.4808486089,2273
111.184105618,2274
93.0412125109,2275
94.0342876741,2277
92.7506999248,2279
78.1896617514,2280
94.4903128359,2282
101.64157193,2283
91.803898549,2288
112.068112575,2289
94.1813406663,2291
116.284360996,2292
95.0146449301,2297
103.617588815,2298
94.2137841513,2299
112.07525556,2300
92.3218638073,2301
94.202228824,2304
103.149528022,2305
94.6482919075,2306
93.3593621463,2308
111.926332764,2309
95.9026608165,2311
103.801062006,2312
102.814802077,2316
103.001048475,2321
111.776235323,2322
103.620501036,2325
93.8809344338,2326
116.283705724,2329
93.8985852634,2330
102.900297332,2331
112.157456606,2332
94.647582376,2333
102.288440192,2334
110.631778967,2335
112.042250366,2337
93.7560606539,2338
112.157219911,2340
93.3166378991,2342
92.828044437,2345
94.8187809043,2349
79.519674013,2351
94.037831156,2352
110.778946461,2354
113.774411126,2355
111.932060317,2357
93.8381397654,2358
93.5823030366,2360
110.779021026,2361
92.9286436123,2364
95.6046867461,2366
104.196487905,2369
93.926367227,2370
111.820762653,2371
114.503987021,2373
94.445455814,2374
111.503635415,2376
111.224837667,2378
94.5900683214,2382
92.3782921839,2383
102.569203455,2386
93.9783172663,2387
95.0158580261,2389
111.948401407,2390
91.7617642269,2392
112.18197981,2398
94.184050201,2399
94.4657160113,2400
110.910935181,2401
93.74630635,2402
93.1683201421,2404
112.693137188,2407
110.72597637,2408
112.192915269,2409
81.7214553806,2412
95.2091231872,2413
93.479842826,2415
110.666323101,2420
93.7496959997,2422
102.543355034,2423
93.3759854059,2426
94.5686292559,2432
91.961008306,2434
95.9418854803,2435
110.753896767,2436
110.026228064,2438
111.576377203,2440
93.6430776454,2443
92.7613383578,2444
104.126264173,2447
94.0456312859,2450
94.1691698634,2454
111.7338342,2455
94.6484372122,2459
110.596734005,2460
93.2350629953,2463
93.7835483559,2465
78.6531379346,2468
92.8511931942,2469
92.9815348401,2474
93.3272422764,2478
93.4178287948,2480
113.962561696,2481
94.4849367561,2489
105.024328494,2490
92.111780386,2492
94.6427832846,2496
112.506819965,2497
93.9670339969,2500
94.5172566108,2505
92.5253221621,2507
111.466532837,2508
93.9311079834,2509
82.2206450638,2510
91.77863535,2513
94.4927276926,2515
92.3835481443,2518
110.159857585,2519
92.3812225312,2520
112.702145045,2521
111.199156583,2523
93.3491260474,2525
111.403931844,2529
92.716834099,2530
111.260260061,2533
92.8344681076,2535
102.24002501,2538
110.700937506,2544
111.321932776,2553
92.410047144,2556
91.9369696525,2558
115.541841759,2559
93.1593387627,2560
111.230356607,2561
92.9144132903,2562
111.47494099,2563
91.7571015404,2564
111.383751996,2565
104.983794995,2567
93.3336843558,2572
94.2895251155,2575
112.316834167,2576
91.3329266704,2577
93.2907010119,2578
111.293532298,2579
92.2641920804,2580
112.459959564,2582
94.4003841522,2583
92.5239134255,2587
111.265827338,2589
95.2275411196,2590
111.397538973,2591
93.0405872106,2594
94.0847041769,2597
103.577831194,2598
93.1636368391,2599
101.889214168,2600
110.810230788,2602
93.3312016663,2603
103.285742058,2604
110.894590718,2606
78.0561372981,2607
94.164130083,2608
110.989761244,2613
93.3677073089,2614
110.960114932,2615
111.73352679,2617
92.9597219566,2620
111.647115552,2623
93.5446750398,2624
110.988936798,2627
78.0538186532,2629
95.0702392989,2630
93.450080872,2632
92.6728582343,2636
95.8624080269,2639
103.297908329,2640
111.387494266,2642
104.038336532,2644
109.874199583,2646
93.1534856535,2647
93.2010067509,2649
106.443573061,2650
103.425977918,2652
100.79494436,2653
108.296061038,2655
111.585512474,2657
110.326505514,2659
92.3718116605,2662
113.445182799,2663
93.5942529501,2664
102.950979497,2665
93.950338218,2670
103.090710074,2671
92.5125890155,2672
103.429688982,2675
110.088604677,2677
111.80456093,2679
111.512426633,2683
93.7890228512,2684
92.8800502682,2685
103.57813888,2688
94.4222801985,2689
103.032373753,2690
95.9318507488,2693
111.549178887,2694
99.5966444397,2697
93.2829908885,2699
92.683804963,2703
102.516151033,2705
79.9255532816,2709
92.59152971,2710
110.9620928,2711
92.0883608935,2712
94.4109857902,2713
112.077611122,2714
91.927743399,2715
91.2588470165,2717
111.061969996,2718
110.721171929,2720
93.4299221532,2721
93.2366259811,2726
93.2031034325,2728
102.679143483,2731
110.366577008,2732
92.5177703224,2734
102.621505192,2736
93.0295506666,2737
101.89515705,2738
112.41276089,2739
92.5547341064,2746
101.963418847,2749
115.993775433,2751
103.378546936,2752
92.9840238176,2753
104.687388346,2757
93.3724928046,2758
110.182295099,2759
95.017404436,2760
110.401329882,2762
93.2030134993,2764
110.012674015,2765
111.754839631,2769
111.371509281,2771
93.0864443594,2774
91.9524599384,2776
110.87894368,2777
91.9255529019,2778
111.645889744,2779
91.4526674571,2782
94.381069989,2784
92.6651347778,2787
92.1384308037,2789
93.0117306445,2792
94.298759949,2798
102.858251468,2799
93.3442145514,2800
82.6393300986,2801
92.0089529663,2802
93.108718959,2804
103.384748099,2807
94.1920181226,2808
114.605741921,2809
114.251361564,2811
93.4294487928,2812
90.992321646,2814
95.1572337592,2816
111.443940312,2817
109.649435396,2818
110.996974754,2820
79.5130020396,2821
92.8534294631,2822
104.736365681,2823
95.05425943,2824
91.3918514465,2826
91.8896514275,2829
92.9022129361,2834
78.5796729037,2835
94.1859214625,2838
110.600022647,2839
93.0369230296,2840
110.234972476,2841
94.1908514184,2842
111.701748577,2846
93.736328514,2848
91.6814121497,2849
112.028450602,2850
93.7025556321,2851
92.7382015235,2853
111.378535603,2854
112.579811097,2858
92.8565510404,2861
91.6849375441,2864
113.443058082,2865
110.625742978,2866
92.1101113445,2867
111.515238927,2868
111.024470261,2870
95.3639370402,2877
110.979063436,2878
110.960856235,2880
78.1416343506,2882
94.3849076619,2883
102.343661142,2884
93.2328088505,2885
94.0654862459,2887
110.560503028,2888
93.959215073,2889
103.76668326,2890
95.2785568569,2891
115.157054603,2892
94.0754217848,2893
112.315014266,2898
92.063305128,2899
112.57482888,2900
93.3604963527,2901
94.4700772778,2909
111.4393947,2910
111.14883085,2911
111.404603406,2913
96.0670695174,2914
92.5675220253,2918
110.710948255,2919
93.8030310167,2920
110.978028017,2921
94.397942869,2922
102.331545078,2923
112.076202802,2925
92.3846086724,2926
111.779587466,2927
111.085283877,2929
92.7459843792,2933
112.281666464,2934
110.626178128,2936
102.364001098,2941
93.1682563377,2942
111.288676546,2943
104.35919562,2945
92.1788252424,2950
111.460833886,2951
114.797230912,2953
94.4974785452,2954
103.285419066,2955
95.2649345572,2956
94.8903186986,2960
94.0285895121,2962
106.408190576,2963
103.55672576,2964
78.1452537819,2966
93.5885474472,2967
111.47639035,2968
91.6488507952,2969
92.9357173193,2971
94.9492614141,2972
94.7391441151,2974
111.749436296,2975
115.9780167,2977
111.726011081,2980
92.4002308187,2981
94.2675061208,2983
105.280856641,2984
116.052788865,2985
103.571789657,2986
94.9489803365,2987
93.513552404,2989
111.281552674,2990
93.4564977738,2991
78.2547854891,2992
100.42907254,2995
103.387350244,2996
112.589147609,3002
112.78099733,3004
115.871335254,3005
94.1340053325,3006
94.5345635513,3010
103.442681532,3011
92.6607044488,3014
92.765002838,3015
93.7322067855,3016
111.679910402,3017
92.529842414,3018
102.576403064,3021
104.002560517,3024
92.6783145177,3028
92.1858744918,3030
93.5291330588,3032
93.9588554246,3039
105.200376144,3040
96.5889012923,3041
95.1190835531,3043
111.970255648,3044
110.97125842,3046
92.6494410718,3055
112.39706035,3056
92.3639054754,3058
110.361500995,3059
115.629712304,3061
103.930754425,3063
93.6485177042,3066
104.002096325,3067
78.1115385676,3068
93.4240548931,3069
114.36230888,3072
111.573194506,3073
92.7976154993,3074
92.2095269513,3077
94.2884491508,3082
100.530422964,3084
112.446985094,3085
104.466051278,3088
93.1405160659,3091
111.924629596,3092
94.1276032603,3093
103.03094558,3094
111.276070701,3096
92.2942208847,3097
78.3129826853,3098
114.408250391,3102
92.819644589,3106
93.5160141038,3109
92.0196471542,3111
115.86992825,3112
94.9203905763,3113
94.6915102822,3115
111.336475376,3116
94.2113519751,3117
111.657777294,3121
92.4638750627,3122
93.967971504,3123
104.412901663,3124
93.7300904484,3125
101.788494054,3126
115.134514763,3127
92.715453773,3129
111.655189109,3130
104.522235755,3132
105.318762797,3134
94.6832763124,3135
78.6728410059,3137
94.8473433876,3138
93.2874224473,3140
112.248588957,3144
93.5183808175,3145
111.362789235,3146
93.9898620597,3147
103.727377791,3148
103.5370774,3149
112.173236232,3150
93.3346791617,3151
94.015419057,3152
96.3789786609,3155
112.342169417,3156
91.8329050126,3159
93.9282351394,3161
105.452833293,3162
94.0867829545,3163
101.694328357,3165
93.1902173329,3172
111.111789224,3173
93.9932695026,3176
103.487356126,3177
111.743307428,3179
92.0427708306,3183
94.1229953609,3186
102.887568527,3187
111.252482145,3189
94.871461712,3190
115.132549169,3192
93.1897864115,3193
112.545453871,3194
93.7724220584,3197
95.3029458098,3198
93.7972593646,3200
115.330593877,3201
95.3028981334,3202
94.3555222375,3204
92.2036610176,3205
112.793743936,3206
103.567468058,3208
102.795342274,3210
93.2654191222,3211
115.625260696,3212
93.2011885811,3213
110.452531964,3214
104.232030987,3216
92.656472852,3219
110.664238055,3220
94.916478267,3221
107.345245199,3226
95.1250182091,3227
111.090544822,3228
93.6439248236,3229
78.5316741322,3232
93.3988895806,3233
92.4472348248,3234
93.8482721279,3236
111.636215313,3238
110.975354534,3239
92.1985848158,3240
110.802258372,3247
102.918849209,3249
114.898160585,3252
93.9788732495,3253
103.500071071,3254
93.5139179348,3255
113.293100757,3256
93.1670209833,3257
94.509121682,3262
103.731154039,3263
95.258884751,3264
111.882086285,3266
93.7353627689,3267
94.8899572274,3269
116.047201293,3272
93.772335761,3274
104.73920069,3275
94.3502585702,3277
96.0397947269,3279
103.876112743,3280
93.8031932097,3283
94.3495612429,3285
92.3319212685,3287
103.990994036,3288
104.39668855,3290
93.2814522782,3291
111.673120979,3298
93.185343533,3299
110.97650426,3302
93.2700252765,3303
104.866360933,3304
92.8547961976,3307
92.7242114696,3309
78.084947612,3314
113.605667077,3316
94.1105878852,3317
93.5936820578,3319
111.827743364,3320
94.0006417432,3321
104.352367284,3322
91.8284185291,3324
91.8885048543,3326
110.715422942,3329
92.0336406242,3330
112.008730029,3331
115.529051601,3335
93.9307063077,3337
103.392204844,3338
94.0903833955,3339
110.640655454,3340
93.2531500941,3341
94.3435873385,3343
92.8474673103,3346
93.4999207641,3348
103.806500126,3351
116.139669757,3352
91.6430956323,3355
112.435412228,3356
104.569304116,3358
94.4719072559,3359
109.556080268,3360
112.8917576,3371
94.5288586163,3372
94.9369962559,3374
111.831417059,3377
91.5959660223,3378
102.487855308,3380
94.13805543,3382
94.685739414,3386
112.253326483,3389
103.282480463,3391
94.692254136,3393
103.410528646,3394
92.8764820151,3395
111.291159456,3397
94.319457952,3398
80.0238271242,3399
93.827458607,3400
102.788263907,3404
111.326305837,3407
104.440473022,3409
94.6355373778,3419
93.23837982,3421
93.5804517135,3425
79.595233432,3427
115.968835382,3428
111.625319039,3429
91.569730473,3431
93.9128046806,3435
111.99060132,3436
94.562671358,3439
93.5551126785,3441
115.964995539,3442
94.3434981882,3443
102.43734098,3444
93.2897747718,3445
111.332005875,3446
92.0259927604,3449
93.0622895131,3453
92.9917123633,3457
103.606034273,3460
94.5365338128,3461
92.651249906,3462
103.844257003,3464
78.0528944201,3465
93.4754471885,3466
103.639744983,3467
94.0654497023,3468
103.745230042,3469
101.843760465,3470
111.669158198,3472
92.5184176278,3473
92.3376128667,3475
111.570536156,3476
104.491315411,3478
96.0378446095,3479
92.7075944222,3483
104.44643298,3484
94.0067991284,3485
92.8454491405,3487
110.963493558,3488
111.26956597,3496
93.4322056574,3497
94.3598656394,3499
78.149046502,3500
94.4803303526,3501
93.2229803793,3504
105.033544387,3508
92.4573569417,3511
112.267435679,3512
92.8732972722,3515
93.5814958537,3517
102.62429645,3518
111.546143285,3526
117.335375686,3528
93.1601871817,3529
110.997694799,3530
93.4714562789,3531
112.444462748,3532
93.3862865497,3533
93.4008141149,3534
77.7252804452,3535
93.0801332048,3536
111.46590003,3537
93.0479327414,3538
110.213418943,3539
104.244497305,3540
111.41557129,3545
91.1602729508,3546
104.081316355,3550
93.114857324,3551
94.3025869049,3553
103.603723214,3554
93.4465778455,3557
111.261783151,3558
92.0246823786,3559
93.4677681601,3561
111.28876212,3562
93.0802812163,3563
103.80125192,3564
93.2876033606,3565
92.6416122259,3567
103.800420291,3571
93.7248546326,3572
93.7830918448,3574
93.1467189078,3576
111.486130722,3577
94.420744118,3578
93.0377634363,3579
93.0170846487,3583
94.3437270122,3585
104.968523502,3586
111.089860911,3587
93.8624390048,3593
111.868396446,3594
93.8068183032,3595
93.7989705439,3599
103.970409166,3600
111.658077576,3601
92.0172946796,3602
94.3076029159,3604
115.539125415,3609
110.085695418,3610
111.413344772,3612
113.73322414,3614
93.7819257565,3615
97.0129017919,3617
111.316182243,3618
111.590594362,3619
111.262505116,3620
93.4544143438,3621
94.3703167305,3625
102.536951361,3626
102.466091694,3630
94.0227358981,3631
104.654166878,3632
93.627025188,3633
111.717260527,3634
93.1136584942,3637
93.1486143789,3639
112.393208996,3640
93.6145699927,3641
112.592653036,3644
93.1872198588,3645
93.1904338374,3646
93.0373299771,3647
111.06673575,3648
111.696802538,3653
93.9864484074,3654
111.900367608,3655
101.651620679,3659
94.8587159101,3660
111.850525977,3662
93.5737471637,3666
94.385857778,3668
93.1766570831,3671
92.9251135374,3673
111.614676554,3674
93.1657794389,3675
92.19672268,3681
111.485688205,3682
110.28463069,3686
91.9809772717,3687
82.25070138,3692
111.756960094,3695
94.9761127574,3696
112.34424997,3699
112.6176841,3705
78.4766866246,3707
94.0199238162,3708
111.429455758,3709
93.5579407953,3710
92.0996922655,3712
111.427458492,3715
92.8683073392,3716
111.296407708,3720
78.4762164653,3722
93.8208950873,3726
92.6234035653,3728
112.429660437,3729
102.200083188,3731
111.768199687,3735
94.1625983001,3736
101.74957923,3739
110.863710651,3741
102.596804276,3743
93.7376457637,3744
111.392605069,3745
93.4340124535,3746
92.4347533731,3751
92.9396774234,3753
110.60747394,3760
92.7027731015,3761
110.554257491,3762
92.8108111384,3763
92.4850804109,3765
111.180347363,3768
92.4926451577,3769
104.544978054,3770
110.682762858,3773
94.103141919,3774
93.5064840415,3776
91.9671249826,3778
109.97317812,3779
92.6146355669,3780
111.431723383,3781
93.016922642,3782
111.194107762,3783
92.4696611518,3784
93.2404182949,3786
109.162189643,3789
92.686293779,3790
111.249596545,3793
110.601791398,3795
93.3612642036,3797
115.517687868,3798
111.415683825,3800
94.8509019023,3804
93.1071622526,3810
111.402607987,3815
94.8515263737,3816
102.606246473,3818
111.097864996,3824
101.762548624,3828
110.411157671,3830
94.0161286263,3831
77.7551058856,3832
110.884662555,3834
92.2484282539,3835
110.841031185,3836
93.6341484853,3838
115.009078399,3839
111.156412402,3840
92.4642758552,3845
110.035654749,3846
93.0021264719,3847
77.5393915836,3849
109.997870013,3853
104.261112127,3855
93.1440473642,3856
78.8914951285,3864
93.1240565052,3865
110.946942508,3866
91.9717152376,3867
111.413865685,3868
93.5371924529,3869
92.8184321774,3871
102.705025905,3875
92.7670313425,3876
92.1407473686,3878
110.401423272,3879
111.413562668,3881
111.099238875,3883
91.8851587881,3884
111.254565447,3886
92.9971585251,3890
108.490965591,3893
104.138576901,3897
92.6754807527,3901
109.600087675,3902
112.128897814,3913
92.9997027384,3914
91.6633593806,3916
110.492625402,3917
103.775314256,3924
93.4434599177,3925
93.8967183187,3928
111.350249157,3929
92.4669242008,3932
103.64378247,3933
78.2702263542,3934
91.4941806077,3935
93.0865891397,3936
110.174162021,3937
92.4447959391,3938
110.949390163,3939
91.6884759451,3943
111.244528969,3944
110.746068277,3945
93.8396733381,3946
111.037345616,3947
93.0882095898,3948
111.112580548,3949
93.0508259296,3950
110.815535316,3951
92.2618211687,3952
110.897826995,3953
113.490238173,3961
92.7468543981,3962
92.9993148458,3966
103.0032991,3967
94.3629933084,3968
110.648305751,3969
93.8483137812,3970
104.154711847,3971
91.4374703507,3973
111.471566089,3974
111.608885454,3975
93.1373429536,3977
110.917913619,3979
93.7998021464,3985
102.622576361,3986
110.713503624,3988
92.9184738001,3991
102.987628976,3992
93.296100313,3993
93.5617990212,3994
111.728072559,3995
110.876030898,4005
92.602320653,4007
102.621824626,4008
93.4317252318,4009
111.374158452,4010
78.7731685724,4011
92.3673785139,4012
104.40637736,4013
111.390608595,4015
111.025649223,4016
111.152822503,4018
93.0170465195,4025
111.734047451,4026
112.024404873,4028
94.8684877349,4029
92.921600362,4031
110.745470121,4032
91.6166423319,4033
103.389432008,4034
92.4251958575,4037
102.784609747,4038
93.5359316685,4039
93.5691732655,4041
109.809959585,4042
93.8443184277,4043
103.642105695,4044
92.5342432048,4045
112.159602776,4046
93.7020427701,4047
104.248520187,4048
94.7661501926,4049
92.7580271264,4051
111.317677898,4052
103.161179655,4058
109.786319113,4062
110.34469115,4064
92.5590248984,4067
77.8631651826,4068
92.6455655774,4070
114.417395295,4072
112.280505454,4074
92.1100854494,4075
111.47029024,4076
92.9840682032,4077
111.427266578,4078
103.64925778,4080
110.319309256,4082
93.1511778341,4085
112.503705845,4086
111.732619326,4088
92.6114457024,4089
77.6230710931,4092
92.39215124,4094
111.177581536,4095
92.0784831503,4096
102.245626391,4097
93.3096971198,4102
109.996238419,4105
110.903032635,4107
93.695784571,4111
103.52629176,4112
93.1597546591,4113
112.652603115,4114
92.1283793955,4115
111.049131637,4116
93.4558154981,4117
93.9838619514,4118
110.786743038,4119
93.6928507956,4120
79.5138437658,4122
92.4799267723,4125
111.53429311,4126
110.741739064,4129
112.346982319,4134
92.8537760854,4137
103.11413267,4141
94.2155361274,4142
93.8682802224,4144
103.771669571,4145
95.1215692799,4146
92.6259242594,4150
78.3273475569,4151
92.5571701672,4154
94.4693236163,4156
111.080220385,4157
111.023043133,4159
93.5086401537,4160
110.145624397,4161
93.8075707487,4168
102.708826687,4171
106.482263318,4172
95.3807726056,4173
92.0223244812,4175
103.642255368,4176
93.8674912736,4177
101.431204053,4178
93.6792316319,4179
110.992712434,4181
94.8661397507,4183
112.654804877,4184
92.0726976011,4185
111.694330309,4186
114.901340603,4188
111.180779548,4190
92.1229791685,4192
108.288974423,4193
111.650426104,4194
94.3444906625,4195
77.918372733,4196
94.6438255621,4202
104.461373696,4203
93.287347462,4208
113.828792988,4209
92.9545817488,4210
109.93890661,4211
115.594466369,4212
103.907766899,4214
93.4187735069,4215
111.610010872,4216
92.1692408878,4217
94.4464650883,4219
110.171255095,4222
78.6459621641,4224
103.336414597,4231
94.8650717501,4232
92.3532253583,4234
93.8658717612,4236
103.312190171,4237
92.8214223065,4240
104.118071597,4242
93.3501792653,4243
92.7311361431,4247
111.336208572,4248
91.3245670413,4249
102.29206716,4254
93.1026441019,4263
110.494206853,4265
110.234673213,4267
111.218797781,4268
111.239620431,4271
94.7297847154,4272
110.455996377,4273
92.4277265952,4274
93.2519885843,4276
93.3530980027,4278
93.5899643143,4280
110.752395931,4281
93.4690770458,4283
110.763346121,4284
94.7544656436,4285
111.120530142,4286
93.4404661106,4287
113.057838039,4288
91.9645511746,4289
80.7414688393,4290
91.9381733171,4293
110.422542525,4296
93.6088055862,4297
91.8565802569,4299
110.804290947,4303
94.2147042019,4310
102.891130885,4312
103.770251414,4318
111.551917652,4320
93.3246064198,4322
115.427768829,4323
103.655132977,4325
111.23465094,4326
104.162242236,4328
103.337687568,4330
110.310284002,4332
93.2080486161,4333
92.7112804971,4335
109.411088063,4336
105.012506259,4338
93.5701573341,4341
103.822950104,4342
103.493673097,4344
94.8815004776,4347
104.093127997,4348
107.960029737,4351
93.2991872934,4352
111.513671216,4353
102.783078582,4355
93.5022988364,4356
103.066346638,4359
94.0980304495,4360
93.9710387188,4361
94.2113140659,4364
104.17338946,4365
94.2156637014,4368
93.9933754291,4372
91.6559920938,4374
93.7081052325,4376
103.154023168,4377
94.2067474908,4380
105.943818687,4383
93.7768205794,4384
102.383286648,4385
92.6674103293,4389
93.5006144304,4391
111.531221614,4392
92.2502852515,4393
92.9678694301,4395
111.292972121,4396
112.027601517,4398
103.472868247,4399
92.2162375187,4401
94.6653124478,4406
103.945320361,4408
104.09668316,4412
93.6847439063,4415
112.90444028,4418
91.6571011827,4419
78.0003205342,4420
111.631052334,4422
91.6572665375,4423
93.1867284159,4425
111.413809428,4428
111.702571797,4431
91.5204876551,4434
93.9664457369,4436
110.810702031,4437
115.42293603,4439
93.5645802771,4440
112.168771129,4441
94.5210254113,4444
103.921389097,4445
93.5836268854,4446
112.423095817,4447
103.610505671,4452
111.709235355,4456
93.3421940307,4457
111.066729806,4458
93.5178576382,4460
115.383283677,4461
94.3110874313,4462
102.427249692,4465
103.361126554,4466
94.6952083743,4468
103.920232411,4469
111.471628878,4472
93.2605313553,4475
92.5185672459,4478
111.175446233,4479
93.3900026267,4480
78.8058900821,4483
93.0485174771,4484
103.637880852,4485
94.2760775919,4486
93.2894388983,4488
104.478445039,4489
94.4172209562,4490
104.604310667,4491
94.0940404616,4492
107.806458656,4493
93.9442009976,4494
102.722874109,4495
78.7294375876,4498
94.8816552236,4499
102.294533213,4500
112.246428346,4503
102.463250225,4505
94.4250689391,4506
94.0186896534,4507
103.788422906,4508
111.255942581,4510
91.5179234664,4511
94.6921698458,4513
78.0758848776,4516
93.8059097372,4519
93.2147875944,4521
92.7069952661,4531
78.4586931009,4532
98.7286836782,4533
111.847322324,4534
103.786362091,4536
93.3406116171,4537
94.6356449604,4539
102.640195995,4542
91.9839058283,4545
92.2355892409,4549
93.2977193625,4551
103.47235443,4554
111.339503126,4556
112.061709823,4559
111.385262404,4561
109.538156609,4562
112.642019704,4566
93.1202317774,4569
111.300410802,4570
94.2035461709,4573
103.455146479,4574
93.1202188315,4575
93.7009743289,4577
110.583186683,4578
111.155626303,4580
92.3683081459,4582
111.634331681,4583
94.0128259667,4585
103.783185231,4587
92.3617057271,4595
112.199948948,4596
93.6664627372,4601
112.353967815,4602
94.2035613223,4603
112.760195993,4605
92.5880311973,4606
113.140744126,4607
94.1813635489,4608
94.6525691964,4610
103.500978589,4613
92.8550170786,4617
110.394455973,4618
92.2340013926,4619
93.777074441,4620
99.0445201539,4622
93.5071760994,4625
103.78231039,4626
94.3529943392,4627
92.5120031326,4629
92.3199764872,4631
103.782138923,4633
115.290218701,4634
93.1849536243,4635
92.9118605731,4639
104.665695363,4640
102.678153415,4642
110.973216549,4644
103.781842885,4646
94.4683037446,4647
78.8299217417,4648
93.3331528418,4649
110.622735942,4650
92.2318042105,4655
92.7554669308,4660
113.873137006,4661
91.1422771787,4662
111.894814345,4663
93.9852471112,4665
111.69957791,4666
103.036160054,4667
93.6587441304,4668
93.3015278816,4670
111.858631515,4671
96.8363304793,4672
102.634209802,4673
104.645633802,4675
93.7481873739,4676
110.641064125,4677
94.2186975044,4680
93.4096975332,4682
112.411579952,4683
104.107637799,4685
93.3976957415,4686
112.576980353,4688
112.514294679,4690
112.357185425,4692
93.2742579219,4693
92.9190190042,4697
110.925852488,4700
110.620935902,4702
115.931799064,4707
94.0281512387,4708
82.601948488,4710
96.4240715539,4716
94.9329292031,4717
94.5228297717,4718
95.4189428513,4720
81.2824611105,4721
95.3099103064,4723
111.981911405,4726
92.1555266013,4727
94.3443226554,4729
94.5736016258,4731
113.107925677,4732
94.4077524044,4735
104.420928692,4736
94.9786779159,4737
111.534445389,4738
111.201527352,4739
103.743218807,4744
93.9574868498,4747
112.755600293,4749
94.0337322172,4750
112.498040805,4752
95.8157695527,4755
103.469795622,4756
111.998439344,4757
93.6206163955,4758
102.969251219,4759
95.0447465278,4763
103.533974251,4764
94.3293488164,4765
93.0866184535,4766
112.733867865,4767
112.089374555,4769
93.5849185644,4770
82.5545179639,4771
104.547810577,4772
112.856337222,4774
113.079232591,4776
110.787580888,4777
95.6704237904,4778
94.5879508556,4780
94.1023953336,4784
95.076618775,4786
78.5473942365,4787
96.9117925317,4788
112.491684128,4789
104.948040694,4791
94.1993129159,4792
111.549949092,4795
92.5924074654,4796
93.1067160643,4803
95.6193359117,4805
94.2868548934,4807
93.6093770093,4809
94.5815733701,4816
80.4207401083,4817
91.8977324604,4818
94.1305217297,4820
102.973567056,4821
111.913974268,4823
95.4726537215,4824
111.971751119,4825
101.556863981,4829
96.0160076464,4830
113.379898499,4831
104.736071863,4833
94.9972326025,4836
112.573679632,4837
92.4753929461,4838
94.6927669735,4840
78.5009384653,4841
92.2215291515,4842
112.378612397,4843
92.8779237186,4844
108.440160371,4849
105.041704279,4851
94.8546235471,4852
92.9487428567,4858
96.0177431731,4860
112.352650466,4863
94.329779134,4864
111.846837812,4865
111.501582561,4867
94.6907075716,4868
112.000462236,4869
92.2961217437,4873
95.5549722867,4875
111.877903233,4876
92.6026498631,4877
111.061738858,4878
78.5276282878,4880
112.43484561,4886
103.470305589,4888
95.0980361568,4889
113.033750983,4890
94.650272881,4893
93.9070880148,4895
104.362412347,4896
93.9007982223,4899
94.6455900204,4901
111.411168748,4902
93.2307774945,4903
112.477426707,4904
93.5190320194,4910
93.0401430065,4912
95.5115169148,4915
103.988797831,4916
93.9150742138,4917
104.528117854,4920
103.147332401,4927
93.6704662646,4928
103.588146685,4931
93.2094928239,4934
95.4472399803,4936
111.784491346,4939
113.026219849,4942
96.6844795397,4943
102.737561,4944
93.7503285534,4945
110.881015484,4947
93.1926450085,4948
94.6089423514,4951
112.463837551,4952
92.8916577283,4953
93.2245051172,4956
113.654743247,4957
92.5704931822,4958
93.4405441105,4960
94.2290946738,4968
104.835755027,4969
102.631470673,4971
112.550288967,4973
113.420095865,4975
94.2499887716,4976
93.3762038264,4978
111.090058984,4979
95.3154647522,4982
110.934787023,4983
95.0401711795,4984
115.937598334,4985
93.2989252598,4986
115.085079182,4987
95.3905110792,4988
94.5469873325,4994
95.4242130858,4995
82.1373828032,5002
94.3812749799,5004
102.724179876,5005
94.8345997465,5006
102.905525658,5007
111.871717867,5009
112.548123803,5011
95.0776426012,5014
104.251813643,5015
93.4940511761,5018
111.747511323,5019
92.6762849556,5020
111.570725389,5021
95.0410978523,5022
93.1553822709,5023
96.2853848405,5025
94.5025769568,5032
93.8227658687,5034
92.8905058028,5036
94.968049025,5038
113.213322897,5039
95.592774419,5046
111.747855117,5049
94.7759527316,5051
92.7097147425,5052
112.819636096,5053
95.6534164221,5054
94.5210266289,5055
93.8452208517,5057
93.0477706537,5059
97.5451060645,5062
112.291859117,5063
112.532251896,5065
94.011523789,5069
95.5824228367,5071
113.512280744,5074
93.1228763935,5075
113.016531306,5076
78.5000921553,5077
104.075474971,5079
93.9787052976,5080
112.229411501,5081
103.798877932,5083
104.216272272,5088
93.8095835414,5089
110.949596877,5093
104.522478753,5094
95.7983471728,5095
110.639542751,5099
111.910813036,5101
102.448749793,5103
92.9901404401,5104
111.569682754,5105
92.7174122899,5107
112.225512523,5108
93.339648689,5109
93.2659983391,5111
110.999526603,5112
94.0839887601,5113
110.1746804,5114
94.3343204288,5115
94.430617906,5118
95.2519659118,5122
78.2117977251,5123
94.0014566773,5125
103.589421254,5127
94.7294890268,5128
113.685095545,5129
94.601619453,5132
113.2046596,5134
94.0222797777,5135
112.05093428,5137
93.0295311981,5142
102.986800244,5143
93.8970131825,5144
93.0538846483,5148
93.8418614706,5149
104.718144369,5150
78.2788515381,5154
93.0082554493,5155
92.8562329783,5159
93.7534057399,5164
113.584709324,5165
93.1717529826,5166
112.649520282,5167
92.3050562721,5169
91.7023966383,5171
111.23991626,5172
93.2807837175,5176
111.320011403,5184
93.3133134916,5185
111.39297174,5186
105.005337403,5188
111.324078665,5189
93.2383843438,5190
113.58448834,5191
111.545127914,5193
93.6332502905,5196
78.1805970604,5199
103.89099541,5200
92.059783007,5203
111.598560866,5204
92.9239221462,5205
93.6965026308,5207
106.20322387,5208
94.4631942984,5212
94.7359444669,5214
92.7458534255,5218
93.823082944,5220
92.4945981053,5222
95.6661302378,5224
104.25369943,5225
110.991275935,5227
103.909072778,5229
91.8628793686,5232
115.410301802,5233
102.934386867,5234
111.625107704,5237
113.290142631,5239
92.4181783556,5240
111.5924233,5241
93.0231239311,5244
111.688578668,5248
92.0811491581,5251
94.1567479336,5253
94.5649552601,5255
102.365576133,5256
94.0080614644,5257
95.6087112063,5259
111.239546137,5260
93.5284325561,5266
92.8641470851,5268
111.712552813,5275
111.869164016,5276
94.7414607072,5277
94.2099935732,5279
103.728375736,5280
93.4139676701,5281
96.7330912646,5283
78.6962067562,5284
95.1006204683,5285
103.05009153,5286
92.8336014579,5287
94.3234803538,5289
111.542740294,5290
108.131609546,5292
93.8558210797,5293
102.55696569,5294
93.3610768891,5297
103.771233653,5299
94.7913181639,5302
77.9407660182,5305
94.7695342991,5306
93.8706489656,5308
94.2458162895,5309
112.004514743,5310
111.385716304,5312
112.958598809,5316
94.4970389337,5317
78.291303078,5319
95.852358403,5320
93.0835936237,5323
111.882206275,5329
111.085929131,5331
111.007791246,5334
112.115173174,5336
103.73177033,5338
94.7435610397,5341
96.1470056058,5345
93.4508947796,5348
112.573386373,5349
107.042230261,5355
93.6895025544,5356
105.106520292,5360
111.129030969,5362
112.441330351,5364
106.202384921,5366
93.2866250538,5367
93.9233254955,5368
93.6532166663,5370
78.2353558268,5371
104.272183228,5373
111.624164411,5375
92.0683207515,5376
112.240698788,5378
94.3211221982,5379
93.4628300597,5383
103.22459328,5384
111.45583717,5389
79.8323661574,5391
110.960502619,5393
112.679756683,5395
111.160796825,5397
92.687863763,5398
111.932301241,5399
116.010466117,5401
92.2341883318,5402
111.69841063,5403
93.6679079955,5404
78.4031133821,5407
93.284083547,5408
110.884260301,5413
93.6293167491,5414
93.8239163296,5417
108.13007435,5418
112.360831247,5420
92.5196306534,5421
93.3717864736,5424
111.658807506,5425
93.2910486836,5426
112.560786331,5429
93.1210078821,5431
101.760387659,5437
91.693784328,5440
104.261418,5444
104.492997329,5446
93.5369152337,5447
94.6217786604,5451
106.032477451,5452
102.94901216,5455
93.7811590235,5456
92.691124864,5458
112.476416893,5459
95.1146320767,5460
94.5368388316,5462
110.899155604,5463
93.1018866697,5464
112.521328682,5465
95.3467982626,5466
103.336057394,5467
93.9792954979,5468
112.397680985,5469
95.4227343099,5472
92.9746690001,5474
112.047413633,5475
95.4570794746,5476
103.894798084,5479
112.185192844,5480
111.63556029,5482
92.6212010734,5485
116.161958986,5486
80.1387029207,5488
103.921979931,5495
93.8333409825,5496
111.683879433,5497
112.222305283,5499
92.7320666885,5503
94.1590082358,5504
96.2090934382,5507
93.5293039352,5509
93.4055820456,5511
111.46594101,5512
111.201246306,5516
94.8554579751,5517
103.972353225,5518
93.8623355832,5521
103.34431621,5522
94.9251401371,5527
93.8201136237,5528
110.750010941,5529
94.9522161555,5532
113.330694775,5533
104.51501929,5535
102.823542431,5536
92.5285752338,5540
94.1625164399,5547
111.013978893,5548
78.3488474292,5550
93.387754444,5551
110.638065123,5554
94.0435599076,5555
111.045860307,5559
92.4399303108,5560
111.752320476,5561
91.9895065273,5562
111.877414657,5563
79.1873357431,5565
93.8929084377,5566
103.157470275,5567
93.2673166973,5568
94.2839348079,5572
93.6223384759,5574
93.8152572747,5576
111.383211167,5579
78.8593506821,5580
93.8109697338,5581
93.5554582523,5583
111.798594831,5584
111.642693551,5586
93.481679652,5587
101.78478349,5589
102.104451942,5591
92.4269144113,5592
113.771952838,5593
93.7818744866,5594
78.7580598618,5595
111.873498604,5596
110.927982642,5597
115.518881105,5598
93.3120235933,5599
111.7676939,5602
93.7815673716,5603
92.7514272757,5605
93.0143230163,5607
112.546646271,5608
93.0697120294,5609
92.6732838134,5610
93.217575824,5612
111.026852336,5613
93.3436416036,5614
93.6293069184,5616
94.2767376983,5621
94.5489043948,5623
113.382282884,5628
92.8484673214,5629
94.8705701018,5631
99.6145017268,5633
103.942803023,5638
95.4032560522,5639
104.936925101,5640
94.4295196591,5645
78.3391886741,5646
93.4190950601,5649
111.634561319,5653
112.603661118,5655
94.7710734075,5656
93.7866372392,5658
115.901971095,5662
92.1521925007,5663
93.2440481132,5667
93.3203857206,5670
101.592422346,5671
93.827669506,5672
102.719899961,5673
93.843491228,5674
103.726131026,5675
94.576537043,5676
112.198390503,5679
111.788016679,5683
93.5074033254,5687
77.9361832195,5688
93.2322173678,5690
111.840471009,5691
92.4121814344,5692
111.72615701,5693
94.3041984256,5694
111.660405729,5697
91.6447435117,5698
112.019515785,5699
93.6896749142,5704
112.21727199,5707
102.439939911,5709
94.2529678133,5710
93.5573101541,5714
93.6265521582,5718
94.9951418778,5721
94.4757852076,5723
112.011745279,5724
93.7434386176,5725
110.790589371,5726
97.5435315277,5729
103.806082194,5730
93.7265530012,5731
77.9578734592,5733
93.295249997,5736
102.816555489,5741
111.181820828,5745
93.5623660548,5747
104.438459309,5748
111.048575905,5750
93.6549989758,5751
93.3311498589,5752
93.2787486257,5754
93.6591896513,5755
93.8096240608,5757
115.593099493,5758
103.802455637,5760
102.387866317,5762
111.046960969,5766
96.1001095731,5768
116.01251411,5769
93.5399388406,5770
111.170237312,5771
92.8351756576,5772
111.551837694,5773
93.4629399047,5774
92.7455955093,5776
112.054637151,5777
92.8405260461,5778
112.602163995,5780
92.9169404123,5782
78.8338285658,5783
95.5861900262,5784
94.8607532412,5786
93.5786871929,5788
111.740532941,5789
93.5170061163,5790
103.653392562,5791
103.946956691,5793
93.3263759714,5794
115.642242636,5796
93.6596343483,5797
93.3600015554,5801
93.5359652099,5803
111.666086976,5804
93.0856124593,5805
78.1370220994,5806
111.018009216,5808
93.7729408021,5813
94.1588103686,5815
104.325650021,5816
93.4553151963,5822
111.403526611,5823
104.334947883,5825
111.081404966,5827
101.729003186,5829
94.5981979052,5830
112.024900205,5831
93.610525333,5832
110.994379247,5833
113.410874434,5837
93.848364321,5838
94.0117531914,5839
104.971276858,5842
111.261869801,5844
101.925627449,5845
111.247671646,5846
78.2061754579,5848
112.683632573,5850
92.7927138351,5851
95.9810977296,5853
103.748270023,5854
104.941228676,5858
111.00744198,5860
103.209595155,5864
94.6920566044,5866
112.199294417,5867
92.8051773369,5868
111.957729909,5869
92.8097298971,5870
112.147474943,5871
113.015531752,5874
111.366720163,5876
91.7777494233,5877
93.1648232614,5878
111.156631962,5879
92.2219584168,5880
92.4422136287,5884
110.391631089,5886
101.083792772,5890
93.4894311,5896
102.593301713,5897
95.9047941088,5898
104.025091387,5901
112.107431467,5903
92.6134332975,5906
111.802244968,5908
92.1215678895,5909
110.956389711,5910
93.5983777981,5911
111.982511553,5912
112.982790368,5914
111.738896762,5919
95.1914852945,5924
94.1733238391,5926
103.688418525,5929
94.2528587953,5930
95.0573080484,5932
113.094153876,5933
93.1916349356,5934
111.680664408,5935
93.8864065948,5936
110.927973947,5937
93.6614022055,5938
110.008558378,5939
109.976251951,5942
94.2908865325,5943
103.776036869,5944
111.55652641,5946
91.9602006982,5951
102.473053553,5953
93.690913045,5954
103.33474614,5957
93.9154559327,5961
104.554450238,5962
79.0596062008,5964
93.3225891443,5965
112.687877466,5968
91.9277580358,5969
92.7466708999,5974
110.642689388,5975
77.9094948338,5978
103.460120105,5981
94.1338452761,5982
113.019607055,5983
110.482671439,5989
93.567870797,5991
103.006629786,5992
94.3984490014,5995
102.292262458,5996
110.796601634,5997
93.0223048352,5998
78.6720017189,5999
110.962124383,6001
94.3292725421,6002
110.050044306,6003
93.6889214778,6004
111.729553597,6006
93.3477877512,6007
99.42637369,6011
103.199976379,6012
93.3514741033,6014
102.322203392,6015
93.0554226328,6016
110.549975234,6017
95.3810330161,6018
94.1715079571,6024
103.683870976,6025
111.865863561,6026
111.133100363,6028
78.1311533714,6029
93.2743419606,6030
112.674659032,6036
92.7248251904,6040
111.2234087,6041
93.0866070514,6042
93.5005728269,6044
103.203542223,6045
102.978930868,6047
92.7597819462,6048
111.09779102,6049
114.945317528,6051
112.685604254,6052
91.3670036565,6053
111.072886395,6054
104.878281036,6058
93.0958559604,6059
95.2392272347,6062
115.063566961,6063
102.573077751,6064
92.7226444206,6065
93.1552210163,6067
111.24002593,6068
102.972408467,6070
101.978528004,6071
110.053504403,6072
110.061841263,6080
93.9766596968,6081
104.237710735,6084
93.3365126391,6087
103.728975865,6089
110.047320933,6092
93.0711756842,6094
111.693377602,6095
112.58521575,6097
92.7287259465,6100
103.835687829,6104
92.9792031169,6105
111.255091109,6106
78.7669341145,6107
92.1388511449,6108
110.044194787,6109
92.3677623484,6110
110.042830821,6114
93.2358230008,6116
103.232523621,6117
93.7816633359,6118
77.7618838564,6123
111.971939609,6125
108.805498876,6128
102.725284288,6130
111.20171511,6132
77.8035764555,6137
113.120928565,6139
93.2141869539,6140
112.399748429,6141
103.87453454,6142
109.901760243,6144
93.8104342074,6145
92.8165726845,6146
91.7898423517,6149
94.2370302932,6156
112.058228569,6159
93.2144693932,6160
102.478562062,6162
110.809146758,6164
91.8824639903,6165
78.8296619454,6168
110.623071686,6169
93.1800663818,6170
111.261985978,6171
91.7768889507,6172
113.516135776,6173
96.7957987386,6176
91.424244429,6177
93.2183094113,6178
93.8948480272,6180
103.015936028,6181
93.2645685542,6182
92.2258998108,6185
110.912138425,6186
111.388667208,6188
93.7836765854,6189
104.231777916,6192
93.602673088,6193
103.194016435,6194
93.2693578105,6195
114.27662783,6196
92.8935018668,6197
110.961392855,6201
92.5883256454,6202
112.486564883,6203
92.9035569729,6204
115.978169734,6207
94.8022541336,6209
92.3750458381,6210
111.364248999,6211
111.523935634,6213
91.5306743589,6216
92.4518777308,6217
92.9296975756,6219
78.1393699454,6222
94.0586782235,6223
95.7174356475,6235
93.1052111233,6240
92.5179581102,6242
93.3839253221,6247
112.043212479,6251
111.826439873,6254
92.8565066958,6255
102.220342406,6260
93.2759178462,6261
104.18198383,6262
110.83781836,6264
103.266182962,6269
106.170234816,6271
110.930822183,6275
93.1334356532,6276
94.1080505331,6278
110.846520595,6279
112.312882496,6281
92.5410399026,6284
92.9047571932,6286
78.1260051816,6287
93.1713277094,6288
92.6980409403,6292
92.8895234207,6293
91.7430656748,6295
111.538011351,6298
110.64183764,6300
102.959086151,6304
111.226394464,6308
93.325784139,6310
110.041935056,6312
93.4013871049,6320
92.2502032808,6324
111.554215998,6325
94.2563544445,6330
110.614523605,6336
105.250867832,6340
95.7715689644,6341
103.88023637,6342
92.5399072328,6344
112.481066173,6345
110.700179418,6347
94.3327075705,6348
111.517598066,6349
77.9890423209,6351
111.610835148,6353
92.8872326815,6354
94.7654762204,6357
103.025773214,6358
102.302636415,6360
113.173204017,6363
91.3468962995,6364
111.993770803,6368
92.7488074987,6370
93.4447385541,6371
92.6949028554,6377
92.623310881,6379
93.2066511197,6381
77.7602319646,6382
110.564469435,6383
110.748686935,6388
110.006463484,6390
101.1550546,6392
93.8586462277,6393
92.8432560441,6395
102.441436077,6398
77.7236311122,6401
92.9372074857,6402
110.594764526,6403
92.3699843325,6405
91.9230810985,6406
111.431335197,6407
102.707024976,6409
91.3319184199,6411
93.6916283611,6413
104.23059967,6416
92.8753369712,6417
92.4424517638,6418
115.853381042,6419
111.064816522,6420
111.063654905,6426
91.7304998036,6429
93.1989503142,6430
110.554853014,6431
94.6252235787,6432
94.5157653899,6434
111.798213946,6437
93.4194679045,6438
102.025345474,6439
93.7476532665,6440
93.623400604,6441
109.671319006,6442
94.3736656097,6443
92.6615420467,6445
111.233614342,6448
111.270473617,6450
93.6128241695,6453
92.3859252661,6455
92.1837440316,6457
110.442736087,6458
93.579365267,6461
110.923060307,6464
92.5045771068,6467
94.2943353537,6469
78.2728783143,6470
92.9426510635,6471
102.074711296,6473
93.1450057676,6474
93.3180487001,6479
93.2150906779,6481
110.029044843,6484
92.8294392037,6495
112.092851508,6496
110.57512272,6505
94.32681662,6506
95.8308668017,6508
92.5663428193,6509
102.960092974,6510
103.060875213,6512
92.9438362205,6513
112.318886252,6514
92.4641968652,6515
92.8448030106,6519
92.6457567731,6521
77.9513625074,6523
104.383157814,6525
92.7754820854,6526
93.7755832018,6528
112.249222958,6529
102.441393286,6531
103.782514303,6533
93.3888282908,6534
110.988158568,6535
91.5244973465,6536
111.381766549,6537
92.7791954918,6540
110.468348475,6541
93.1490837058,6547
110.54487268,6548
111.278028729,6551
110.745407399,6553
104.146877321,6555
95.1570774442,6556
77.7484758362,6561
92.1665058601,6564
110.987851039,6565
92.2970352484,6568
109.621403401,6569
103.091751141,6573
93.9483411925,6574
110.90190817,6577
113.0325989,6579
91.8362336389,6581
110.485768571,6582
103.280853003,6585
94.1610654109,6586
103.45313733,6589
78.0033615631,6590
92.0583008498,6593
110.75074164,6594
91.6080484315,6595
91.4905111145,6599
93.7558069602,6600
112.123096793,6601
91.0870503187,6602
111.176767281,6603
92.857106529,6604
102.764515618,6607
103.890382084,6608
93.2306885723,6609
92.0637650781,6611
109.619290385,6613
92.4932951634,6614
93.5538189402,6616
109.620037597,6617
93.2776380167,6618
101.62869099,6619
104.140853393,6621
102.829003062,6627
110.447273729,6629
77.6678163077,6631
93.3993327706,6634
93.2703058208,6636
92.2963547118,6638
109.616994345,6639
110.693166215,6641
93.6053444464,6642
113.229199103,6651
78.4149722298,6654
93.9199413926,6657
92.2749574755,6663
109.268407104,6665
92.9548302992,6666
93.0126061366,6668
104.323886959,6669
92.8379433207,6670
92.7118316754,6671
94.7152333256,6673
92.8655161222,6675
77.7843488198,6676
93.2157571063,6677
93.2233606033,6679
111.325326604,6680
102.948193322,6681
102.986661405,6685
93.3719981219,6688
91.7108753069,6689
109.908760854,6690
109.611287092,6692
93.2711552424,6693
92.9510552334,6694
115.56978695,6698
92.348825119,6699
110.214961934,6700
92.1441187631,6701
110.271945279,6702
91.717707656,6704
110.422584041,6707
111.129698469,6712
92.5250350572,6713
93.1401670582,6715
110.623534268,6721
92.6026960935,6722
111.519774121,6723
93.5490248665,6724
115.606812006,6725
111.094948995,6731
79.5143945789,6735
93.3250330454,6736
107.261415683,6737
93.6780594024,6738
103.039847787,6739
102.926501851,6741
92.2865757157,6743
92.9875030662,6745
110.892027506,6747
92.3455853694,6749
102.652280693,6750
114.912010312,6751
94.7894905964,6752
109.568325965,6753
113.821159909,6755
92.8400976885,6756
101.995067054,6757
110.914517723,6759
91.9953623364,6761
92.8798530667,6763
115.44563576,6764
92.7343767387,6765
110.779580909,6766
111.320314259,6768
91.6721220134,6771
93.2231101753,6773
92.5358837498,6774
102.624848935,6778
95.2026158544,6779
91.3478881585,6781
92.5122794997,6784
92.443055639,6786
110.552208238,6787
91.4657233624,6790
103.775842194,6793
109.116059543,6795
110.893871632,6798
102.539841195,6806
93.12718114,6807
92.6021150205,6810
109.752545849,6815
91.8717358759,6816
100.870508423,6817
92.6651793257,6818
102.118568656,6819
92.6817970082,6820
91.8824134558,6822
114.145567605,6823
109.83069109,6824
92.8487057847,6825
77.3164050196,6828
111.94533611,6829
109.489351113,6831
91.4665518292,6832
110.233024097,6833
92.4448502722,6834
94.0724470117,6836
110.666159566,6837
91.4524774195,6838
102.652692397,6840
91.1632689499,6843
90.4948055661,6845
91.7567647359,6846
109.817425394,6847
111.076800308,6851
92.0541430182,6852
109.6908967,6853
93.668944085,6858
110.707954295,6861
111.616566747,6863
77.5460064408,6864
92.0209926172,6865
110.281139931,6866
93.8123959637,6867
101.88971746,6868
92.9095519914,6869
109.850428872,6870
109.502523665,6874
92.9491346894,6875
110.881767043,6877
91.8106481598,6878
93.6168776061,6880
109.667155841,6883
92.6260023033,6884
92.7688631599,6886
93.2235397814,6890
109.887446098,6893
91.5583173716,6894
110.85153158,6899
92.1213964311,6900
91.381932306,6904
109.971783281,6905
91.4344966728,6906
91.2235336072,6910
103.342176307,6912
112.269366928,6913
91.665130662,6920
92.8082814328,6922
109.092322969,6923
92.1130400823,6926
109.343211839,6927
91.4529690469,6928
110.754572081,6931
92.6842105021,6933
90.6492385569,6936
110.32546354,6937
109.445877747,6939
92.1742503933,6941
110.491161351,6942
92.516126007,6943
100.956268547,6944
93.4415052243,6945
108.48015303,6946
114.186594059,6947
103.220003065,6949
102.294464521,6951
109.405664375,6953
92.0021977425,6954
109.632941693,6955
109.671317608,6963
91.7319048726,6964
92.8528253763,6966
91.7909350269,6968
102.218217778,6970
109.859749759,6972
109.867038339,6976
110.254922983,6978
101.872696064,6981
102.620860386,6985
92.1558128491,6986
109.979673681,6987
110.85044265,6989
114.136319788,6991
112.048436144,6993
92.8787970657,6994
110.529488084,6995
92.5839036029,6996
111.637044066,6997
77.9922364108,6998
109.986702925,7001
109.736602489,7003
93.0302553501,7006
100.270962595,7008
90.7047414359,7010
92.3163766734,7011
108.554803051,7012
91.6687086426,7013
110.33363347,7014
102.287509524,7017
93.1393621332,7018
90.0290877575,7019
93.0288264283,7023
101.485241646,7024
91.9051430577,7025
110.124870032,7026
91.5167814803,7027
111.952711657,7028
109.092294036,7030
91.9788504027,7031
112.065200831,7033
92.310689033,7036
92.4224718058,7037
93.0662144451,7039
91.9662333383,7044
110.6519741,7045
95.1782682111,7046
103.161408548,7049
93.6953328082,7050
102.220253962,7051
109.621902323,7054
93.7730249117,7055
92.3256115956,7057
110.849064655,7060
94.6219983071,7061
91.1626994346,7063
109.769392817,7064
93.5577095845,7067
91.9530485014,7071
101.626859878,7074
92.7724558363,7075
110.651247689,7078
91.2445461985,7079
111.03748401,7080
92.9171551178,7081
111.020542069,7082
91.9424926431,7083
110.965921332,7085
102.158756455,7092
92.3167660872,7094
91.6633959017,7100
109.852415663,7101
110.253613078,7102
109.762426164,7104
94.6191732981,7105
92.5416060117,7106
100.536914756,7107
77.069685707,7108
91.7895556862,7109
110.325718945,7110
92.7185925875,7112
102.364196096,7113
92.6458182547,7114
110.643943353,7116
96.2949191024,7117
101.777347144,7118
92.9603200152,7120
101.987899605,7121
101.274212564,7123
94.0705227582,7124
106.928189147,7127
101.294188822,7131
92.6365375661,7132
90.514184165,7133
109.475394435,7134
91.4087918432,7135
109.58405302,7136
91.4141098188,7137
92.483216618,7141
102.01805347,7144
109.685792597,7147
91.7065156183,7148
91.405667047,7150
92.9563912262,7151
101.685587236,7152
91.9606561255,7154
93.1135928016,7156
101.47866832,7157
114.247075148,7159
93.131238287,7161
92.0688243999,7163
100.167401214,7164
77.4884543964,7167
102.258961796,7169
93.0970177957,7170
92.4325195221,7173
101.534406565,7174
109.947503453,7177
102.588911544,7178
92.1132933594,7179
79.5091155432,7180
109.977602399,7181
91.8142244805,7182
92.7128220282,7184
111.894548816,7185
91.1235540761,7186
113.357529968,7187
92.1928030946,7188
110.691059011,7189
101.578275616,7191
109.492526976,7193
94.4955706949,7197
92.0927782661,7199
111.017517138,7200
91.4023192233,7201
92.0004864675,7204
109.081283839,7207
111.591579601,7209
92.8259040153,7210
104.00123674,7211
92.1810103562,7213
111.632935899,7214
111.131656217,7216
93.7206041222,7217
110.331743667,7220
109.085914054,7224
92.5207955213,7225
111.130936333,7226
92.3397486772,7227
111.892313361,7234
78.1756171032,7236
102.294922359,7239
92.6125291233,7240
113.330286837,7242
110.202203615,7244
90.7572303383,7245
110.286283435,7247
91.22037636,7248
114.732085646,7249
110.285280025,7250
92.539473137,7251
110.810139231,7252
77.6243339312,7253
93.2196889372,7256
92.564802157,7260
111.488994126,7261
94.0095146419,7264
111.099649013,7269
92.363387777,7270
110.860929209,7273
89.5970459443,7279
110.3463592,7281
91.7435981235,7284
110.525572567,7285
114.80158036,7286
91.2809817343,7287
92.6814385557,7289
91.9398445821,7292
110.895815134,7293
93.0899792177,7296
110.947671404,7297
90.8796420084,7298
111.821230316,7299
101.417169884,7301
110.564617364,7304
114.419698337,7306
92.6819026481,7308
99.9302711578,7309
91.9116403194,7312
77.6176937842,7313
92.5461566784,7314
93.1216859717,7316
114.337491145,7319
93.3680113598,7321
93.1553397244,7323
101.75899043,7324
93.1196859351,7325
100.945456279,7328
77.5782950051,7330
93.1301395731,7334
112.039031807,7337
94.4627310116,7338
91.5689125278,7339
91.5971118428,7341
111.515463519,7342
111.014090934,7344
110.4819972,7345
109.684456496,7347
110.337627858,7349
93.0534344113,7350
112.091644564,7353
110.399173946,7355
92.269858705,7356
112.327806796,7357
93.4638906841,7358
92.4592136,7360
103.193771865,7363
93.4964357466,7364
93.4117870894,7366
93.2822682055,7368
110.392603697,7369
92.1718050048,7370
92.9038528469,7373
110.9020739,7374
92.9626755112,7375
93.0761411372,7377
91.4079845851,7379
114.235343478,7380
110.486795834,7382
92.9598098267,7383
92.8707012335,7385
102.745024505,7386
93.4493226507,7391
102.96880264,7394
110.264611031,7396
91.876031491,7397
93.2417571784,7399
102.771783755,7400
77.4364044506,7403
110.186836272,7405
110.34272413,7408
111.789229517,7414
101.788136991,7416
91.4899600607,7417
92.3059846548,7419
101.658316481,7420
92.601526221,7421
93.3868358774,7422
102.509361177,7423
77.6414680727,7425
93.4936082263,7430
92.352293613,7432
93.558011846,7433
110.151235662,7434
109.294686773,7436
91.7147819314,7437
102.945718775,7438
103.534683102,7440
92.5962282996,7441
110.457086019,7442
111.577191929,7445
101.196555664,7446
109.902250248,7448
102.119306346,7450
92.5954913626,7451
111.671989731,7454
91.3781071331,7455
110.172981146,7457
101.375605997,7459
92.5915987246,7462
92.5876269406,7464
108.500491297,7465
92.4661828538,7466
109.140112212,7467
111.465968132,7469
92.9005691366,7472
109.266450876,7473
93.0765995316,7479
103.212215804,7480
109.870049598,7484
92.8829230154,7491
103.516529789,7494
92.6328885903,7495
92.2202162116,7501
92.9194178041,7503
102.657262573,7504
92.4748326693,7505
110.277673664,7508
91.5299650165,7509
77.59208755,7510
110.862556846,7511
92.9807693397,7515
103.122142994,7516
93.2561900275,7517
103.195983056,7518
92.615548628,7519
93.4324072385,7521
102.213999026,7522
103.318364763,7524
102.041327356,7526
92.7749370768,7527
101.026314757,7528
93.0271752054,7529
109.584266612,7534
110.68726847,7537
92.8537427728,7538
93.2329740006,7540
110.965276912,7541
110.262246404,7545
112.658652127,7551
93.5358062264,7553
101.096242082,7554
93.1206452897,7555
110.514193241,7561
93.9545655222,7562
92.3251265057,7564
103.886803258,7565
92.6327767804,7566
108.943159757,7567
100.803846177,7569
92.1102641106,7570
112.923546056,7571
92.8181230445,7572
103.112018546,7574
110.892828478,7578
92.4456213022,7579
91.5521934071,7586
81.7633024327,7587
93.111636529,7590
109.250802482,7593
92.5028509066,7594
92.6316039049,7595
91.7670399972,7600
78.1998113155,7601
92.2460228444,7602
109.248943782,7603
91.8972888055,7604
91.8741585113,7606
112.457009191,7608
77.5490706014,7613
110.49684399,7615
109.304941277,7616
113.775402301,7617
92.7641211226,7618
102.501297697,7619
94.1617664613,7622
101.385947511,7623
93.2431831392,7624
102.75631682,7625
93.2797653997,7626
102.448388284,7627
77.0872006924,7628
102.861174038,7631
102.682692441,7632
92.8913027879,7633
111.936156456,7634
92.1689815296,7635
111.884885366,7636
111.884950381,7637
91.9161473524,7639
77.4070753466,7640
111.237043193,7644
92.0222283044,7645
102.531210742,7648
92.8596107442,7649
110.079298898,7650
108.484328656,7652
91.7373422092,7653
93.0515524247,7655
109.989535892,7659
93.4394490884,7662
92.2577581557,7664
94.9285637115,7666
92.9989510579,7668
109.464619921,7669
92.2818809685,7670
92.8664064422,7672
109.958712941,7673
91.3797113543,7678
78.7579103174,7679
103.297061029,7680
91.2185908734,7683
114.752965125,7685
92.9903524451,7688
109.215945717,7690
92.2682726563,7692
93.1631607442,7693
111.980789048,7695
92.2286811208,7696
92.4862988469,7698
110.958030377,7699
91.7084151661,7702
111.389747891,7703
92.8986995306,7704
110.835271718,7707
79.1034039327,7713
101.986137134,7715
109.027744224,7717
93.1055402505,7718
102.767109556,7719
109.144950274,7721
93.0775675615,7722
99.2089167405,7725
100.114750899,7727
77.4515903704,7730
91.1917693707,7733
100.469665087,7735
110.907339961,7740
110.16594807,7741
91.0654891372,7742
110.795568207,7744
91.7176670768,7747
77.4771830455,7750
109.906221807,7752
110.642214018,7754
103.854687713,7756
92.3584062107,7757
103.085948389,7758
102.635577479,7760
92.4194787388,7761
110.804654349,7763
92.5233333529,7765
111.378916481,7767
92.6691198262,7768
91.738974782,7771
90.8019195842,7773
111.521003205,7774
103.543898574,7776
91.5933841812,7779
90.9202929217,7783
103.994392366,7786
92.494575461,7787
91.3726515732,7789
92.6747694368,7791
91.7897222621,7793
108.88120823,7794
90.875079771,7795
77.2337473332,7799
109.369010675,7800
93.7775705212,7802
106.576518706,7805
100.310418751,7807
92.4472891518,7808
102.889600781,7811
108.721539066,7817
102.036625416,7818
92.073038749,7819
91.3949240833,7822
109.615230493,7823
110.294019712,7825
91.0159918273,7828
91.9330222957,7832
77.3063893586,7833
110.022112292,7834
92.4651202558,7835
92.5909401836,7837
91.2599522837,7840
91.7020312259,7842
108.161899918,7843
91.7133943109,7844
92.4119473788,7846
91.9494026457,7850
109.89360982,7853
111.538294701,7855
91.8729552574,7858
109.764198027,7863
110.337684775,7865
91.3950380165,7866
90.8100370897,7868
110.19603764,7869
77.2007240808,7871
101.334482608,7872
101.412601822,7874
110.57554,7877
91.5353405123,7878
108.656818112,7879
91.2219290079,7881
92.571695837,7883
100.814295896,7885
92.8780897979,7886
94.0694576636,7889
103.919148408,7890
92.6332394564,7891
91.706166826,7893
101.209585737,7894
109.499310481,7896
100.768104005,7898
91.7521906468,7901
109.105119338,7902
111.293465653,7904
92.5050296832,7905
112.913762276,7906
92.1409693648,7909
101.121977088,7910
91.8728009797,7913
110.405000705,7918
90.9402927265,7919
90.9187851449,7923
92.4072791649,7925
90.0131063399,7927
92.2355796727,7930
92.2652687513,7932
91.7973866084,7933
90.937832901,7935
102.598684862,7939
91.0441086741,7942
109.113014347,7943
102.019151132,7945
92.6837554177,7946
92.8342147952,7948
108.615574713,7949
91.3836863162,7950
111.36782733,7951
101.727940579,7955
92.8109537283,7959
110.893211258,7960
91.6243613827,7961
101.291752776,7962
102.000149982,7964
92.4719708658,7965
110.752970967,7966
102.134723105,7967
92.8621263123,7968
102.790291848,7971
90.9406083377,7974
105.204311391,7976
110.138380548,7978
110.894019082,7982
92.3597595515,7983
101.782415507,7984
91.4877272552,7986
108.615612753,7989
109.103789525,7991
110.226229601,7992
90.8879524478,7993
109.930354385,7994
91.9286089299,7995
91.6898365312,7997
101.782592802,7998
108.713102137,7999
91.2801963806,8002
92.5587523378,8007
92.2269652642,8009
92.1737114011,8011
92.0544186552,8013
101.36196541,8015
110.217778281,8017
114.277874442,8019
92.1398142058,8023
110.93338595,8024
110.365568421,8026
90.844359615,8027
91.5795720331,8029
110.291454618,8030
91.5680106612,8031
93.7036085171,8033
91.6641987368,8035
102.804565413,8036
102.87557288,8039
90.4426616799,8042
91.75917652,8044
78.0389181658,8046
111.021478875,8048
92.5024767751,8049
101.761763675,8050
91.8475954626,8053
91.7839838586,8054
91.5891074633,8059
91.5350106842,8061
109.67296962,8062
109.900023377,8064
102.993665232,8066
92.180655394,8067
91.7793699426,8068
92.3077622802,8070
110.861560871,8071
91.4700591274,8072
91.0249485507,8076
91.5442284858,8080
109.957191996,8081
98.522790126,8084
111.346320365,8087
90.7124663323,8089
114.005195336,8090
102.209454359,8091
113.569816593,8094
90.8459831144,8100
92.1549447169,8101
92.5336238785,8110
109.101687658,8111
92.7768685389,8112
109.865187111,8115
92.4413515147,8116
109.898749697,8118
115.049395224,8121
108.544211959,8125
110.530371216,8127
91.5841488237,8128
109.006322765,8129
93.89406329,8131
92.5160415076,8138
101.311089166,8139
91.3643210132,8140
90.7906368293,8141
109.674722448,8142
109.858641989,8143
110.361451566,8145
90.9097835174,8146
111.211107901,8148
110.212728976,8153
90.8158936536,8154
111.190329051,8155
92.0742516299,8161
109.280954812,8162
90.97956332,8163
109.90529289,8166
110.298089561,8168
91.7500415633,8170
109.413428202,8172
91.2093426946,8173
102.76538065,8176
91.6748947851,8179
92.6212079803,8181
114.497663585,8182
109.766767176,8184
102.962956675,8190
92.9078795907,8191
111.210213996,8194
109.090971962,8196
110.904891665,8198
109.988599792,8199
110.107552629,8201
91.6652304206,8202
92.5241820155,8207
109.006106521,8208
109.579627408,8211
109.348128031,8214
91.768490634,8217
109.518233738,8218
92.1950138381,8222
104.966507795,8229
92.1043377466,8231
93.4361990281,8233
91.9422371271,8236
111.453796337,8238
100.689797316,8240
101.231610051,8243
110.099002202,8246
91.4811937083,8250
93.074381366,8254
77.029029294,8256
109.16114165,8257
90.8500829769,8258
92.5524782235,8260
111.137830077,8261
112.257546841,8263
91.9602790634,8264
108.569116758,8267
90.7304345508,8268
91.1815219662,8271
108.986293831,8272
93.4211037966,8275
91.9052444016,8276
103.45201647,8277
113.949898093,8278
91.9067450744,8279
109.129503986,8280
93.0709246713,8281
108.464882538,8282
110.251319662,8287
90.9589186529,8288
111.238218456,8289
91.4283010815,8294
91.1901634214,8296
110.445437367,8299
101.612546402,8302
110.36115102,8308
101.589209569,8314
92.8139523707,8315
108.665670522,8316
92.2636790467,8317
110.725059689,8319
90.6113603507,8320
114.969542308,8321
92.6167893272,8323
91.7714423245,8325
109.674955812,8326
109.089786392,8328
109.690777445,8330
91.5720676219,8331
110.999918447,8332
92.1552625511,8334
91.1244539176,8338
93.4059947214,8339
90.9235921844,8341
110.297601515,8345
92.3566038438,8346
101.684346254,8347
92.4791207213,8349
92.1771025505,8351
110.583224748,8352
109.143414876,8353
109.681159134,8355
108.783955387,8358
109.296837342,8359
91.5760040716,8360
110.024084139,8361
101.492974176,8363
91.8613764936,8364
93.5515362424,8365
101.997130148,8366
109.250856505,8370
91.5143278946,8372
92.4784698501,8376
110.046349559,8377
109.841954668,8379
91.388674077,8380
111.293691535,8381
90.4299481891,8386
101.550041555,8388
92.6784645241,8389
110.071521368,8391
93.1192196683,8394
102.756864713,8396
102.622488345,8398
110.882248534,8400
90.980064223,8401
91.0150443905,8404
92.9184705063,8407
109.727437068,8408
108.841733724,8409
103.405414754,8410
91.9844589731,8411
91.5346894623,8413
109.738072895,8414
92.1267941715,8416
