ID,y
1,81.2469508648
2,96.9973654747
3,84.4240007401
4,78.3956735134
5,114.271235466
8,94.1070394516
10,112.802479744
11,96.2310700417
12,119.104733467
14,95.5567207336
15,119.340363503
16,108.500142097
17,100.657368183
19,96.6034684181
20,107.449913979
21,99.170270443
22,118.952579021
23,103.683354378
26,94.9587087631
28,99.5973186493
29,101.047275543
33,100.400031567
35,94.9431109428
41,95.5536522865
42,93.2551851273
43,116.07229948
45,103.778192997
46,103.191119671
51,93.9014782906
53,81.6621594429
55,114.927482128
56,93.7186846733
57,104.400578499
58,94.2728829384
59,103.517386436
63,112.088243008
64,93.9901571274
65,105.068428516
69,93.3065705299
71,94.3342995644
72,103.54941082
73,94.1600575447
76,103.488484859
77,105.001431465
78,114.706666946
82,94.2692074776
83,105.03865242
84,94.0696372986
85,102.939620495
87,112.086242199
88,95.3098421097
89,113.605012417
91,93.677921772
93,94.1829805374
94,104.957843304
95,93.3245410919
96,112.139304161
97,92.6494755745
98,112.039423943
99,93.3211150169
101,104.075539112
103,113.601489067
104,93.1648879051
105,111.637290955
110,94.0385556221
111,111.824159622
113,113.314453602
114,93.2831740379
115,111.67385149
117,113.592188835
120,96.5592875481
121,113.224707603
122,93.3478178978
123,112.939396858
126,111.877052307
132,113.077528477
135,104.960185528
137,104.110788822
138,94.133263588
140,94.3975334167
142,111.470244408
144,112.994452477
148,91.9999690056
149,113.422669888
155,93.2969102859
156,111.839197159
157,92.6464128494
162,112.559389114
163,93.7122569084
167,93.6819834709
172,115.947621346
179,113.999714851
180,93.3817634583
181,111.142088413
182,94.0167250633
183,113.576338291
185,113.575779915
187,112.42027235
188,93.9663739204
189,93.6400852203
191,93.954023838
192,111.911849499
193,93.6705989838
194,111.519802094
195,93.754734993
196,113.92107296
198,95.137234211
199,112.38265419
201,104.373615742
204,93.7324252129
205,105.969066143
206,93.0807256699
210,93.4690246582
211,104.044263363
216,112.534231186
219,116.306364536
220,93.5052900314
221,111.009331703
226,111.142088413
227,93.972237587
228,111.821619987
230,111.800742626
231,92.654987812
235,116.421798706
236,93.4440469742
238,111.803825378
242,105.02632761
243,93.8078641891
244,77.9553964138
245,112.367918491
247,112.548731327
248,93.0033950806
249,93.5732359886
250,112.89095211
251,93.4425444603
253,116.440441608
254,93.8953227997
256,93.4000272751
257,92.5041747093
258,112.714885235
259,93.1361174583
262,78.0351142883
266,93.0928821564
267,112.158432484
272,102.695562363
273,113.562494755
275,93.9895658493
276,114.78593111
279,94.1938266754
280,104.98960638
283,93.8217773438
285,112.155926228
288,113.568359852
289,92.6534314156
290,104.348971367
291,93.730846405
292,111.706461906
293,111.621248245
296,93.7635903358
297,112.024526596
298,114.644905567
299,94.1088213921
304,92.6400475502
305,81.4671673775
306,93.2038936615
307,111.311313152
311,109.05893755
313,111.297780514
314,92.9226799011
316,94.7161521912
324,93.0086379051
327,93.7919406891
329,93.4514117241
330,112.014231205
337,104.327894211
338,93.8037366867
339,104.607928276
340,93.4956822395
343,93.185356617
345,114.765877724
346,93.4945802689
347,112.103991985
349,111.916068077
350,93.6288452148
352,112.179176807
353,93.4915990829
354,77.7985489368
357,93.3926625252
358,112.02982235
362,112.285228729
364,113.739181995
365,103.726968765
366,94.2594213486
367,112.469363689
368,93.6984038353
370,77.7964720726
373,94.066344738
377,92.6293072701
378,111.481898308
382,103.402000427
384,111.728570938
390,93.3594360352
392,112.25587368
393,111.291017056
395,93.5521764755
396,105.31703186
399,77.9859447479
406,111.304128647
408,111.304128647
409,93.4575948715
410,77.7263438702
412,113.388219357
413,92.9470009804
419,93.4362630844
420,112.508943558
421,92.1486573219
430,98.5644445419
434,93.8970313072
436,93.7267155647
437,93.3378677368
438,92.4248971939
439,111.746357441
440,93.6662735939
443,112.656615734
446,93.8527235985
448,93.0187482834
452,93.8863301277
453,104.289533138
457,104.316281319
458,93.7675652504
459,114.286271572
460,103.91174984
462,105.463908195
464,103.68499279
465,116.740767002
467,116.681906223
471,111.742399693
472,77.7354791164
473,94.2518553734
475,93.8924546242
480,94.2396287918
488,111.583752632
490,111.308175087
491,103.582678318
492,77.9586346149
493,93.9387459755
497,93.4582238197
498,112.235657215
499,94.0861167908
500,102.976823807
501,93.74046278
502,111.769894123
506,81.6388921738
510,111.340482712
511,93.4931735992
512,93.3324952126
516,93.7159233093
518,93.4452548027
519,111.785396576
521,93.6570081711
522,111.868242264
526,112.491942406
529,94.0617818832
532,111.893795967
533,93.1884622574
536,112.519747734
537,99.2777738571
539,94.0463604927
540,103.892504215
541,93.8289551735
543,93.6724147797
546,113.044367313
547,93.232717514
548,77.8810863495
551,93.6911869049
552,104.035826683
556,104.266473293
557,93.9028878212
558,112.302809238
559,93.8297753334
560,105.543571472
562,106.051476955
566,93.1545519829
570,112.194206238
571,93.1769924164
572,104.964856148
573,93.8470840454
575,116.498301506
576,112.075532436
577,92.9179120064
579,92.7151927948
580,112.170165062
581,113.520443439
589,111.268097401
591,102.900362015
593,93.5601029396
594,103.760937691
595,94.2783560753
598,93.8964867592
602,111.758545399
604,113.038134098
606,111.732041359
608,94.5061206818
609,104.035357475
610,94.0650901794
616,111.709109306
617,94.0769524574
618,103.08904171
620,104.043255806
622,111.431835651
623,93.0020747185
624,114.2402215
626,111.724733829
628,112.016748428
629,93.7110033035
630,111.668841839
637,93.3992037773
638,104.646197796
643,94.2975244522
645,94.214676857
646,115.959365845
648,94.3065490723
652,93.7238211632
653,92.8795924187
654,112.201241493
656,112.969748497
657,94.2838020325
659,92.1535358429
660,104.152526855
663,92.8554592133
664,113.160768509
666,103.947357178
668,111.194472313
669,92.5511245728
671,94.2154202461
675,93.8929867744
677,93.0991168022
678,111.434814453
679,105.30495882
682,94.2262868881
685,103.752260685
687,93.6617970467
688,92.4815225601
693,110.855663776
696,93.6167244911
698,94.1121039391
701,95.0672512054
704,104.757379055
705,116.688817024
709,111.646222115
710,93.6841726303
711,104.131544113
712,94.1349859238
714,110.843147755
715,93.180539608
716,110.889829636
717,94.0155024529
720,115.110703945
721,93.7713775635
724,102.887188911
725,93.5565681458
726,111.758138657
728,111.675508022
731,94.1896338463
734,104.226340771
738,93.8356781006
745,111.273451805
746,93.359744072
751,77.9130170345
754,93.602809906
756,93.8195695877
758,94.0499563217
759,112.153378963
761,116.278737545
766,93.814016819
767,112.712217331
768,93.1505799294
769,112.744697571
770,94.0366692543
771,77.9683954716
772,104.214120865
773,93.5386705399
774,111.60104847
776,111.778079987
777,93.553399086
780,115.966407299
782,103.56938982
787,102.998394966
788,93.9122285843
792,93.737071991
793,112.880733013
798,93.7904558182
800,93.6898288727
806,110.941848278
809,111.764574051
811,112.519881248
812,92.9028940201
814,116.495650768
816,103.142372131
817,93.7714834213
818,109.234642982
820,112.092741013
823,93.5088047981
829,93.9980959892
830,111.661734104
831,92.5115017891
834,111.308796406
839,93.5282158852
841,77.8412084579
844,103.885296822
845,93.7816872597
848,93.7282590866
850,94.5131611824
851,103.622139931
852,92.6538486481
854,93.9436306953
855,94.3220763206
856,103.502006054
859,102.879770756
861,111.592180252
864,93.3952536583
865,111.461400986
866,94.3216881752
867,93.1183996201
869,94.0634388924
871,96.496366024
872,110.92777729
882,103.118109226
883,93.7128477097
885,93.5474367142
888,94.3695640564
893,110.842171192
901,110.847537994
903,103.306053638
904,93.7771778107
905,104.19072485
910,94.2611179352
911,111.253405571
914,112.181444645
918,111.627861977
921,93.1244616508
928,93.637237072
929,104.205294132
932,92.831410408
933,104.611958504
934,94.26531744
935,111.999457836
937,78.0108628273
939,94.0191087723
940,101.751921177
941,93.8433122635
942,103.363357067
943,94.106297493
944,103.584280968
947,110.933448315
949,111.827546597
951,110.908908844
952,93.7443466187
953,103.310139656
954,77.8974347115
957,111.700650215
959,92.5359520912
960,116.412057877
963,116.397962093
965,110.933448315
967,103.988315582
971,93.5114541054
972,77.9000756741
973,94.0305867195
974,111.961921692
975,94.0697007179
978,116.746205807
980,113.235030651
981,94.2110085487
984,112.51038599
986,94.270049572
988,93.2310328484
989,111.484659672
990,103.877851486
992,110.869499207
996,93.3980460167
999,112.857829571
1000,93.185731411
1001,111.412312031
1002,94.4715304375
1003,111.764758587
1004,92.612508297
1008,111.647895336
1009,92.1068615913
1010,105.623882771
1012,116.847780228
1013,92.866458416
1014,112.212173939
1015,93.4417290688
1016,116.432880878
1019,93.6483902931
1020,111.809073448
1021,94.2721838951
1022,104.74323988
1024,94.2740893364
1025,77.8402702808
1027,93.9346909523
1028,104.153015137
1029,93.8354883194
1030,93.6029720306
1033,112.799632072
1036,95.7937102318
1037,110.958729267
1038,93.6894369125
1042,94.0265755653
1043,103.094236851
1044,93.7832322121
1045,111.720256329
1047,114.025611401
1050,93.6465229988
1051,110.891387463
1054,93.6716480255
1056,94.214038372
1057,93.7003622055
1059,93.6616425514
1062,100.227350712
1063,105.007490158
1064,94.214038372
1066,94.0610966682
1070,103.939343452
1076,111.45177269
1077,99.3057250977
1078,112.104880333
1080,112.573642254
1082,111.662599564
1083,93.9417290688
1089,112.039164543
1091,94.0794014931
1093,93.9438290596
1097,94.0914793015
1099,93.2763981819
1101,94.6426696777
1103,93.9532785416
1104,111.611791134
1106,111.873208523
1109,93.1518464088
1110,111.790034771
1111,93.3594689369
1112,114.958040714
1114,94.2505803108
1116,93.6386160851
1117,112.079710007
1120,94.5769500732
1124,112.593242645
1125,92.7911553383
1126,112.520992756
1134,111.747188568
1137,93.5918531418
1138,112.781415939
1144,111.780098915
1145,94.8249111176
1146,93.7998681068
1148,93.823849678
1150,94.4777240753
1152,104.148514748
1153,95.5465364456
1154,103.895264626
1155,94.3139400482
1157,93.5751409531
1162,94.3670530319
1165,112.297635555
1166,93.5462779999
1167,104.460225105
1168,94.7141141891
1169,103.240756989
1171,115.921285629
1172,94.365547657
1173,103.240011215
1174,93.6811032295
1176,94.2420320511
1177,104.14397192
1178,93.4414229393
1182,112.267712593
1186,94.6380906105
1187,116.61470747
1188,94.1472177505
1189,115.934420109
1191,104.317676067
1192,94.3734445572
1197,112.438414097
1198,94.2420759201
1200,78.0045173168
1201,93.8003869057
1203,94.2182612419
1209,115.943541527
1214,104.304505348
1218,112.126298904
1222,94.3024506569
1226,95.6913928986
1228,94.2281250954
1230,93.8727045059
1232,78.0160944462
1233,98.3123874664
1236,114.902500153
1238,94.0153098106
1241,111.802981853
1244,104.793729782
1246,94.3382639885
1247,113.32286787
1250,112.449701309
1251,93.8018217087
1254,112.053769112
1255,93.6482820511
1256,111.715625763
1257,93.2251186371
1258,93.5174622536
1259,111.682348728
1260,94.0827865601
1263,111.691479206
1267,77.9871075153
1268,113.178309441
1271,94.2846727371
1272,111.750096321
1274,104.179151535
1275,94.3812932968
1276,111.678779602
1277,93.0479626656
1279,93.827466011
1281,94.0110030174
1282,94.1474843025
1283,113.156410694
1285,113.308952332
1286,93.4993691444
1289,112.463350296
1296,114.544284821
1299,94.6247458458
1301,94.4585790634
1306,93.2152051926
1307,93.4687805176
1308,93.7707705498
1313,111.681902885
1314,94.3993449211
1315,111.794594765
1316,94.0648126602
1317,111.685702801
1319,93.5461001396
1323,94.5921607018
1324,104.441977501
1325,93.9475178719
1328,103.733446598
1329,93.3483157158
1330,112.051990986
1331,93.8540692329
1332,104.159592628
1337,94.8063163757
1338,111.783429146
1339,93.4806303978
1340,112.44761467
1343,112.348003864
1347,103.933517456
1348,93.1753997803
1349,104.533621788
1352,93.6874027252
1354,94.3424725533
1359,112.649555683
1360,94.4679608345
1363,111.681532383
1364,93.7494668961
1365,104.243439674
1366,93.7816438675
1372,94.1035175323
1375,104.020398617
1376,93.7230415344
1378,95.7708764076
1379,112.850122452
1380,94.582224369
1381,103.217747688
1384,112.80314064
1387,94.7851161957
1388,112.765182972
1392,77.8001635075
1394,104.034172535
1395,94.1104178429
1396,111.703109264
1398,93.3841395378
1399,111.704630852
1400,93.6369605064
1401,93.9586324692
1403,95.9988260269
1404,112.2959342
1406,111.704630852
1407,93.8472313881
1408,111.36619854
1410,77.9804172516
1412,111.702033043
1413,94.1304092407
1415,94.527680397
1420,111.36741972
1422,111.976829529
1423,106.458229542
1424,111.36741972
1425,95.1687684059
1426,77.9804172516
1427,94.3119029999
1429,93.9620432854
1430,111.72262001
1431,94.3412871361
1432,104.37815237
1434,112.146043301
1437,94.2153878212
1438,104.685395241
1440,112.947595119
1441,112.834086895
1442,93.310836792
1444,112.536528111
1445,94.3366837502
1446,104.375265598
1448,92.875243187
1453,93.4667730331
1454,111.703312874
1455,94.3344202042
1456,115.236217976
1458,111.703312874
1459,93.3537364006
1461,93.5830335617
1465,94.7473506927
1466,112.155592442
1469,94.4011797905
1472,93.4662203789
1474,94.1372728348
1477,111.896060944
1479,111.895275593
1482,94.0660862923
1483,77.8763129711
1487,94.1518135071
1488,113.197785854
1490,112.729361534
1492,111.866778374
1494,115.935945988
1496,103.109024525
1497,93.8718409538
1499,95.0322360992
1502,93.4829854965
1507,111.629167557
1508,93.7085571289
1509,111.918624878
1511,93.540705204
1512,111.203446865
1513,114.284921169
1514,103.849170685
1518,112.36643362
1519,92.7615642548
1522,112.507383347
1524,77.9881007671
1527,93.3369717598
1529,93.4765405655
1532,104.328476906
1536,112.349249363
1537,115.96912241
1539,104.548444271
1542,113.130874157
1543,93.7390766144
1544,104.323298454
1545,78.502440691
1550,93.6583337784
1551,111.72870779
1554,106.098106384
1556,104.438490868
1559,93.0011982918
1560,78.0015125275
1562,94.2920541763
1566,92.5255737305
1567,112.033000469
1569,104.375029564
1570,114.831522942
1571,111.940973282
1574,93.718439579
1578,104.195750713
1580,93.4434742928
1583,113.652765751
1584,93.7177524567
1585,111.21094799
1586,94.9729905128
1587,112.111194611
1588,93.0279726982
1590,114.815258026
1592,102.932518005
1596,111.88326025
1598,111.743667126
1599,93.8161916733
1604,114.097405434
1606,102.297068596
1607,94.1414809227
1608,102.862428188
1609,115.946416378
1611,93.769985199
1613,94.4806842804
1616,94.0357356071
1619,113.330377579
1620,93.5038146973
1621,111.596675396
1622,93.3556480408
1625,111.4128232
1627,115.946416378
1629,112.657862186
1634,94.0775632858
1636,93.7468733788
1638,104.243198872
1639,93.1997756958
1641,94.3103060722
1643,94.066139698
1644,103.347295284
1645,115.956961155
1646,93.8056197166
1647,106.16463089
1648,94.3178138733
1652,93.4386696815
1653,112.79607439
1656,94.976729393
1658,93.8304519653
1659,111.745529652
1661,94.0053510666
1663,94.1372299194
1664,112.284759521
1665,94.2000160217
1666,104.437994003
1667,103.041390896
1668,78.0687351227
1669,102.919864178
1670,94.2999615669
1672,112.305571079
1674,112.460811615
1677,112.774686337
1678,92.9333496094
1679,111.4611063
1680,93.8482265472
1683,104.28401041
1686,104.323647976
1687,111.71604538
1689,113.037883282
1690,93.3046965599
1691,116.440267086
1692,112.843948364
1693,93.7011766434
1695,94.1080832481
1696,93.4468193054
1697,111.514502525
1700,104.436502457
1701,93.6974129677
1702,111.803798199
1703,92.4160852432
1704,112.767605305
1706,94.1750283241
1707,113.226980686
1708,94.584092617
1710,93.980073452
1711,104.276747704
1713,104.59883213
1717,103.926896572
1719,104.172317028
1720,93.9219684601
1722,94.4677867889
1725,103.645663738
1726,94.6099557877
1727,105.356208324
1729,112.172005177
1730,93.3758430481
1731,113.046409607
1733,104.435918331
1734,94.4200119972
1735,111.972825527
1738,94.5049510002
1742,93.6020622253
1745,112.472695351
1747,93.5338330269
1749,94.5983715057
1751,94.5615940094
1752,78.0102198124
1753,103.35047102
1754,95.326192379
1755,94.0279383659
1756,104.722045898
1758,114.08377409
1759,94.1798524857
1760,106.187552929
1761,115.822259426
1762,93.0808711052
1763,112.385911465
1764,92.6713376045
1766,94.4876022339
1768,94.3561167717
1769,78.2594347
1771,112.185183048
1772,94.5853800774
1773,104.656958103
1774,94.0323066711
1775,114.713615417
1777,113.725125313
1779,94.2936930656
1780,106.355125427
1787,93.5127167702
1788,93.7512898445
1790,94.8227667809
1796,112.593839169
1801,93.4985494614
1803,94.2903800011
1807,112.810329914
1809,115.830330372
1812,93.1634817123
1813,112.191262245
1814,96.4978199005
1815,112.457227707
1816,97.0921549797
1818,93.1279201508
1820,93.3215818405
1821,116.637515068
1822,94.9871740341
1825,93.2085227966
1826,104.26956749
1828,94.5210585594
1831,104.127565861
1836,114.154049397
1837,93.1193494797
1841,94.1496210098
1844,102.990651131
1848,93.2705206871
1851,104.542146206
1852,94.1558403969
1853,92.851006031
1854,111.044840336
1856,93.2230606079
1859,115.871581078
1860,94.5033454895
1861,78.1561198235
1863,104.345875263
1865,94.0358624458
1866,104.487561226
1867,94.3794722557
1868,93.2227134705
1872,94.1872677803
1879,93.5532050133
1880,103.581933498
1882,94.2854905128
1885,104.309262276
1887,103.579355717
1888,92.6718873978
1890,114.130887985
1894,94.3694143295
1895,103.056958199
1896,94.2138295174
1897,113.112830639
1900,114.151952267
1901,93.8973002434
1902,114.936728001
1905,93.0361938477
1906,111.22744751
1912,104.081384659
1915,94.4488854408
1916,104.313211918
1917,93.9448962212
1918,104.284348011
1920,78.0911283493
1923,94.9487452507
1924,104.259738922
1925,94.4920568466
1930,115.95437336
1932,112.354629517
1933,93.0196142197
1934,114.271660328
1935,93.7407002449
1940,77.9907693863
1941,94.0958433151
1942,111.509842396
1943,94.1475305557
1944,92.7792725563
1945,112.479013443
1948,115.991714001
1949,94.1848239899
1952,94.1920027733
1954,93.8717136383
1955,112.385238171
1958,94.1887583733
1959,78.1439323425
1960,112.304942131
1963,94.2922110558
1965,92.4030613899
1968,103.999155521
1969,93.7248983383
1971,94.2879037857
1972,112.463129997
1973,92.6833033562
1975,92.6580376625
1977,93.6694598198
1978,96.3976507187
1979,111.450484753
1981,92.807454586
1982,113.549968719
1987,112.013963699
1988,92.3787117004
1993,97.0949211121
1997,93.6189994812
1999,94.2731881142
2001,94.3246278763
2002,114.874721527
2003,93.888689518
2004,81.6464824677
2006,111.492803097
2007,93.7204070091
2009,106.780246258
2010,94.2297830582
2013,94.4968967438
2018,77.999212265
2022,104.417973518
2024,113.790017605
2025,94.1728396416
2026,104.778514385
2030,107.023983002
2031,93.539624691
2032,104.109035492
2033,94.1447229385
2035,93.9480638504
2036,112.176000118
2037,92.987347126
2040,94.3471879959
2043,116.628801823
2044,105.83417654
2046,104.353289604
2054,114.75737524
2055,94.2934627533
2056,106.218401432
2059,93.0275564194
2060,93.9092206955
2062,103.410808086
2063,113.190773487
2066,94.3941864967
2067,114.119757175
2072,97.3446383476
2073,112.909762859
2074,93.4466366768
2075,114.492627144
2076,93.8643555641
2080,93.705429554
2082,93.9110207558
2085,111.43819046
2087,112.648690701
2091,113.260044098
2092,94.3180880547
2093,106.218401432
2098,99.3171367645
2101,112.29370594
2102,93.2242074013
2103,77.9920823574
2105,104.450302601
2106,94.0761756897
2107,114.771718502
2110,94.0835371017
2114,94.2806181908
2115,111.126277924
2117,81.950776577
2118,93.0899977684
2119,104.087394238
2120,94.5867729187
2122,94.7231903076
2123,112.184461117
2126,94.4929461479
2127,103.822940826
2128,94.0916695595
2129,112.66218853
2132,96.4194107056
2135,104.295381546
2138,94.3253903389
2139,115.981156826
2141,111.463703632
2142,93.7851247787
2146,94.2675924301
2151,112.312236786
2157,103.480181694
2159,114.948811054
2162,94.245800972
2164,115.792476654
2167,100.798574448
2168,111.7958498
2171,95.867061615
2173,94.4668130875
2174,104.353385925
2175,93.6218533516
2178,94.1881375313
2180,94.432287693
2185,111.602592945
2189,94.0106706619
2190,112.982771873
2192,102.501241684
2194,114.823565483
2200,117.223945141
2201,94.3459792137
2203,112.494202614
2204,94.1075444221
2205,112.887145519
2209,111.920329571
2213,104.17343235
2214,93.9300670624
2215,112.240407467
2216,93.8919692039
2218,93.4119009972
2219,104.461426258
2220,94.693479538
2222,92.3461999893
2223,111.829327106
2225,112.064173698
2226,94.1011257172
2230,93.3684763908
2233,112.748851776
2234,112.164191246
2235,94.1043510437
2236,78.0124518871
2237,92.7736873627
2240,114.795499802
2241,94.1510734558
2248,104.159368515
2249,94.1180167198
2250,111.885004044
2252,111.74862957
2253,94.4051446915
2254,111.827292919
2256,77.8861060143
2258,94.141808033
2259,112.768317223
2262,94.376408577
2265,94.1599345207
2266,104.609644413
2269,93.3766751289
2271,94.1786904335
2273,93.3426618576
2274,111.374608994
2275,94.2356567383
2277,93.9051208496
2279,94.1071534157
2280,77.9911782742
2282,94.4397854805
2283,103.022629738
2288,93.3674302101
2289,113.163197517
2291,94.5922651291
2292,115.971201897
2297,94.7783513069
2298,104.255838871
2299,93.9925174713
2300,113.057888031
2301,93.4781675339
2304,94.1583294868
2305,103.669967175
2306,94.3790535927
2308,93.4698634148
2309,112.857239246
2311,94.3895187378
2312,103.971523762
2316,103.238642216
2321,104.24403286
2322,110.970924854
2325,103.945107937
2326,93.8400158882
2329,115.971201897
2330,93.6546702385
2331,103.881435871
2332,112.845183372
2333,94.3817110062
2334,103.054049969
2335,111.706614494
2337,114.313997269
2338,98.0301713943
2340,112.839616299
2342,95.3118696213
2345,93.6057190895
2349,94.7340512276
2351,77.9034538269
2352,94.5800714493
2354,111.703959942
2355,114.523270607
2357,112.044960499
2358,93.5116915703
2360,94.322078228
2361,111.703959942
2364,93.6433262825
2366,94.4385151863
2369,104.287335396
2370,93.9585728645
2371,112.13354826
2373,116.494356155
2374,94.4576368332
2376,112.149704933
2378,111.806852341
2382,94.2415122986
2383,92.947095871
2386,103.409554482
2387,94.3617243767
2389,94.2238888741
2390,113.720185757
2392,93.2426204681
2398,112.825135231
2399,94.4938545227
2400,94.3251948357
2401,111.513262749
2402,94.0323162079
2404,94.2056493759
2407,113.170701504
2408,112.14419508
2409,114.410087109
2412,81.8812241554
2413,94.4202284813
2415,93.7952408791
2420,111.721782684
2422,93.829205513
2423,102.732732773
2426,93.4512343407
2432,94.3065466881
2434,93.9406919479
2435,94.2936649323
2436,111.632102966
2438,111.671979904
2440,111.715278625
2443,93.0359163284
2444,93.7559437752
2447,104.158345699
2450,94.1905522346
2454,94.1140594482
2455,111.988517761
2459,94.4045267105
2460,111.557825565
2463,93.625679493
2465,93.9138150215
2468,77.9752008915
2469,94.0840148926
2474,93.149477005
2478,93.5341982841
2480,93.6666765213
2481,114.815490723
2489,94.4448728561
2490,104.651864529
2492,93.9044280052
2496,94.3967547417
2497,113.253744602
2500,94.507956028
2505,94.4654426575
2507,96.5234293938
2508,112.870401859
2509,94.0709142685
2510,78.8601944447
2513,92.8364915848
2515,94.4536166191
2518,92.9867658615
2519,112.243944645
2520,92.9867658615
2521,114.831795692
2523,111.778709888
2525,93.3671498299
2529,111.9729352
2530,93.2738142014
2533,112.130202293
2535,92.484498024
2538,102.784231663
2544,111.480724812
2553,111.806105137
2556,93.4162101746
2558,92.4450101852
2559,117.350124836
2560,93.396935463
2561,110.911959171
2562,92.7948584557
2563,112.3262887
2564,93.5665850639
2565,111.192248821
2567,104.29729557
2572,93.7276148796
2575,94.1823120117
2576,113.589108944
2577,92.9765834808
2578,94.4040827751
2579,111.973938465
2580,93.7277784348
2582,113.793282986
2583,94.4643125534
2587,93.5479402542
2589,111.339313984
2590,93.9860053062
2591,111.97557497
2594,93.1410970688
2597,93.3732361794
2598,103.533520222
2599,92.0803794861
2600,102.249611855
2602,111.489020824
2603,93.7283625603
2604,103.668871403
2606,110.624215603
2607,77.8641431332
2608,94.0621533394
2613,112.005008698
2614,93.8312811852
2615,111.286313057
2617,112.59132576
2620,95.1689763069
2623,111.35197401
2624,94.0588665009
2627,112.003263474
2629,77.8582997322
2630,93.498187542
2632,93.5908651352
2636,94.1473636627
2639,94.2638483047
2640,103.550881386
2642,111.958113194
2644,103.758283138
2646,109.974544048
2647,94.7293949127
2649,93.3019032478
2650,105.815152645
2652,103.415774822
2653,102.229508877
2655,108.048979282
2657,111.194625378
2659,110.810293674
2662,92.8425335884
2663,114.30769062
2664,93.6524553299
2665,103.323155403
2670,92.9479408264
2671,103.589597702
2672,91.7859535217
2675,103.415774822
2677,110.047355175
2679,111.741677284
2683,111.811084747
2684,93.714413166
2685,93.3528428078
2688,103.460947037
2689,94.0817065239
2690,103.470373631
2693,94.146048069
2694,111.326771736
2697,101.282417774
2699,93.948161602
2703,92.5092930794
2705,103.262150764
2709,78.2443070412
2710,93.8628745079
2711,111.323347569
2712,92.5555605888
2713,93.672586441
2714,112.672450542
2715,92.8037614822
2717,93.3404994011
2718,112.411205292
2720,110.844792366
2721,93.6989645958
2726,93.5761404037
2728,93.6750788689
2731,103.434119701
2732,110.778900623
2734,93.1722712517
2736,102.869763851
2737,93.1301631927
2738,102.507380486
2739,114.609045029
2746,93.5582203865
2749,102.297178268
2751,116.039062977
2752,104.064721107
2753,93.3021183014
2757,104.403604507
2758,93.4584560394
2759,110.988056183
2760,94.0361351967
2762,110.84261179
2764,93.0895581245
2765,111.818076611
2769,112.378635406
2771,112.28353548
2774,93.1794514656
2776,92.4405794144
2777,112.002639771
2778,93.0431809425
2779,111.49585247
2782,92.1410627365
2784,95.1292147636
2787,92.6239900589
2789,92.1388468742
2792,93.589389801
2798,94.0210504532
2799,103.658895493
2800,93.7087397575
2801,78.0297241211
2802,92.4310984612
2804,92.9015040398
2807,103.384115696
2808,93.5542187691
2809,116.869844437
2811,114.281737328
2812,93.6669492722
2814,92.4440927505
2816,93.7572088242
2817,112.847635269
2818,110.907476902
2820,111.113129616
2821,78.0011262894
2822,93.8226423264
2823,103.47048378
2824,93.5086870193
2826,92.0662288666
2829,93.1693778038
2834,93.7437729836
2835,77.8353283405
2838,93.8489727974
2839,110.916894436
2840,94.0685777664
2841,110.436491489
2842,94.0941777229
2846,111.984453678
2848,93.7864427567
2849,93.8192806244
2850,112.610307693
2851,94.0303106308
2853,93.0939106941
2854,111.925444126
2858,113.202867031
2861,94.0205192566
2864,93.2050485611
2865,114.326473236
2866,110.888926506
2867,93.868461132
2868,112.193249226
2870,110.821812153
2877,94.2334866524
2878,111.991275787
2880,111.198467255
2882,77.8491559029
2883,93.7537770271
2884,103.339938164
2885,93.9857525826
2887,94.1165442467
2888,110.740169525
2889,94.0061702728
2890,103.662799835
2891,94.1140875816
2892,115.117827892
2893,93.6498227119
2898,113.782932758
2899,93.557352066
2900,113.871291637
2901,93.7698335648
2909,94.2768716812
2910,111.094343662
2911,110.924557686
2913,111.803749084
2914,94.9347863197
2918,93.2034091949
2919,111.279678345
2920,93.0274677277
2921,111.979640484
2922,92.5669870377
2923,102.944534779
2925,111.793405056
2926,93.4994864464
2927,112.120746613
2929,111.225853443
2933,93.1320877075
2934,111.611452579
2936,112.08958292
2941,102.979997635
2942,93.7391295433
2943,111.342891693
2945,104.489677429
2950,93.2923583984
2951,111.886637211
2953,116.709904671
2954,94.112101078
2955,104.143002987
2956,94.4690580368
2960,94.3118052483
2962,94.7533450127
2963,107.046475887
2964,104.043180466
2966,77.9826683998
2967,94.2538838387
2968,111.679112434
2969,93.4265217781
2971,92.8410286903
2972,94.690112114
2974,94.8046579361
2975,112.07463932
2977,116.015295506
2980,112.090852737
2981,93.1519842148
2983,94.2537126541
2984,104.368799686
2985,115.986703396
2986,103.899383545
2987,94.6983275414
2989,93.3627290726
2990,112.042432785
2991,94.7412996292
2992,77.817898035
2995,101.556422234
2996,103.383620262
3002,113.603675842
3004,113.446255684
3005,116.371856213
3006,94.4548659325
3010,94.0032629967
3011,103.412199974
3014,93.1132659912
3015,94.1281089783
3016,94.1894221306
3017,113.637394428
3018,93.3683214188
3021,103.055089474
3024,104.236557007
3028,93.4355611801
3030,93.0385608673
3032,93.8007807732
3039,93.9133634567
3040,104.745261669
3041,94.5065279007
3043,93.8915596008
3044,111.470009804
3046,111.335794449
3055,94.6911053658
3056,112.80279398
3058,92.9265704155
3059,111.291533947
3061,116.800265312
3063,104.195926666
3066,94.494931221
3067,104.233868599
3068,77.9815080166
3069,93.814538002
3072,114.555704117
3073,112.57913065
3074,94.4770407677
3077,93.1839489937
3082,94.094783783
3084,101.544606686
3085,112.588789463
3088,104.295967579
3091,93.626057148
3092,113.468126297
3093,94.1300973892
3094,103.676606655
3096,112.103701591
3097,93.3092603683
3098,77.9833683968
3102,114.59181881
3106,93.6231942177
3109,93.8945131302
3111,93.0408859253
3112,116.422204018
3113,93.889652729
3115,95.0956244469
3116,112.040557384
3117,94.4300737381
3121,112.558829784
3122,93.933786869
3123,94.4034376144
3124,104.448785782
3125,94.1870088577
3126,102.879450321
3127,115.033547401
3129,93.3540849686
3130,112.471081257
3132,104.649387836
3134,105.195941925
3135,94.8035469055
3137,77.8536701202
3138,94.2576227188
3140,92.488181591
3144,112.735916615
3145,94.427382946
3146,111.96316433
3147,93.8579320908
3148,104.276544571
3149,104.30053997
3150,112.269426346
3151,93.6808199883
3152,94.4690127373
3155,95.4001750946
3156,113.422875404
3159,92.6682100296
3161,94.2772264481
3162,104.68109417
3163,93.9265980721
3165,102.281653404
3172,94.5105929375
3173,112.665452003
3176,93.8407144547
3177,104.014967442
3179,112.025604248
3183,93.5892448425
3186,94.5670275688
3187,103.659666538
3189,111.991946697
3190,93.9972567558
3192,115.00812149
3193,94.5077400208
3194,112.993689537
3197,94.2776379585
3198,94.0737867355
3200,93.9728512764
3201,116.54642868
3202,94.074739933
3204,94.5597572327
3205,92.8200144768
3206,113.747302532
3208,104.225694656
3210,102.828913212
3211,94.7959856987
3212,116.849617481
3213,94.0228734016
3214,112.77629137
3216,104.277755737
3219,93.5031242371
3220,111.712427616
3221,93.8980612755
3226,107.147352695
3227,94.6325249672
3228,111.786099434
3229,93.7156758308
3232,77.9441375732
3233,93.3044610023
3234,94.1406712532
3236,94.0062599182
3238,112.017343044
3239,111.630046844
3240,94.6839184761
3247,111.685439587
3249,102.894109249
3252,114.999998093
3253,94.1485433578
3254,103.498030663
3255,93.9753065109
3256,113.935180664
3257,93.9035615921
3262,94.5037646294
3263,104.089041233
3264,94.4836759567
3266,113.079377651
3267,92.6485571861
3269,94.5253548622
3272,115.964972019
3274,94.2820491791
3275,104.966506481
3277,94.1672143936
3279,96.1076359749
3280,104.324932098
3283,94.0165185928
3285,94.5531587601
3287,92.4753260612
3288,104.231330395
3290,104.493346691
3291,93.0277042389
3298,111.470000267
3299,93.2320365906
3302,114.610033035
3303,93.9253172874
3304,105.279933453
3307,93.589700222
3309,94.4384684563
3314,77.9815080166
3316,113.860266209
3317,94.358631134
3319,93.8677530289
3320,111.893413067
3321,94.4254851341
3322,104.353822708
3324,94.9239878654
3326,93.315182209
3329,111.428696156
3330,93.34344244
3331,111.712267876
3335,116.449546337
3337,93.8422579765
3338,103.883543491
3339,93.818365097
3340,111.667283058
3341,93.7794961929
3343,93.7341156006
3346,93.8913621902
3348,94.0356183052
3351,104.063259125
3352,116.011165142
3355,92.451672554
3356,113.257285118
3358,104.039131165
3359,93.930586338
3360,110.797889709
3371,112.297584534
3372,93.9143452644
3374,94.3312301636
3377,112.054842472
3378,92.982673645
3380,103.984241009
3382,94.1522264481
3386,93.7500424385
3389,111.605205059
3391,104.167200565
3393,94.1877408028
3394,104.242555618
3395,93.2125697136
3397,112.049261093
3398,94.0579724312
3399,77.9696264267
3400,93.9095840454
3404,103.937015057
3407,111.743936062
3409,105.041858673
3419,94.1256065369
3421,93.2041268349
3425,93.756726265
3427,77.9535179138
3428,115.992950916
3429,111.676512241
3431,94.9064655304
3435,93.7549510002
3436,111.963749886
3439,96.7477593422
3441,95.8790612221
3442,116.002104759
3443,94.374206543
3444,103.313736916
3445,93.8772177696
3446,113.514578819
3449,92.6351389885
3453,93.3815689087
3457,93.8785271645
3460,104.029087067
3461,93.6823606491
3462,93.5876421928
3464,104.029891968
3465,77.9781267643
3466,94.1164178848
3467,103.999072075
3468,93.7456073761
3469,104.663927555
3470,102.877012253
3472,111.970519543
3473,96.6459999084
3475,92.5402412415
3476,111.329865456
3478,104.280454636
3479,94.0321302414
3483,93.0460019112
3484,103.814016819
3485,94.3109722137
3487,92.7529435158
3488,111.73547554
3496,111.676633835
3497,93.8282756805
3499,94.3512625694
3500,77.9578938484
3501,94.493229866
3504,93.3632702827
3508,105.006018162
3511,93.5857934952
3512,113.887756348
3515,93.3985719681
3517,93.8375754356
3518,103.923555374
3526,112.957042217
3528,117.975297928
3529,92.5113210678
3530,111.706692696
3531,92.8664793968
3532,113.057993412
3533,93.8041195869
3534,93.7047801018
3535,77.804182291
3536,93.3671317101
3537,111.761722565
3538,92.9587945938
3539,111.817440033
3540,104.507787704
3545,111.67884016
3546,93.4681739807
3550,104.64117527
3551,93.8540940285
3553,94.2483077049
3554,104.030642986
3557,92.6245865822
3558,111.865629196
3559,92.6265182495
3561,93.4273004532
3562,111.998142719
3563,93.7941699028
3564,104.062222481
3565,93.8819465637
3567,93.8951067924
3571,104.062222481
3572,93.8752512932
3574,94.231235981
3576,93.1646409035
3577,111.977025032
3578,94.4159221649
3579,92.9879608154
3583,93.2995405197
3585,94.1777920723
3586,104.3198452
3587,111.74416399
3593,93.8867073059
3594,111.592451572
3595,93.7546224594
3599,93.952152729
3600,104.246819973
3601,111.933339596
3602,92.6304626465
3604,93.8867759705
3609,116.004938126
3610,111.756063461
3612,111.804877758
3614,116.701892376
3615,93.7688741684
3617,96.5810132027
3618,111.692564011
3619,112.045203686
3620,111.756052017
3621,93.4607219696
3625,94.1790838242
3626,103.235774994
3630,102.932826519
3631,93.6966032982
3632,104.94649744
3633,93.7161178589
3634,111.899119377
3637,92.6104831696
3639,94.5634460449
3640,113.397493839
3641,93.6412549019
3644,114.00885725
3645,93.2607107162
3646,93.3974022865
3647,92.4656362534
3648,111.999777794
3653,112.04539299
3654,94.1026592255
3655,112.925070763
3659,103.042020798
3660,94.2876057625
3662,111.859766006
3666,93.7673149109
3668,93.1063885689
3671,94.7323684692
3673,93.7322201729
3674,111.604513645
3675,93.5901837349
3681,93.3903613091
3682,112.032855511
3686,112.089230061
3687,93.5696911812
3692,77.7766814232
3695,111.839416027
3696,94.0262188911
3699,113.566626072
3705,113.531128407
3707,77.9014630318
3708,94.3994050026
3709,112.005672932
3710,93.8372335434
3712,95.3037900925
3715,111.997313023
3716,92.9497284889
3720,111.477155209
3722,77.9014630318
3726,93.8749375343
3728,96.2616014481
3729,112.239182949
3731,102.678693771
3735,112.946634769
3736,93.9225463867
3739,101.915668488
3741,110.631806374
3743,103.300504208
3744,93.6916003227
3745,111.862076283
3746,93.1965174675
3751,93.0201172829
3753,92.8979482651
3760,110.815560818
3761,92.7375588417
3762,110.215325832
3763,93.2008705139
3765,93.4452786446
3768,110.902376652
3769,92.6364946365
3770,104.524133682
3773,110.799494267
3774,93.7716503143
3776,92.9443984032
3778,92.3192558289
3779,110.465355396
3780,91.9867925644
3781,110.458655357
3782,93.601685524
3783,111.03807354
3784,92.103099823
3786,92.7340922356
3789,109.731434822
3790,92.6142444611
3793,111.542784691
3795,110.82175827
3797,92.9183707237
3798,115.409039021
3800,110.917910576
3804,94.0753073692
3810,93.2563290596
3815,110.931677818
3816,94.0744204521
3818,102.36752367
3824,111.021501541
3828,101.854306698
3830,110.326476574
3831,92.8626742363
3832,77.7925441265
3834,110.916675091
3835,93.4304323196
3836,110.971398354
3838,93.7759895325
3839,114.481170177
3840,111.103780746
3845,92.9291825294
3846,110.164034843
3847,93.4440684319
3849,77.7968754768
3853,110.699653625
3855,104.360199451
3856,93.3460497856
3864,77.9473984241
3865,93.3394188881
3866,111.20480442
3867,91.9411211014
3868,110.913579464
3869,93.562230587
3871,92.2976121902
3875,102.086062431
3876,95.705329895
3878,92.8221349716
3879,110.656040668
3881,110.914731503
3883,110.730828285
3884,93.0698165894
3886,111.039986134
3890,93.7895507812
3893,109.187729359
3897,103.79443121
3901,92.6160697937
3902,109.935723782
3913,111.150161266
3914,92.4163389206
3916,92.3821516037
3917,110.7491889
3924,103.684009075
3925,93.2084980011
3928,94.0207409859
3929,110.919235229
3932,92.2443709373
3933,103.551963806
3934,77.865871191
3935,92.2191877365
3936,93.9224505424
3937,110.39346838
3938,93.6441707611
3939,110.917431831
3943,92.5748739243
3944,111.058775425
3945,110.872006416
3946,93.6124415398
3947,111.087956429
3948,93.2987260818
3949,110.994441032
3950,93.5658535957
3951,110.852348328
3952,92.5585775375
3953,110.742729664
3961,113.759199619
3962,93.2344193459
3966,93.7191390991
3967,103.311517715
3968,94.1096057892
3969,111.176986694
3970,94.0057501793
3971,103.960432053
3973,90.7309064865
3974,110.964932919
3975,111.270040989
3977,94.2043833733
3979,111.18078661
3985,93.5853624344
3986,103.404807568
3988,110.928380966
3991,93.1037230492
3992,103.353882313
3993,92.6955509186
3994,93.6767916679
3995,111.948732376
4005,111.082792282
4007,92.964073658
4008,103.408541679
4009,93.2437477112
4010,111.03477335
4011,77.910243988
4012,92.1312994957
4013,103.982439995
4015,110.906392574
4016,110.784375191
4018,110.900281429
4025,94.1947102547
4026,111.913797379
4028,112.702865601
4029,94.4224829674
4031,95.0401391983
4032,110.94901228
4033,91.9291381836
4034,104.063112736
4037,91.92552948
4038,103.399240494
4039,93.6145792007
4041,93.6540136337
4042,110.348564625
4043,93.823328495
4044,103.549550056
4045,93.1036419868
4046,113.041138649
4047,95.4103426933
4048,104.282701492
4049,94.0809636116
4051,93.1463298798
4052,111.49653101
4058,103.351859093
4062,109.913297176
4064,110.241792679
4067,92.8047680855
4068,77.8102939129
4070,94.2437262535
4072,115.809844017
4074,111.060058594
4075,92.6672401428
4076,110.959224224
4077,92.9638762474
4078,111.631773472
4080,103.551433086
4082,110.103740215
4085,93.4777975082
4086,111.942679882
4088,111.931585789
4089,93.1138424873
4092,77.8480391502
4094,92.3602175713
4095,110.894124985
4096,93.226752758
4097,102.9492836
4102,93.683701992
4105,112.036699772
4107,110.967980862
4111,93.3426337242
4112,103.845854282
4113,93.3091268539
4114,113.134813309
4115,93.1824612617
4116,110.797742367
4117,93.4582147598
4118,94.07918787
4119,110.803369045
4120,94.4636487961
4122,78.0079126358
4125,93.6142911911
4126,111.37206459
4129,110.86298418
4134,110.737987518
4137,93.9288892746
4141,103.415921688
4142,93.9757342339
4144,93.9201350212
4145,103.686281204
4146,94.6298046112
4150,93.2938232422
4151,77.7525453568
4154,92.8118367195
4156,93.8360562325
4157,110.907025814
4159,110.786170959
4160,93.7244119644
4161,110.75395298
4168,93.7877187729
4171,103.445198536
4172,105.273100853
4173,94.1102342606
4175,92.5075592995
4176,103.549978733
4177,93.9221696854
4178,101.759656906
4179,93.3634376526
4181,111.878530025
4183,94.4227752686
4184,111.226558685
4185,93.4917988777
4186,110.735586166
4188,116.771897316
4190,110.828849792
4192,93.7602071762
4193,109.448605061
4194,111.922236443
4195,94.0509390831
4196,77.8118038177
4202,94.314371109
4203,103.966701984
4208,93.3281383514
4209,113.026751518
4210,92.8615503311
4211,109.971364021
4212,116.621679306
4214,103.583026886
4215,92.9699268341
4216,110.940861225
4217,93.0670204163
4219,93.8199701309
4222,110.395274162
4224,77.9521911144
4231,103.511137962
4232,94.4242892265
4234,92.4059772491
4236,93.9122695923
4237,103.400594234
4240,93.3092999458
4242,103.904676437
4243,93.1759519577
4247,93.4849834442
4248,110.848413467
4249,91.6775946617
4254,103.00447464
4263,93.5145316124
4265,110.695263863
4267,112.754714966
4268,110.915759563
4271,111.000473976
4272,93.511300087
4273,110.798035622
4274,92.8153758049
4276,92.7036986351
4278,93.781103611
4280,93.8822078705
4281,110.858489037
4283,93.7888426781
4284,110.849844456
4285,93.8570079803
4286,110.855199337
4287,96.2126126289
4288,114.497589111
4289,93.2947049141
4290,81.5410580635
4293,93.2069630623
4296,110.894536972
4297,92.9287233353
4299,92.9471940994
4303,115.361273289
4310,94.324532032
4312,103.650294304
4318,103.65866518
4320,112.712575912
4322,92.554456234
4323,116.198844433
4325,104.116040707
4326,111.721684456
4328,104.145800114
4330,104.06758213
4332,110.900710583
4333,93.8267359734
4335,92.4647922516
4336,112.082837105
4338,104.393611908
4341,93.7100453377
4342,103.919939995
4344,103.55380106
4347,94.1968297958
4348,103.883974552
4351,106.591984272
4352,93.1207146645
4353,111.767960548
4355,103.348571301
4356,93.7373733521
4359,103.273372173
4360,93.7913775444
4361,93.4215478897
4364,93.6615524292
4365,103.886061668
4368,94.0385808945
4372,94.0779566765
4374,94.1629252434
4376,93.6555261612
4377,103.601019382
4380,94.2176623344
4383,105.112040997
4384,93.9017329216
4385,103.359631062
4389,92.8497881889
4391,93.4014334679
4392,111.534248829
4393,92.8636279106
4395,92.6681060791
4396,112.052398205
4398,113.545005322
4399,105.601670742
4401,92.5073952675
4406,94.1965789795
4408,104.023023129
4412,103.891332626
4415,94.0330204964
4418,112.487834454
4419,94.1669836044
4420,77.9528987408
4422,111.947579861
4423,94.1699204445
4425,93.5005517006
4428,112.372131824
4431,111.756818295
4434,92.7089247704
4436,93.7609767914
4437,110.858175755
4439,116.592778206
4440,93.6773252487
4441,112.00952673
4444,94.2148199081
4445,104.07094717
4446,93.2249765396
4447,113.671676159
4452,103.856291771
4456,112.574020386
4457,93.6932463646
4458,111.728271961
4460,93.7527651787
4461,116.878420353
4462,94.4161896706
4465,103.069391727
4466,103.571124077
4468,94.1282076836
4469,104.210429192
4472,112.367687225
4475,93.7076339722
4478,92.9982476234
4479,111.704975605
4480,93.5805740356
4483,77.938387394
4484,93.0629253387
4485,104.127472878
4486,94.3796858788
4488,92.9097008705
4489,104.165906906
4490,94.1074113846
4491,104.47018671
4492,93.7708473206
4493,106.415392399
4494,93.4505338669
4495,102.667698383
4498,77.9036254883
4499,94.4241495132
4500,102.746868134
4503,111.548072815
4505,103.175272942
4506,94.3417468071
4507,93.6490917206
4508,103.681314468
4510,111.720632553
4511,93.0079536438
4513,94.3367433548
4516,78.0020432472
4519,93.6328248978
4521,93.264526844
4531,92.5467700958
4532,78.0358355045
4533,96.9320635796
4534,112.18736124
4536,103.687847137
4537,93.6913409233
4539,94.0499367714
4542,102.979491234
4545,93.3306121826
4549,92.8687410355
4551,93.3969202042
4554,103.572110653
4556,111.867037773
4559,112.656479359
4561,111.668232441
4562,110.581460953
4566,113.875182629
4569,92.8015756607
4570,111.933328629
4573,93.7912607193
4574,103.282645226
4575,93.6324343681
4577,93.6859149933
4578,110.916917801
4580,111.748889923
4582,93.0996108055
4583,111.878091812
4585,93.9849920273
4587,103.687847137
4595,93.3837747574
4596,113.743107796
4601,93.8612008095
4602,110.912885189
4603,94.2150492668
4605,111.433272839
4606,93.8845620155
4607,115.4784832
4608,93.8105535507
4610,94.1440606117
4613,103.603279591
4617,93.6419324875
4618,110.870661736
4619,93.7340197563
4620,93.5768375397
4622,99.6755714417
4625,93.7730298042
4626,103.703830242
4627,94.1387562752
4629,92.8893728256
4631,93.0010523796
4633,103.703830242
4634,116.252318859
4635,93.3670368195
4639,93.360347271
4640,104.298272133
4642,103.444869518
4644,111.2434268
4646,103.703830242
4647,93.8558998108
4648,78.0344312191
4649,92.5473155975
4650,111.70736742
4655,92.8809390068
4660,92.7635030746
4661,115.714118481
4662,91.9195699692
4663,112.538642406
4665,94.0545220375
4666,111.511044025
4667,103.68196106
4668,93.6255698204
4670,92.9788589478
4671,111.771986961
4672,94.134806633
4673,103.424628735
4675,104.044781208
4676,93.7746081352
4677,111.362932205
4680,93.7782716751
4682,93.6248278618
4683,114.052284241
4685,103.899889946
4686,93.4250469208
4688,113.807207584
4690,112.250308514
4692,113.202183247
4693,93.8341441154
4697,93.992017746
4700,111.681391239
4702,111.77612114
4707,116.046565056
4708,93.9875512123
4710,78.4844698906
4716,95.4949402809
4717,94.3213734627
4718,94.1438508034
4720,94.2431344986
4721,78.8470237255
4723,94.2366628647
4726,112.689008713
4727,93.0051569939
4729,93.9712891579
4731,94.3306736946
4732,116.650133133
4735,94.3338413239
4736,104.432768822
4737,94.5871067047
4738,111.969027996
4739,111.872387409
4744,104.347360611
4747,94.0410513878
4749,114.414990902
4750,93.9875049591
4752,113.851134777
4755,94.6569652557
4756,103.812589169
4757,112.939304829
4758,93.5106925964
4759,102.981780052
4763,94.1681861877
4764,103.349882603
4765,93.9561433792
4766,93.7926692963
4767,114.387469292
4769,111.864801884
4770,94.350918293
4771,78.208268404
4772,104.295595646
4774,114.661814213
4776,114.545479774
4777,111.652132034
4778,94.5895252228
4780,94.4345641136
4784,93.6506376266
4786,94.5797657967
4787,78.0466592312
4788,94.8023533821
4789,113.845469475
4791,104.619173527
4792,94.0950436592
4795,111.837369919
4796,93.0325584412
4803,93.1884346008
4805,95.6980071068
4807,94.0010538101
4809,94.1276345253
4816,93.8310585022
4817,80.1098754406
4818,92.9000248909
4820,94.2172031403
4821,103.606865883
4823,112.867554188
4824,95.9583396912
4825,111.810099602
4829,102.968311787
4830,96.0557074547
4831,114.841036797
4833,104.756302834
4836,93.7770495415
4837,113.794272423
4838,93.0749783516
4840,98.0345315933
4841,78.1309397221
4842,92.7360062599
4843,113.885684013
4844,93.713722229
4849,107.573981762
4851,105.383841038
4852,94.755302906
4858,93.579226017
4860,96.0398769379
4863,113.126591682
4864,93.9095726013
4865,111.176909447
4867,112.834428787
4868,94.9461760521
4869,112.010082245
4873,93.4964752197
4875,96.361656189
4876,113.731752396
4877,92.672768116
4878,112.003554821
4880,78.04063797
4886,113.078304291
4888,104.370788097
4889,94.3997163773
4890,114.570761204
4893,94.1000947952
4895,93.8556718826
4896,103.920453072
4899,94.8509235382
4901,94.1705527306
4902,111.734690189
4903,93.7621994019
4904,113.828198433
4910,93.6320466995
4912,93.58670187
4915,94.4504404068
4916,104.462576389
4917,93.905441761
4920,104.288058281
4927,104.255898476
4928,93.6504468918
4931,104.258963585
4934,93.7516174316
4936,95.0239629745
4939,117.143728733
4942,116.314478397
4943,95.6967253685
4944,102.830032349
4945,94.1111383438
4947,111.74891901
4948,93.3606553078
4951,94.1109986305
4952,113.831439018
4953,93.503578186
4956,93.7710342407
4957,114.972164154
4958,94.2756023407
4960,93.0580396652
4968,94.4166345596
4969,104.44158411
4971,103.871371269
4973,114.608472824
4975,115.273409843
4976,93.8750557899
4978,94.0170049667
4979,113.182843208
4982,94.3672795296
4983,111.652629852
4984,95.2117986679
4985,116.074491978
4986,94.4713959694
4987,114.812440872
4988,94.6173372269
4994,93.8711571693
4995,94.6125569344
5002,78.917276144
5004,94.1248617172
5005,102.678692341
5006,94.4269981384
5007,103.612886429
5009,112.703159332
5011,114.596003532
5014,94.4647054672
5015,104.559232712
5018,93.690310955
5019,111.875378132
5020,93.6544342041
5021,111.709670067
5022,96.2169046402
5023,94.5760555267
5025,95.7909750938
5032,95.5289592743
5034,94.0162715912
5036,93.1888289452
5038,94.2253246307
5039,115.923022747
5046,94.5933427811
5049,111.867595196
5051,94.6647953987
5052,93.0986771584
5053,114.637506962
5054,94.5824127197
5055,94.4886064529
5057,94.0179667473
5059,93.9507303238
5062,97.5002975464
5063,113.480008602
5065,113.889639854
5069,94.1103076935
5071,94.3809609413
5074,115.150986195
5075,93.3533973694
5076,115.682258129
5077,78.0403647423
5079,104.459285259
5080,94.3611516953
5081,113.749091148
5083,104.267885208
5088,104.233565331
5089,94.0408697128
5093,111.659247398
5094,103.714903355
5095,94.7311177254
5099,111.671640873
5101,112.473184586
5103,102.938549042
5104,93.3548154831
5105,111.558792591
5107,93.8671965599
5108,113.523882389
5109,93.5517573357
5111,94.1473608017
5112,111.68562603
5113,94.2356109619
5114,110.869133472
5115,94.4347424507
5118,94.4024324417
5122,94.4690914154
5123,78.0327348709
5125,93.7166166306
5127,104.032912254
5128,93.9975090027
5129,114.323182106
5132,94.5267419815
5134,113.124361992
5135,93.9371371269
5137,112.017174721
5142,93.2052745819
5143,103.480117798
5144,94.1505446434
5148,93.955063343
5149,94.0138430595
5150,104.515714645
5154,78.035135746
5155,93.740480423
5159,94.0689435005
5164,93.7092790604
5165,114.557778835
5166,95.0241785049
5167,114.102090359
5169,93.2027239799
5171,93.4547262192
5172,111.782479286
5176,93.7872643471
5184,114.05045414
5185,93.976313591
5186,112.14978075
5188,104.529327393
5189,112.215429783
5190,94.0009932518
5191,114.559306145
5193,111.804503918
5196,94.4989180565
5199,77.9275541306
5200,104.31726265
5203,93.3329019547
5204,113.512683392
5205,93.5070357323
5207,93.6535139084
5208,105.475296021
5212,94.4400639534
5214,94.9297733307
5218,93.5857367516
5220,93.647377491
5222,93.6617918015
5224,94.2178277969
5225,104.317219734
5227,112.010984421
5229,104.049696922
5232,92.9164185524
5233,116.072890282
5234,103.806075096
5237,112.677522182
5239,115.811814308
5240,93.8348670006
5241,111.581110954
5244,93.8956847191
5248,111.992438793
5251,94.196428299
5253,94.0092120171
5255,94.4240326881
5256,103.22130537
5257,93.7157731056
5259,94.3953442574
5260,112.312439919
5266,94.0677704811
5268,93.6124358177
5275,112.66573
5276,112.18061924
5277,94.0707993507
5279,94.2479615211
5280,103.565659046
5281,93.2500019073
5283,95.8896055222
5284,78.0196993351
5285,94.3557834625
5286,103.466697216
5287,93.8610873222
5289,93.6765675545
5290,111.814399242
5292,105.167168617
5293,94.3359808922
5294,103.256614685
5297,93.6912512779
5299,104.134259224
5302,94.2210626602
5305,77.8269855976
5306,94.4683861732
5308,93.7646927834
5309,94.3515024185
5310,115.908689022
5312,111.303421497
5316,113.742499352
5317,94.5364675522
5319,78.0293273926
5320,94.7460184097
5323,93.567428112
5329,113.431560516
5331,111.549102783
5334,111.703647137
5336,112.247621536
5338,103.661246777
5341,94.4391188622
5345,94.8376016617
5348,94.0957756042
5349,112.11980772
5355,105.505776405
5356,94.0726451874
5360,104.46195507
5362,111.708111763
5364,111.959342957
5366,104.834479809
5367,92.6641917229
5368,93.3116326332
5370,93.1535544395
5371,78.0436549187
5373,104.401190758
5375,112.673520088
5376,93.0834317207
5378,111.91035223
5379,94.0921211243
5383,93.2539963722
5384,103.824103832
5389,112.035999298
5391,78.0281121731
5393,111.592862129
5395,114.32939291
5397,111.711733818
5398,92.8515071869
5399,112.989654064
5401,116.050094604
5402,93.1834397316
5403,112.456436157
5404,94.1276493073
5407,78.0409884453
5408,93.8598775864
5413,111.766668797
5414,93.6498756409
5417,94.2320995331
5418,105.177754402
5420,113.51725626
5421,93.7960329056
5424,93.0884151459
5425,113.533287525
5426,94.0859584808
5429,114.017288208
5431,94.1630072594
5437,101.847802639
5440,94.1447339058
5444,104.331931114
5446,104.539322376
5447,94.1115674973
5451,94.2031702995
5452,100.019765854
5455,103.809934616
5456,93.9272971153
5458,93.987487793
5459,113.349040985
5460,94.3996796608
5462,94.5587749481
5463,111.771551609
5464,93.3275036812
5465,112.627115726
5466,94.517598629
5467,104.32648468
5468,94.460395813
5469,113.25517416
5472,95.0283975601
5474,94.5759344101
5475,114.483981133
5476,94.4623184204
5479,104.150920868
5480,112.877441406
5482,112.306844234
5485,93.8668470383
5486,116.060237408
5488,78.0326344967
5495,104.043669224
5496,93.8934869766
5497,111.741745949
5499,112.924458504
5503,94.0404877663
5504,93.6716165543
5507,94.5523109436
5509,94.2822136879
5511,94.2797393799
5512,111.223773479
5516,111.876759052
5517,94.0225963593
5518,104.04463768
5521,94.0863842964
5522,103.462506294
5527,94.440495491
5528,93.1408038139
5529,111.852286339
5532,94.3935976028
5533,113.300293446
5535,105.870711327
5536,105.510498047
5540,93.1041378975
5547,94.0552477837
5548,111.70968008
5550,77.9747953415
5551,93.1785569191
5554,111.424972534
5555,93.5727491379
5559,111.528520584
5560,93.9097156525
5561,112.054877281
5562,93.4680962563
5563,112.250509739
5565,78.0282042027
5566,93.6328525543
5567,104.203470707
5568,94.2921237946
5572,94.4762749672
5574,94.0833535194
5576,94.2744827271
5579,112.012167454
5580,77.9099915028
5581,93.6820802689
5583,94.3038387299
5584,112.666966915
5586,112.797234058
5587,93.9454460144
5589,102.155367374
5591,102.322659492
5592,93.4741683006
5593,114.270612717
5594,94.1932930946
5595,77.9658954144
5596,112.000199318
5597,111.447114944
5598,116.175205708
5599,93.9062685966
5602,112.8045578
5603,94.1932930946
5605,93.6527228355
5607,92.9905509949
5608,111.719591141
5609,93.172208786
5610,93.0075063705
5612,93.1747765541
5613,111.696585655
5614,93.1593408585
5616,93.4326500893
5621,94.285094738
5623,93.8208112717
5628,114.202509403
5629,91.4932312965
5631,95.7369141579
5633,98.9849038124
5638,104.033116341
5639,94.7697358131
5640,104.489133358
5645,94.0711188316
5646,78.0086176395
5649,93.4168481827
5653,112.7275033
5655,112.741364956
5656,94.7696547508
5658,94.0578103065
5662,116.505025864
5663,92.7494187355
5667,93.7067298889
5670,93.9550452232
5671,101.998235703
5672,94.0854420662
5673,102.834504128
5674,93.430850029
5675,103.487792015
5676,94.4981360435
5679,112.608163357
5683,111.951630116
5687,94.1693649292
5688,78.0675222874
5690,94.0731134415
5691,111.529278278
5692,93.614033699
5693,113.783286095
5694,94.3673791885
5697,111.654313564
5698,94.4899926186
5699,111.804251194
5704,93.9919772148
5707,112.708058834
5709,103.598690987
5710,94.3774719238
5714,94.0445275307
5718,93.9805593491
5721,95.2102541924
5723,94.2246713638
5724,113.237867832
5725,94.0986008644
5726,110.978787899
5729,94.7391386032
5730,104.245548248
5731,94.1053309441
5733,78.2330517769
5736,93.2382931709
5741,103.418710709
5745,111.612011433
5747,94.6546468735
5748,104.0364151
5750,111.543310642
5751,93.960621357
5752,94.0441317558
5754,93.6260762215
5755,94.0959649086
5757,93.8417458534
5758,116.163539886
5760,103.640047073
5762,103.260033131
5766,111.442470551
5768,94.7819390297
5769,116.382685661
5770,93.8263688087
5771,111.725863457
5772,94.0333018303
5773,111.955220222
5774,92.6627025604
5776,93.6809563637
5777,111.892365932
5778,92.9382562637
5780,116.630000591
5782,93.6786108017
5783,78.1350414753
5784,94.9063687325
5786,94.4543390274
5788,94.0178151131
5789,112.066922188
5790,94.1457343102
5791,103.453318119
5793,104.358391762
5794,94.1760935783
5796,116.394572735
5797,93.6950345039
5801,93.7046127319
5803,94.4180593491
5804,111.826899529
5805,93.3726344109
5806,78.2887108326
5808,111.880053043
5813,94.0693063736
5815,94.8673672676
5816,103.409821987
5822,94.3282775879
5823,111.994009972
5825,104.395401955
5827,111.863844395
5829,102.449996471
5830,94.474811554
5831,111.783951283
5832,93.8269720078
5833,111.818925381
5837,114.429802895
5838,93.7249598503
5839,94.2162094116
5842,104.580926895
5844,111.573194504
5845,103.855702877
5846,114.828941822
5848,78.0996615887
5850,113.572679043
5851,93.6555228233
5853,94.6262526512
5854,104.271418571
5858,104.483390331
5860,111.66777277
5864,103.606323719
5866,94.3818826675
5867,112.606683731
5868,93.1762757301
5869,111.611856937
5870,93.5438961983
5871,113.13868475
5874,114.136662006
5876,111.191022396
5877,92.7492880821
5878,92.9593095779
5879,111.390799522
5880,94.1752266884
5884,93.0355796814
5886,111.716554165
5890,103.94694519
5896,93.7702951431
5897,102.658611774
5898,94.3536291122
5901,104.869143486
5903,112.663902283
5906,92.8355584145
5908,112.607310772
5909,92.5782818794
5910,111.621483326
5911,93.553838253
5912,111.689368248
5914,113.849481583
5919,112.603623867
5924,94.0814838409
5926,94.2038702965
5929,103.639127731
5930,94.1032443047
5932,94.2981081009
5933,113.99599123
5934,93.4483976364
5935,111.531138897
5936,93.9212117195
5937,111.641820431
5938,93.6084952354
5939,111.208119869
5942,111.536439896
5943,93.6659231186
5944,103.930776596
5946,111.710439205
5951,93.2268948555
5953,103.275714874
5954,93.6124529839
5957,103.658075333
5961,93.525621891
5962,104.314459801
5964,77.8175373077
5965,93.3754668236
5968,113.699313164
5969,92.4802565575
5974,93.0413908958
5975,112.743570328
5978,77.734051466
5981,103.846314907
5982,93.7049264908
5983,111.866755486
5989,111.58804512
5991,93.8557271957
5992,103.377473354
5995,93.8075284958
5996,102.54749155
5997,111.293175697
5998,94.4226474762
5999,77.716537714
6001,111.609290123
6002,94.5551095009
6003,109.944344997
6004,93.6171927452
6006,111.947684288
6007,93.9677300453
6011,99.6711473465
6012,103.719118118
6014,93.6127405167
6015,102.671615124
6016,93.4496846199
6017,111.695195675
6018,94.3734149933
6024,94.1515932083
6025,103.93402338
6026,113.232623577
6028,111.053093433
6029,77.8330698013
6030,94.4142341614
6036,113.687809944
6040,93.0077328682
6041,111.621884823
6042,93.7937722206
6044,93.5609426498
6045,102.961807728
6047,103.295156956
6048,94.1109933853
6049,112.059832573
6051,114.953788757
6052,112.09437418
6053,93.0795874596
6054,111.876186848
6058,105.040053844
6059,94.5899100304
6062,94.4650831223
6063,114.870659351
6064,102.767429352
6065,93.0141172409
6067,93.6301527023
6068,111.688375473
6070,103.443836212
6071,105.34672308
6072,111.349199295
6080,111.347652435
6081,93.469379425
6084,104.221191883
6087,93.6522288322
6089,103.933299065
6092,111.347378731
6094,93.2671895027
6095,112.038609982
6097,113.577639103
6100,93.8762683868
6104,104.094380379
6105,93.1632194519
6106,110.637935638
6107,77.8338572979
6108,94.7846970558
6109,111.347773552
6110,93.2962698936
6114,111.344143391
6116,93.4312620163
6117,103.730345249
6118,93.7792129517
6123,77.6171584129
6125,112.492397308
6128,109.92305851
6130,103.647094727
6132,111.196657181
6137,77.6459376812
6139,114.138356686
6140,93.5747642517
6141,113.559830666
6142,104.250272751
6144,110.192625999
6145,93.4161477089
6146,93.6294455528
6149,91.9289927483
6156,94.1551580429
6159,113.559034824
6160,93.5792722702
6162,103.657634735
6164,111.877940178
6165,92.6873269081
6168,77.6271278858
6169,111.546588421
6170,93.285615921
6171,112.054101944
6172,92.8174200058
6173,114.315132618
6176,94.3957681656
6177,92.1636686325
6178,93.6817817688
6180,93.3293690681
6181,102.960969448
6182,92.6627764702
6185,92.6263713837
6186,111.624592304
6188,111.167321205
6189,93.6512432098
6192,104.220685005
6193,93.5739855766
6194,102.94031477
6195,92.3968133926
6196,114.600159168
6197,93.8759841919
6201,111.633500576
6202,92.9482784271
6203,113.193416595
6204,93.0882773399
6207,116.084963799
6209,93.9220833778
6210,94.7245059013
6211,111.685245991
6213,111.738672256
6216,93.0854463577
6217,92.8343100548
6219,93.2777757645
6222,77.8157849312
6223,94.2160277367
6235,94.3780751228
6240,93.3834872246
6242,93.2104024887
6247,93.006169796
6251,111.753937721
6254,112.214242935
6255,93.1291565895
6260,102.421699047
6261,93.5096473694
6262,104.335512638
6264,111.693319321
6269,104.112112999
6271,104.760389328
6275,111.331563473
6276,94.5273962021
6278,93.8207712173
6279,111.620525837
6281,112.981504917
6284,93.3197441101
6286,92.1211652756
6287,77.6246638298
6288,93.4890127182
6292,92.9131169319
6293,93.1721992493
6295,92.6049757004
6298,111.690153122
6300,111.689284801
6304,103.040563107
6308,111.672199726
6310,93.6251764297
6312,111.402014732
6320,93.6698842049
6324,93.9749765396
6325,112.15841341
6330,94.4215273857
6336,111.70007658
6340,105.144193172
6341,94.4352498055
6342,103.408657074
6344,93.8051099777
6345,112.229710579
6347,111.638310909
6348,94.0106925964
6349,111.683421612
6351,77.8322155476
6353,112.093557835
6354,94.0166339874
6357,94.0889320374
6358,103.756179333
6360,102.716388702
6363,113.727804661
6364,93.4160265923
6368,112.403195381
6370,94.3527908325
6371,93.5981631279
6377,93.305038929
6379,93.7501354218
6381,93.1303920746
6382,77.8109617233
6383,111.457108498
6388,111.623700142
6390,110.807505131
6392,101.523381233
6393,94.4480848312
6395,93.3866281509
6398,102.970761776
6401,77.7660310268
6402,93.0966129303
6403,111.564517021
6405,93.2185845375
6406,92.9790282249
6407,111.632359505
6409,102.87271595
6411,92.4934425354
6413,93.3265404701
6416,104.32759428
6417,93.6719226837
6418,93.4585914612
6419,115.547678947
6420,111.636497498
6426,111.669062138
6429,92.6049437523
6430,93.2841939926
6431,111.514921188
6432,93.4635472298
6434,94.4998488426
6437,111.808218002
6438,93.5919299126
6439,102.227319717
6440,93.2740855217
6441,93.6020665169
6442,110.856800079
6443,94.8718533516
6445,93.5651321411
6448,111.839151382
6450,111.524689674
6453,93.7616028786
6455,94.2543435097
6457,93.2325596809
6458,111.72874403
6461,93.7533116341
6464,111.486782074
6467,93.1726102829
6469,94.1137504578
6470,77.687712431
6471,93.0325169563
6473,102.255819798
6474,93.2857789993
6479,93.5594859123
6481,93.3701925278
6484,111.41783762
6495,93.5610322952
6496,113.848709583
6505,111.022795677
6506,93.7990078926
6508,94.3145599365
6509,92.6437091827
6510,103.154881001
6512,103.240614891
6513,92.9878745079
6514,112.373247623
6515,92.5298848152
6519,93.021736145
6521,93.0456533432
6523,77.4786038399
6525,104.299450397
6526,93.0448203087
6528,93.821513176
6529,113.964608669
6531,103.646692276
6533,103.973037243
6534,93.0987067223
6535,111.515248775
6536,92.6917777061
6537,112.134104729
6540,93.1229543686
6541,111.258404732
6547,92.6914653778
6548,111.711502552
6551,111.365227222
6553,110.644870281
6555,104.013302326
6556,94.2093086243
6561,77.4826476574
6564,92.8280930519
6565,111.518045902
6568,94.2223982811
6569,110.742068768
6573,103.532260418
6574,93.8557195663
6577,111.443676472
6579,113.408646107
6581,92.2165699005
6582,111.524582386
6585,103.369951248
6586,93.714650631
6589,103.064612389
6590,77.6109886169
6593,94.4578499794
6594,111.441849709
6595,92.1489429474
6599,92.3133063316
6600,92.93440485
6601,113.214586735
6602,93.0148816109
6603,111.732819557
6604,92.7365069389
6607,103.250329971
6608,104.183507442
6609,93.2330021858
6611,93.5584588051
6613,110.744861126
6614,93.4657125473
6616,94.3784236908
6617,110.744861126
6618,93.1871299744
6619,102.036820889
6621,104.016094685
6627,103.10328722
6629,110.668697357
6631,77.4692318439
6634,93.3721027374
6636,93.1662521362
6638,94.2345986366
6639,110.744861126
6641,111.551529884
6642,93.4657282829
6651,113.333374977
6654,77.5124075413
6657,93.3258495331
6663,93.2603082657
6665,110.274320602
6666,93.6637997627
6668,93.0183057785
6669,104.092329502
6670,93.6668834686
6671,93.5133566856
6673,93.7200751305
6675,93.6740756035
6676,77.5233216286
6677,93.4122552872
6679,93.1680316925
6680,111.189996243
6681,103.160179138
6685,102.820094109
6688,93.7530055046
6689,92.2050471306
6690,109.571722507
6692,110.745962143
6693,93.5734238625
6694,93.3754768372
6698,116.835595131
6699,92.9059820175
6700,110.439105034
6701,93.1567354202
6702,111.439848423
6704,92.1971487999
6707,110.596953869
6712,111.653189182
6713,92.8319268227
6715,94.8409619331
6721,111.474051952
6722,92.9776349068
6723,111.391942501
6724,94.0140028
6725,115.116592884
6731,111.391798973
6735,81.3043038845
6736,93.8283700943
6737,104.826001644
6738,92.5080304146
6739,103.241410255
6741,103.133516788
6743,92.4520320892
6745,92.9845304489
6747,110.975155354
6749,92.8761582375
6750,103.423342228
6751,114.915917873
6752,93.931930542
6753,110.716887951
6755,113.846873283
6756,93.3356633186
6757,103.006923676
6759,111.297648907
6761,92.4780263901
6763,92.9191288948
6764,116.085686207
6765,93.2172369957
6766,111.081937313
6768,111.450915813
6771,92.1715579033
6773,93.2238035202
6774,94.0839877129
6778,103.422825336
6779,94.283261776
6781,90.8384251595
6784,92.7411165237
6786,92.0278701782
6787,110.628120422
6790,91.2371878624
6793,103.042939663
6795,109.503563881
6798,110.345001221
6806,102.045300007
6807,93.2501821518
6810,93.1050071716
6815,109.616126537
6816,91.7142663002
6817,100.908986092
6818,92.968310833
6819,101.856153965
6820,93.3474364281
6822,92.4682402611
6823,114.852138996
6824,109.979344368
6825,93.0563368797
6828,77.4603469372
6829,111.717899799
6831,109.689656258
6832,91.2953805923
6833,110.270465851
6834,92.1700396538
6836,95.5801377296
6837,110.742155075
6838,92.1381878853
6840,102.449120998
6843,92.7686705589
6845,89.7012720108
6846,91.7853221893
6847,109.970890522
6851,110.579255581
6852,92.4197611809
6853,109.391867161
6858,92.3971138
6861,110.535470009
6863,112.265286922
6864,77.4519793987
6865,91.8746137619
6866,110.367570877
6867,93.3808450699
6868,101.694876194
6869,92.7961845398
6870,109.978924274
6874,109.414622784
6875,92.5325222015
6877,110.108365059
6878,92.5602459908
6880,93.3876824379
6883,109.686900616
6884,91.6896739006
6886,92.4749422073
6890,92.5204615593
6893,109.701244831
6894,91.2168931961
6899,110.104756355
6900,93.7905788422
6904,91.7700695992
6905,109.919046402
6906,92.7717614174
6910,91.4020051956
6912,102.942556858
6913,112.293506622
6920,91.9617538452
6922,92.5990633965
6923,109.4959445
6926,93.0979123116
6927,109.437681675
6928,91.455098629
6931,109.803565979
6933,92.1264514923
6936,89.9433240891
6937,110.39807272
6939,112.228425503
6941,91.4179077148
6942,112.314131737
6943,92.8538722992
6944,100.761971474
6945,92.933037281
6946,109.435539246
6947,114.88465023
6949,102.947227478
6951,101.976059437
6953,110.382617474
6954,92.2623758316
6955,110.5354352
6963,109.730004787
6964,91.8103542328
6966,92.6962265968
6968,91.8909459114
6970,101.308495522
6972,110.943464756
6976,110.119504929
6978,110.36080122
6981,101.225348949
6985,102.976154327
6986,91.6733183861
6987,110.412001133
6989,110.862157345
6991,114.894693851
6993,113.041031837
6994,92.2406210899
6995,109.86049509
6996,92.5297169685
6997,110.859701633
6998,77.3843624592
7001,109.893647194
7003,111.501788616
7006,92.9720635414
7008,104.117868423
7010,90.6483597755
7011,93.0014619827
7012,112.228232861
7013,91.436498642
7014,110.236142635
7017,101.775720119
7018,92.942053318
7019,89.3672208786
7023,92.4153432846
7024,101.349313259
7025,92.1285395622
7026,110.103512287
7027,92.4634170532
7028,111.200115681
7030,109.498010635
7031,93.497276783
7033,110.480326176
7036,91.9956145287
7037,92.5981841087
7039,92.6049041748
7044,91.727449894
7045,110.686545849
7046,94.8096342087
7049,103.100998402
7050,92.7073988914
7051,101.311552048
7054,109.734106541
7055,92.6119089127
7057,92.7957758904
7060,110.101255417
7061,93.7709345818
7063,90.1452798843
7064,109.844135761
7067,93.3716220856
7071,91.7873930931
7074,100.75994873
7075,93.1068081856
7078,110.684581757
7079,91.5088148117
7080,112.030500889
7081,93.573788166
7082,110.649867535
7083,92.6235785484
7085,110.9077878
7092,101.840936661
7094,93.2146377563
7100,91.9331636429
7101,110.178211212
7102,110.358957291
7104,110.032206059
7105,93.7633929253
7106,92.5570187569
7107,100.694336414
7108,77.457930088
7109,92.6801176071
7110,110.40066576
7112,93.642291069
7113,101.348605156
7114,92.7105283737
7116,110.443493843
7117,93.7486948967
7118,102.547588825
7120,93.0693397522
7121,101.896866322
7123,101.084011078
7124,93.1669502258
7127,105.62020731
7131,101.076254845
7132,93.00222826
7133,89.6159300804
7134,109.842815876
7135,91.6163067818
7136,110.578787327
7137,91.4793581963
7141,92.9308543205
7144,101.872477531
7147,109.764610767
7148,91.1072545052
7150,91.8801732063
7151,93.0625920296
7152,101.245316505
7154,91.7795801163
7156,93.0996851921
7157,101.879719257
7159,114.764369965
7161,93.8325099945
7163,92.3859863281
7164,100.239664078
7167,77.4356222153
7169,103.29621172
7170,92.877248764
7173,92.0959587097
7174,102.498204231
7177,109.598641872
7178,103.126688957
7179,91.920167923
7180,77.4176368713
7181,110.01194334
7182,92.5104413033
7184,93.2980189323
7185,111.342592239
7186,91.2287464142
7187,112.90949297
7188,92.8403282166
7189,110.717560291
7191,100.597285271
7193,109.705131054
7197,96.5744671822
7199,92.8335933685
7200,110.651284695
7201,91.5931558609
7204,93.0289869308
7207,109.621594429
7209,112.256294727
7210,92.339990139
7211,103.895549297
7213,91.9291696548
7214,110.884244442
7216,110.605506897
7217,93.3086605072
7220,109.805679321
7224,109.497222424
7225,92.2013430595
7226,110.601819038
7227,92.3002533913
7234,111.371161938
7236,80.7035400867
7239,102.877068996
7240,93.0155525208
7242,113.766212463
7244,110.489660263
7245,90.1522140503
7247,110.34031868
7248,91.3096966743
7249,114.632405281
7250,110.660049438
7251,92.1628074646
7252,110.730084896
7253,77.4183416367
7256,93.3869352341
7260,92.1590886116
7261,111.730715752
7264,93.2800889015
7269,112.802074909
7270,92.0988674164
7273,110.581903458
7279,88.423058033
7281,110.589351177
7284,91.9064559937
7285,111.010799408
7286,114.640201092
7287,91.548210144
7289,92.6839976311
7292,91.8116765022
7293,111.162755966
7296,93.0070533752
7297,110.734233856
7298,90.7823033333
7299,112.481629372
7301,101.816954136
7304,110.537723064
7306,116.590607166
7308,92.6892843246
7309,101.362793446
7312,92.3032631874
7313,77.3889231682
7314,92.0131335258
7316,92.1546087265
7319,116.709495544
7321,93.5251989365
7323,93.1670718193
7324,102.585561752
7325,92.8364634514
7328,101.573724747
7330,77.4615468979
7334,92.87703228
7337,111.579791546
7338,93.7860589027
7339,92.7991628647
7341,91.9153556824
7342,111.409615993
7344,111.088628292
7345,110.501052856
7347,110.099081516
7349,110.577131271
7350,92.598839283
7353,113.183666229
7355,110.548867702
7356,92.3476352692
7357,113.189548016
7358,93.6300830841
7360,93.1220226288
7363,103.15834713
7364,93.2788743973
7366,93.2169251442
7368,93.1569023132
7369,110.555315018
7370,91.8853726387
7373,92.5704574585
7374,110.601613522
7375,92.84060812
7377,92.9119095802
7379,92.6516304016
7380,114.519566059
7382,110.059876442
7383,92.5714216232
7385,92.0705299377
7386,103.034768581
7391,92.8416318893
7394,104.427793026
7396,110.596309185
7397,92.5439996719
7399,92.9669790268
7400,102.950920105
7403,77.3455507755
7405,110.523808002
7408,109.068980217
7414,112.920105934
7416,102.350008011
7417,91.7196516991
7419,92.231218338
7420,102.314409256
7421,92.6770892143
7422,93.234521389
7423,102.895258427
7425,77.3827354908
7430,92.1217632294
7432,92.5378308296
7433,92.3050618172
7434,110.302566051
7436,109.88231039
7437,92.0291075706
7438,103.200369835
7440,103.462976933
7441,92.2514982224
7442,110.463703156
7445,111.193145752
7446,101.61929512
7448,110.81781435
7450,101.393925667
7451,92.3074688911
7454,111.430216312
7455,92.0482702255
7457,110.512408257
7459,101.678081036
7462,92.0095243454
7464,92.2881789207
7465,109.559973717
7466,92.4545278549
7467,109.961418152
7469,110.889585972
7472,92.2312917709
7473,109.865843296
7479,92.764913559
7480,103.071396828
7484,109.998570919
7491,92.5268654823
7494,103.307693958
7495,92.5068664551
7501,94.1049075127
7503,92.5195765495
7504,102.512742996
7505,91.9359316826
7508,110.517076969
7509,92.2031497955
7510,77.3378381729
7511,112.112475872
7515,93.6047844887
7516,103.081427574
7517,93.067612648
7518,102.940192699
7519,92.8311390877
7521,92.5957856178
7522,101.672942638
7524,103.547042847
7526,101.936883926
7527,92.7907409668
7528,101.634399891
7529,92.7773723602
7534,110.312065125
7537,111.056274414
7538,92.0231814384
7540,92.472445488
7541,110.515606403
7545,110.546942234
7551,113.458355904
7553,93.2370591164
7554,100.670779228
7555,93.3481945992
7561,110.560855389
7562,92.6632771492
7564,93.0163927078
7565,103.608823299
7566,92.9178819656
7567,112.501447678
7569,99.5705890656
7570,92.1609697342
7571,112.806474209
7572,94.408012867
7574,103.269231319
7578,111.008852482
7579,92.0723896027
7586,91.7851209641
7587,81.5471396446
7590,92.3507957458
7593,109.836277485
7594,92.0281963348
7595,92.9231729507
7600,91.6887016296
7601,77.3112516403
7602,91.88322258
7603,110.553714275
7604,91.6228942871
7606,92.1435537338
7608,112.713748455
7613,77.2864377499
7615,110.416429996
7616,110.119549274
7617,116.755385876
7618,92.7406997681
7619,102.054765224
7622,93.4013786316
7623,102.414791584
7624,93.0012216568
7625,102.926139832
7626,92.8702549934
7627,102.86815691
7628,78.4846556187
7631,103.099628448
7632,102.423778534
7633,92.4481287003
7634,112.602502823
7635,92.551305294
7636,111.196557999
7637,111.198476791
7639,92.2395377159
7640,77.3045296669
7644,111.323292255
7645,92.3985700607
7648,102.736399651
7649,93.1853866577
7650,110.531050205
7652,109.517583847
7653,93.0570921898
7655,92.3115897179
7659,110.588745594
7662,93.2979860306
7664,91.6426687241
7666,93.7304325104
7668,92.6981072426
7669,110.632889271
7670,91.7459139824
7672,93.3394436836
7673,109.952400208
7678,91.4985451698
7679,77.4286220074
7680,103.226919651
7683,92.6827654839
7685,114.594283581
7688,92.512966156
7690,109.702698708
7692,92.9451022148
7693,93.5232038498
7695,111.531866074
7696,91.873521328
7698,92.5771007538
7699,111.045201302
7702,93.0640072823
7703,111.304653645
7704,93.1935539246
7707,111.963779449
7713,77.2900288105
7715,102.604280949
7717,109.457578659
7718,91.6245083809
7719,103.336955547
7721,110.267879486
7722,93.555472374
7725,99.5369777679
7727,98.8354072571
7730,77.5161728859
7733,89.1477212906
7735,99.5335512161
7740,110.519942284
7741,110.013925552
7742,89.5907559395
7744,111.634535313
7747,91.4155392647
7750,77.2752046585
7752,110.136033058
7754,110.228580952
7756,103.918067932
7757,93.1729364395
7758,103.032864094
7760,102.882638931
7761,93.073143959
7763,113.887871265
7765,92.0443148613
7767,111.029273987
7768,91.9221987724
7771,92.2328586578
7773,89.3761844635
7774,113.336993217
7776,103.589632988
7779,91.8113007545
7783,90.9668893814
7786,104.491870403
7787,91.9248466492
7789,91.496243
7791,92.6951274872
7793,91.8667945862
7794,108.402318478
7795,89.9844145775
7799,77.2190973759
7800,108.640631676
7802,93.4075570107
7805,105.059187412
7807,99.1008319855
7808,92.1501760483
7811,102.671836376
7817,109.236341476
7818,100.884014606
7819,92.7215752602
7822,90.9946546555
7823,110.175028324
7825,110.108344555
7828,91.6200051308
7832,92.2316198349
7833,77.2596650124
7834,109.842787743
7835,92.5994677544
7837,93.2369923592
7840,91.1403918266
7842,91.5542407036
7843,109.384198666
7844,91.462082386
7846,93.1262817383
7850,92.0103812218
7853,110.295960903
7855,111.848282814
7858,91.9702301025
7863,109.894430161
7865,110.554310799
7866,89.8568396568
7868,91.3311929703
7869,110.139545918
7871,77.2460515499
7872,100.424381733
7874,100.864252567
7877,109.861429214
7878,90.9531097412
7879,110.022465229
7881,92.1791448593
7883,91.9507308006
7885,100.07768774
7886,92.8505783081
7889,93.0022931099
7890,103.17748785
7891,91.8418264389
7893,90.7220830917
7894,101.362144947
7896,109.788558483
7898,99.8626880646
7901,91.7416448593
7902,109.35180378
7904,110.564206123
7905,92.5588665009
7906,112.664163589
7909,92.8424592018
7910,100.706427574
7913,91.6630249023
7918,110.685957432
7919,90.8149652481
7923,91.1065440178
7925,92.7776660919
7927,88.8443617821
7930,92.2071518898
7932,91.7184863091
7933,91.832016468
7935,91.1903100014
7939,102.50372076
7942,90.1442227364
7943,109.788677216
7945,101.903809547
7946,92.5851874352
7948,92.5477991104
7949,109.181261539
7950,90.901740551
7951,111.01199913
7955,100.703809261
7959,92.8067264557
7960,110.503139496
7961,90.9164438248
7962,102.007539749
7964,102.151231766
7965,93.0570321083
7966,110.501797199
7967,103.011030674
7968,92.1884970665
7971,102.530883789
7974,90.8212628365
7976,105.246310234
7978,109.871653557
7982,110.503139496
7983,92.5562744141
7984,101.655478001
7986,91.636341095
7989,109.176187992
7991,109.347434998
7992,109.55694294
7993,90.8591871262
7994,110.305557728
7995,92.2461957932
7997,91.7310938835
7998,101.655478001
7999,109.234434128
8002,92.0719323158
8007,91.8501405716
8009,92.7903504372
8011,92.2642569542
8013,91.6077828407
8015,100.446933746
8017,110.429269791
8019,114.676664352
8023,92.4174866676
8024,110.505618095
8026,110.42098093
8027,89.618452549
8029,91.6917767525
8030,110.451530933
8031,91.8291416168
8033,93.2750530243
8035,91.3927035332
8036,102.277523994
8039,102.60470438
8042,89.6819167137
8044,92.8978943825
8046,77.2515325546
8048,110.750964642
8049,92.5557250977
8050,101.701565742
8053,91.651278019
8054,90.8656430244
8059,91.2661633492
8061,91.8749747276
8062,109.661049366
8064,109.604135513
8066,103.137699604
8067,92.3022150993
8068,91.2906165123
8070,92.064260006
8071,110.510622025
8072,91.6289873123
8076,90.9264521599
8080,91.6994242668
8081,111.156558037
8084,97.350549221
8087,110.54437542
8089,89.5882306099
8090,115.085826874
8091,101.946753025
8094,115.320244312
8100,88.9284653664
8101,92.176671505
8110,92.8503832817
8111,109.345030308
8112,92.9338927269
8115,113.980474949
8116,92.6077823639
8118,109.599730492
8121,114.713792324
8125,109.693410873
8127,110.398073673
8128,92.3295755386
8129,109.300672054
8131,94.0120716095
8138,92.1141695976
8139,101.560415745
8140,91.2256674767
8141,89.278573513
8142,110.511570454
8143,109.932742596
8145,110.422338963
8146,90.4245443344
8148,111.486542702
8153,110.334243298
8154,91.1726770401
8155,112.036957264
8161,91.4863214493
8162,109.91968298
8163,92.5918269157
8166,109.384700298
8168,109.871992111
8170,91.6502285004
8172,109.503159046
8173,90.8725566864
8176,102.06522274
8179,91.9311375618
8181,92.7272667885
8182,114.264122486
8184,109.74535656
8190,102.871370792
8191,92.1675100327
8194,110.866200447
8196,111.733452797
8198,110.164883137
8199,110.060168743
8201,110.311996937
8202,91.2218966484
8207,92.7863130569
8208,109.138623714
8211,109.624068737
8214,109.691156387
8217,91.9374155998
8218,109.700651169
8222,92.3587636948
8229,103.389883518
8231,92.034342289
8233,92.4179162979
8236,92.1223134995
8238,110.993096828
8240,99.8789420128
8243,101.012717247
8246,110.643256187
8250,91.3597106934
8254,93.6576075554
8256,77.2760546207
8257,109.527121067
8258,91.119307518
8260,93.0582213402
8261,110.535898685
8263,112.578148365
8264,91.7761902809
8267,109.05730629
8268,90.0036220551
8271,91.8987345695
8272,109.133718491
8275,92.3205971718
8276,92.4079971313
8277,103.216071606
8278,114.069702148
8279,92.7027044296
8280,109.109792233
8281,93.3011760712
8282,109.362476349
8287,110.730650902
8288,90.8690447807
8289,110.628732681
8294,90.808339119
8296,90.8846225739
8299,110.296177387
8302,101.524232388
8308,110.316540718
8314,102.097887993
8315,93.7301139832
8316,109.815092564
8317,92.1273827553
8319,110.213316917
8320,89.7530989647
8321,114.7871418
8323,92.610768795
8325,90.527340889
8326,109.360226154
8328,109.392889977
8330,108.784131527
8331,91.1021509171
8332,111.378520966
8334,92.528711319
8338,92.1083211899
8339,93.2565364838
8341,89.4840459824
8345,110.202729225
8346,93.1438803673
8347,102.070359707
8349,92.3487315178
8351,91.5590963364
8352,110.283263206
8353,109.421873093
8355,109.877521038
8358,109.298741341
8359,108.664496899
8360,92.3858942986
8361,110.42142725
8363,101.84886694
8364,91.890668869
8365,92.6440558434
8366,100.848434448
8370,109.588461876
8372,90.837975502
8376,93.0553927422
8377,109.242265701
8379,109.798937321
8380,90.0744757652
8381,111.99787569
8386,88.4150643349
8388,101.577651978
8389,91.8371043205
8391,110.468281269
8394,93.7964248657
8396,102.674476624
8398,101.072675228
8400,110.798130989
8401,89.8550333977
8404,89.603928566
8407,93.5948424339
8408,109.834068775
8409,109.00494957
8410,103.047807217
8411,92.1368880272
8413,93.1815109253
8414,109.859758854
8416,91.3329043388
