ID,y
1,96.2542686462
2,95.4356307983
3,94.1600723267
4,94.6567630768
5,107.347705841
8,94.4094734192
10,113.90042305
11,101.410505295
12,116.889183044
14,101.953548431
15,117.777336121
16,105.528331757
17,105.556774139
19,96.3032188416
20,105.761297226
21,108.296731949
22,119.788389206
23,107.554361343
26,98.5871562958
28,104.400125504
29,104.833284378
33,101.521934509
35,94.1699256897
41,98.9624958038
42,91.9794254303
43,116.902109146
45,101.713933945
46,99.4777450562
51,94.3897438049
53,98.8052902222
55,105.337339401
56,93.2632255554
57,102.500904083
58,95.3658313751
59,101.038564682
63,110.005134583
64,92.4202404022
65,107.918462753
69,100.278720856
71,96.6830692291
72,98.3764648438
73,93.0145130157
76,101.249938965
77,100.829427719
78,114.379306793
82,91.6962509155
83,107.746622086
84,94.2157382965
85,99.9025058746
87,103.740449905
88,98.8535957336
89,113.037994385
91,93.9169616699
93,94.9139003754
94,104.172357559
95,88.003988266
96,103.140956879
97,96.6050891876
98,105.836774826
99,93.2089633942
101,98.948102951
103,113.035182953
104,98.8432312012
105,109.201847076
110,94.5677661896
111,104.739765167
113,107.273897171
114,91.3486366272
115,106.86182785
117,111.157154083
120,92.8875923157
121,103.021512985
122,93.3517723083
123,105.80081749
126,107.353569031
132,110.726613998
135,99.7555904388
137,98.2362594604
138,95.1674346924
140,93.5066108704
142,106.782672882
144,103.322385788
148,91.2463626862
149,116.037212372
155,97.9222049713
156,105.153966904
157,96.4291248322
162,106.447784424
163,93.4193668365
167,90.3444519043
172,114.889503479
179,107.456083298
180,93.9724349976
181,107.895441055
182,92.9478607178
183,111.68060112
185,111.098350525
187,109.422012329
188,92.4631328583
189,95.2338256836
191,100.233926773
192,107.61590004
193,93.5146789551
194,109.562217712
195,95.790681839
196,109.543113708
198,94.701007843
199,104.24262619
201,101.839151382
204,95.0668830872
205,103.423513412
206,93.3595790863
210,92.7766227722
211,98.0335235596
216,103.634082794
219,113.412525177
220,98.6793842316
221,109.497680664
226,107.925218582
227,92.9103927612
228,103.612911224
230,103.573379517
231,96.0028991699
235,116.002441406
236,91.741399765
238,102.736196518
242,100.61958313
243,95.6287479401
244,94.0075016022
245,105.23041153
247,107.464380264
248,90.8565597534
249,90.732378006
250,103.59082222
251,91.7236480713
253,115.964256287
254,100.316810608
256,91.9594936371
257,90.5222263336
258,103.696805954
259,92.5335826874
262,91.7468357086
266,90.8456802368
267,103.325939178
272,99.4873828888
273,111.982557297
275,97.7258453369
276,108.647644043
279,95.64635849
280,107.044610977
283,89.7886123657
285,107.903404236
288,110.95549202
289,100.387863159
290,101.27989769
291,91.2091197968
292,109.077939987
293,110.001609802
296,96.9483203888
297,104.942026138
298,114.71352005
299,91.4104690552
304,96.790643692
305,94.2277317047
306,97.8936233521
307,106.488466263
311,103.803607941
313,106.711114883
314,91.6064510345
316,92.5436687469
324,95.8451347351
327,96.2703971863
329,96.4198379517
330,109.689973831
337,99.7126541138
338,93.7248802185
339,104.197977066
340,91.4407424927
343,91.3087100983
345,114.454401016
346,90.8829860687
347,101.945466995
349,106.54615593
350,91.6827983856
352,105.745801926
353,92.2008285522
354,90.9901847839
357,92.2327194214
358,103.625709534
362,109.873086929
364,111.50053978
365,97.8555793762
366,89.2690982819
367,107.419195175
368,96.2027873993
370,80.5811891556
373,94.3689250946
377,97.370388031
378,110.194162369
382,99.7982883453
384,103.255422592
390,88.7279224396
392,106.887922287
393,112.420358658
395,93.2979335785
396,100.677574158
399,80.2306022644
406,106.975061417
408,106.981245041
409,98.3786392212
410,91.923160553
412,105.187459946
413,89.600818634
419,88.4417037964
420,105.371881485
421,89.410867691
430,98.2619953156
434,93.5588283539
436,92.4022941589
437,92.6063537598
438,89.4215984344
439,103.581893921
440,93.0937767029
443,109.520540237
446,95.0023078918
448,90.9634647369
452,92.1266117096
453,101.349712372
457,102.495487213
458,95.9520702362
459,110.977396011
460,100.320230484
462,104.142976761
464,99.8079967499
465,113.600557327
467,106.74801445
471,109.380449295
472,92.7449359894
473,97.1951255798
475,96.931438446
480,96.7193832397
488,111.466108322
490,106.932380676
491,98.6811676025
492,90.0389022827
493,92.6307506561
497,90.2099227905
498,106.031330109
499,92.3723220825
500,98.9168701172
501,95.0739192963
502,105.007600784
506,84.779291153
510,110.318502426
511,97.0937633514
512,96.3355789185
516,95.428478241
518,96.8809356689
519,105.625747681
521,89.0104961395
522,105.929531097
526,102.796972275
529,92.6713504791
532,101.617444992
533,91.674747467
536,108.261487961
537,100.651815414
539,92.0454692841
540,98.5533981323
541,95.8689174652
543,94.0886096954
546,104.684465408
547,92.2552375793
548,80.0833950043
551,92.0413398743
552,102.559356689
556,98.6022338867
557,94.2638702393
558,107.7993927
559,96.2242698669
560,101.41850853
562,102.566143036
566,93.7170715332
570,105.876171112
571,92.5205154419
572,105.145841599
573,92.0874290466
575,113.520114899
576,102.133295059
577,92.2737312317
579,90.464471817
580,104.402828217
581,109.977361679
589,106.816373825
591,99.7789955139
593,96.532875061
594,98.1215763092
595,93.72382164
598,93.0814685822
602,107.254217148
604,103.867168427
606,104.252958298
608,90.1620826721
609,97.9743900299
610,95.3495121002
616,105.572500229
617,91.9113044739
618,98.1815261841
620,96.1556377411
622,106.771656036
623,89.9091815948
624,109.849649429
626,104.286373138
628,103.796609879
629,93.0504379272
630,103.517238617
637,92.3942165375
638,101.97687149
643,93.840013504
645,96.6271381378
646,108.223619461
648,96.170923233
652,93.9855651855
653,93.1938266754
654,105.876497269
656,104.935848236
657,93.4746303558
659,98.6383628845
660,101.176370621
663,97.9829006195
664,104.481588364
666,101.56520462
668,106.556119919
669,91.7137794495
671,93.8143196106
675,90.3426589966
677,92.77394104
678,104.311397552
679,103.354394913
682,98.7651157379
685,102.465370178
687,94.6667003632
688,102.04809761
693,103.318338394
696,97.5131282806
698,93.6121711731
701,94.7681655884
704,100.511627197
705,115.418905258
709,104.478057861
710,95.3920860291
711,100.077112198
712,95.6615085602
714,101.960313797
715,91.3233757019
716,106.707054138
717,98.4534244537
720,114.702011108
721,99.8700256348
724,98.9587001801
725,98.3014583588
726,114.440229416
728,110.130500793
731,94.1992282867
734,99.8987255096
738,99.6947154999
745,108.182451248
746,99.3830413818
751,92.5693054199
754,92.7573604584
756,93.4855899811
758,92.7827167511
759,105.162223816
761,118.120063782
766,95.1462650299
767,106.217187881
768,89.8846969604
769,109.851739883
770,95.0781841278
771,90.0953903198
772,100.403406143
773,92.7146987915
774,104.723115921
776,103.741641998
777,93.957075119
780,117.331378937
782,98.8417282104
787,98.1064891815
788,92.3752269745
792,91.0050888062
793,104.796455383
798,98.869348526
800,90.3208293915
806,106.844329834
809,102.667499542
811,106.447875977
812,92.0388774872
814,113.742218018
816,98.4355278015
817,96.5204257965
818,105.368515015
820,113.301677704
823,96.0206699371
829,90.9744377136
830,104.207004547
831,89.6939983368
834,102.884197235
839,92.7211036682
841,90.7110404968
844,99.0167369843
845,94.4160289764
848,97.6826152802
850,96.2420558929
851,100.054986954
852,89.7874069214
854,92.1742286682
855,92.9084835052
856,99.1140804291
859,98.8035545349
861,104.716806412
864,94.3592338562
865,105.478256226
866,91.6263809204
867,92.8541088104
869,94.0255470276
871,95.0260124207
872,106.76622963
882,98.7957019806
883,93.7597236633
885,96.0263996124
888,96.3841876984
893,107.763895035
901,104.775499344
903,98.7617530823
904,93.9345149994
905,100.739782333
910,95.3914813995
911,105.572797775
914,106.719045639
918,106.484308243
921,90.3400783539
928,92.6603984833
929,100.574409485
932,93.1416702271
933,102.207109451
934,95.3914813995
935,104.121837616
937,81.1386318207
939,91.8056564331
940,98.5154590607
941,93.6443881989
942,99.6824131012
943,93.6484031677
944,100.43119812
947,106.76622963
949,105.646306992
951,110.075452805
952,92.3208141327
953,98.7617530823
954,91.2956237793
957,103.904336929
959,90.305109024
960,105.605924606
963,113.539417267
965,106.760368347
967,101.325595856
971,92.9690494537
972,93.8944835663
973,92.5263843536
974,103.125606537
975,93.4177646637
978,113.02948761
980,109.398927689
981,92.7484836578
984,109.588294983
986,95.3579559326
988,89.8618354797
989,102.81880188
990,103.436859131
992,104.762767792
996,93.8302879333
999,104.904119492
1000,93.3322315216
1001,105.471387863
1002,90.0415973663
1003,103.740291595
1004,91.8283462524
1008,103.809898376
1009,90.7061195374
1010,101.251564026
1012,106.978521347
1013,91.2412948608
1014,107.852151871
1015,94.5617904663
1016,114.754108429
1019,98.5614681244
1020,105.813558578
1021,95.3494319916
1022,101.459413528
1024,95.3494319916
1025,89.8450870514
1027,94.4114952087
1028,108.222316742
1029,91.9975070953
1030,94.9246406555
1033,102.668088913
1036,91.9847736359
1037,108.502388
1038,91.7054901123
1042,91.7910232544
1043,98.1363487244
1044,93.4633102417
1045,103.132534027
1047,108.062376022
1050,94.3861122131
1051,107.129091263
1054,95.8413829803
1056,92.7388515472
1057,94.3017902374
1059,91.9827766418
1062,97.0316982269
1063,101.76698494
1064,92.7388515472
1066,92.9133052826
1070,101.419799805
1076,104.060787201
1077,98.1052074432
1078,103.327056885
1080,109.765142441
1082,107.60811615
1083,96.8263912201
1089,111.962882996
1091,95.6633491516
1093,95.2999610901
1097,91.5835895538
1099,91.1695022583
1101,95.1037654877
1103,93.596496582
1104,102.849725723
1106,113.382562637
1109,99.3191280365
1110,111.424776077
1111,92.5745220184
1112,106.021993637
1114,94.2987861633
1116,103.494760513
1117,107.59837532
1120,93.1432361603
1124,102.045600891
1125,90.6267910004
1126,103.970952988
1134,102.579996109
1137,90.9304580688
1138,101.374725342
1144,107.128566742
1145,93.796081543
1146,92.2262172699
1148,93.6552047729
1150,94.3664531708
1152,98.787115097
1153,91.0891647339
1154,99.3747749329
1155,93.0725593567
1157,97.5268287659
1162,92.7521629333
1165,103.27167511
1166,88.6395511627
1167,100.578907013
1168,96.5356521606
1169,98.7014789581
1171,116.200763702
1172,94.6556911469
1173,98.7014789581
1174,93.3505477905
1176,93.9143543243
1177,100.423952103
1178,93.2474346161
1182,102.672498703
1186,96.7202129364
1187,106.682741165
1188,91.1353855133
1189,116.96030426
1191,99.9134712219
1192,93.4317989349
1197,108.546382904
1198,94.1126708984
1200,93.7736949921
1201,92.2980766296
1203,95.7159824371
1209,113.300830841
1214,99.8840885162
1218,109.768692017
1222,93.90001297
1226,96.5098152161
1228,93.8722362518
1230,91.5361976624
1232,92.855255127
1233,93.2772979736
1236,107.551546097
1238,97.7882575989
1241,107.409252167
1244,100.124597549
1246,92.0688934326
1247,105.000282288
1250,104.602125168
1251,91.0389766693
1254,109.203472137
1255,98.8699531555
1256,102.943788528
1257,97.9829216003
1258,93.2348594666
1259,107.445552826
1260,97.3259963989
1263,107.697694778
1267,77.9117078781
1268,112.130432129
1271,93.5721225739
1272,106.791137695
1274,98.0311069489
1275,93.0618858337
1276,106.443130493
1277,92.1220779419
1279,92.3463802338
1281,94.552772522
1282,91.2806434631
1283,102.433263779
1285,104.227315903
1286,89.9119777679
1289,103.78550148
1296,106.674530029
1299,94.6346340179
1301,93.8872203827
1306,92.645154953
1307,92.0671977997
1308,99.3885040283
1313,106.311122894
1314,92.2063350677
1315,111.624984741
1316,97.034078598
1317,106.120883942
1319,97.0452632904
1323,96.4081230164
1324,99.1547737122
1325,92.4878463745
1328,99.1100311279
1329,93.0946483612
1330,103.846040726
1331,93.6322517395
1332,97.753610611
1337,93.7811698914
1338,108.734228134
1339,89.1525268555
1340,104.169803619
1343,113.092281342
1347,102.091913223
1348,92.3098888397
1349,100.011310577
1352,91.9967632294
1354,93.0339107513
1359,105.405260086
1360,95.3769989014
1363,106.955219269
1364,97.0340652466
1365,97.1866359711
1366,96.3464794159
1372,96.3492794037
1375,100.126886368
1376,93.7665519714
1378,87.6761569977
1379,107.658788681
1380,95.5386562347
1381,98.976108551
1384,107.511486053
1387,94.4667720795
1388,105.30978775
1392,96.8226165771
1394,102.057794571
1395,96.1600036621
1396,106.576936722
1398,98.2063522339
1399,106.576936722
1400,93.4823455811
1401,96.8543872833
1403,100.633867264
1404,107.272089005
1406,106.576936722
1407,93.8925094604
1408,107.711687088
1410,78.1994762421
1412,106.749794006
1413,94.7767562866
1415,91.402973175
1420,107.709964752
1422,110.062494278
1423,101.626098633
1424,107.709964752
1425,96.8062896729
1426,78.216129303
1427,94.2436790466
1429,91.6303806305
1430,104.629917145
1431,92.5472183228
1432,104.889625549
1434,104.164081573
1437,91.4460144043
1438,99.3119239807
1440,104.22508049
1441,104.771326065
1442,92.274772644
1444,109.201366425
1445,89.9908065796
1446,98.4798908234
1448,98.6813602448
1453,99.4964427948
1454,106.749794006
1455,93.1540699005
1456,108.289218903
1458,106.749794006
1459,91.0451335907
1461,97.6666946411
1465,94.465051651
1466,104.835489273
1469,96.217792511
1472,99.4964427948
1474,99.9791316986
1477,109.60884285
1479,110.252552032
1482,92.7270774841
1483,92.6726608276
1487,94.7694416046
1488,105.747339249
1490,103.284854889
1492,105.823547363
1494,116.664148331
1496,97.6362342834
1497,95.2012691498
1499,92.8250293732
1502,95.2873859406
1507,109.943922043
1508,92.0472202301
1509,110.059879303
1511,99.6314582825
1512,110.357719421
1513,112.178276062
1514,98.9610462189
1518,102.820655823
1519,90.1622333527
1522,102.76382637
1524,91.9375610352
1527,92.2854347229
1529,91.4492759705
1532,100.722393036
1536,104.521408081
1537,113.634145737
1539,102.440050125
1542,109.454460144
1543,93.7500305176
1544,96.2367668152
1545,88.9099063873
1550,93.4290752411
1551,112.175397873
1554,101.75727272
1556,99.3057689667
1559,97.7399768829
1560,93.5833396912
1562,94.6987171173
1566,90.0813598633
1567,102.853034973
1569,101.171924591
1570,106.559310913
1571,104.033786774
1574,92.0472202301
1578,98.8122386932
1580,91.7095966339
1583,109.219802856
1584,91.9930839539
1585,110.017465591
1586,94.4697952271
1587,103.643201828
1588,89.3329524994
1590,112.166612625
1592,99.591960907
1596,109.434249878
1598,108.537351608
1599,93.5152072906
1604,110.769990921
1606,98.0717010498
1607,94.7907390594
1608,99.2446899414
1609,115.67499733
1611,98.1403694153
1613,95.8539981842
1616,95.5371665955
1619,104.506242752
1620,93.5707798004
1621,103.741901398
1622,96.5034484863
1625,104.742341995
1627,115.699899673
1629,111.161720276
1634,95.2286891937
1636,91.8442764282
1638,99.7874412537
1639,91.9168205261
1641,93.8746776581
1643,95.5808677673
1644,98.4702949524
1645,118.555423737
1646,93.0853099823
1647,103.54180336
1648,94.3486633301
1652,91.7164020538
1653,102.856872559
1656,98.163274765
1658,93.5183734894
1659,110.688199997
1661,93.7316856384
1663,94.8125076294
1664,109.989879608
1665,92.3568325043
1666,99.3713245392
1667,98.7561683655
1668,93.4097862244
1669,99.0122261047
1670,95.791929245
1672,103.321037292
1674,107.471879959
1677,105.768127441
1678,90.4465141296
1679,103.3346138
1680,91.0280513763
1683,100.459199905
1686,100.335790634
1687,110.204446793
1689,107.553876877
1690,97.0294513702
1691,115.151741028
1692,104.010574341
1693,91.9962501526
1695,93.3295555115
1696,99.5135917664
1697,110.796295166
1700,99.3158969879
1701,93.3348293304
1702,102.970804214
1703,89.7475891113
1704,104.614910126
1706,92.0236148834
1707,110.472425461
1708,92.8721656799
1710,91.7050170898
1711,99.2111263275
1713,101.85723114
1717,104.464708328
1719,98.7822437286
1720,93.2936038971
1722,91.7032985687
1725,98.5538215637
1726,94.1475849152
1727,100.695865631
1729,104.208215714
1730,91.8287696838
1731,103.230693817
1733,99.318441391
1734,93.1734352112
1735,110.206727982
1738,95.8560256958
1742,91.8214645386
1745,107.474422455
1747,94.3180580139
1749,94.4764270782
1751,96.2711982727
1752,92.3768024445
1753,99.3331565857
1754,95.758392334
1755,97.1866779327
1756,103.677894592
1758,110.910959244
1759,93.3883228302
1760,102.565279007
1761,113.473054886
1762,94.3672084808
1763,112.054616928
1764,90.1769237518
1766,95.4965190887
1768,93.0759391785
1769,79.8821544647
1771,104.150266647
1772,93.7625541687
1773,102.063877106
1774,94.9763317108
1775,104.29633522
1777,106.815475464
1779,93.3883228302
1780,112.292263031
1787,90.7448272705
1788,92.4630374908
1790,92.9556484222
1796,105.458652496
1801,92.3241634369
1803,95.3532924652
1807,105.740917206
1809,111.838747025
1812,96.5957813263
1813,105.181928635
1814,92.5729885101
1815,105.624031067
1816,98.8878326416
1818,95.6876010895
1820,98.7677173615
1821,108.531814575
1822,92.3238925934
1825,96.3359050751
1826,101.148248672
1828,93.188867569
1831,102.213314056
1836,112.170284271
1837,92.7955131531
1841,100.00728035
1844,99.1958293915
1848,88.9202518463
1851,101.838991165
1852,96.2910842896
1853,91.4735164642
1854,103.875055313
1856,91.724357605
1859,110.131162643
1860,93.5131530762
1861,91.898481369
1863,108.846017838
1865,95.6384716034
1866,104.398014069
1867,96.9832439423
1868,90.8309459686
1872,93.6160755157
1879,92.0347156525
1880,99.9623813629
1882,93.8940963745
1885,101.608373642
1887,98.0312404633
1888,98.8498573303
1890,109.879440308
1894,95.4383621216
1895,100.841667175
1896,91.6582374573
1897,105.271688461
1900,104.753698349
1901,97.7068939209
1902,112.913421631
1905,92.2233371735
1906,101.786649704
1912,98.9847221375
1915,94.4966125488
1916,101.088607788
1917,93.4434051514
1918,100.5906353
1920,92.5933837891
1923,96.4040603638
1924,101.905416489
1925,93.8756141663
1930,115.657648087
1932,110.492904663
1933,91.2833766937
1934,112.203760147
1935,98.1949481964
1940,79.0410995483
1941,93.6254997253
1942,105.003242493
1943,101.000173569
1944,89.8389472961
1945,105.264389038
1948,114.211744308
1949,96.280122757
1952,99.1388339996
1954,92.0145492554
1955,114.741048813
1958,99.7812271118
1959,83.0334434509
1960,111.888813019
1963,93.2530097961
1965,92.3129882812
1968,105.2977314
1969,97.8787193298
1971,93.3993682861
1972,103.937459946
1973,90.5247612
1975,89.196844101
1977,91.3205451965
1978,99.131231308
1979,104.413812637
1981,88.8434944153
1982,104.234331131
1987,105.968158722
1988,90.2809906006
1993,94.3373298645
1997,91.753080368
1999,93.3839244843
2001,96.1932601929
2002,108.903039932
2003,92.53175354
2004,99.3071079254
2006,104.627658844
2007,99.9592342377
2009,102.458875656
2010,92.4059047699
2013,97.6120357513
2018,92.6693229675
2022,99.4687919617
2024,116.921197891
2025,91.6466331482
2026,99.3941307068
2030,102.615449905
2031,95.2045612335
2032,99.0718040466
2033,95.5877952576
2035,92.3752269745
2036,105.019184113
2037,92.2946929932
2040,96.1085262299
2043,109.046869278
2044,104.965806961
2046,100.461883545
2054,106.308107376
2055,94.2825202942
2056,112.239311218
2059,93.7036075592
2060,97.8178043365
2062,94.1434116364
2063,105.424655914
2066,95.5119476318
2067,112.716007233
2072,100.900659561
2073,111.573600769
2074,96.0981712341
2075,109.087430954
2076,90.6436481476
2080,91.5312480927
2082,97.8024330139
2085,106.28793335
2087,112.474660873
2091,110.308912277
2092,97.7170696259
2093,112.313932419
2098,98.2827625275
2101,111.90712738
2102,95.8034896851
2103,79.1968250275
2105,103.2200737
2106,92.0428600311
2107,123.438516617
2110,92.4541721344
2114,99.2070426941
2115,105.74641037
2117,85.2489509583
2118,91.0373649597
2119,101.387506485
2120,92.1417484283
2122,94.7822189331
2123,104.438230515
2126,92.7568626404
2127,102.204435349
2128,97.4958057404
2129,115.511564255
2132,95.4426059723
2135,99.3878231049
2138,93.1593513489
2139,115.766529083
2141,107.746030807
2142,93.2771816254
2146,96.6965045929
2151,103.174514771
2157,98.8046627045
2159,119.287818909
2162,94.0533809662
2164,116.192621231
2167,94.6262950897
2168,103.297182083
2171,92.2207508087
2173,93.8548412323
2174,97.7658500671
2175,93.646150589
2178,94.3650531769
2180,96.4117698669
2185,104.593576431
2189,94.3831596375
2190,111.480897903
2192,99.6649417877
2194,111.224981308
2200,112.281455994
2201,94.3062877655
2203,103.65429306
2204,94.5151939392
2205,104.251073837
2209,105.147380829
2213,99.9996051788
2214,97.8447322845
2215,103.734628677
2216,94.9792251587
2218,93.1871757507
2219,100.183244705
2220,96.6136360168
2222,91.8577861786
2223,108.714412689
2225,109.217355728
2226,93.194355011
2230,94.0823040009
2233,112.8350811
2234,106.714113235
2235,94.5193767548
2236,93.6711349487
2237,91.6963291168
2240,110.254823685
2241,99.520942688
2248,99.0210151672
2249,95.8638820648
2250,110.266698837
2252,103.124259949
2253,103.440412521
2254,103.354642868
2256,95.563451767
2258,100.180173874
2259,110.79000473
2262,95.5900211334
2265,93.5863933563
2266,99.0167579651
2269,94.7922954559
2271,93.2961387634
2273,92.0400619507
2274,107.862817764
2275,94.189863205
2277,99.1822834015
2279,94.5068855286
2280,95.103969574
2282,96.3889923096
2283,100.151836395
2288,91.1809329987
2289,108.801330566
2291,93.8247909546
2292,116.36967659
2297,96.804227829
2298,103.142660141
2299,101.766384125
2300,104.481477737
2301,91.934923172
2304,94.9659290314
2305,102.009830475
2306,95.5696487427
2308,91.0954322815
2309,112.777273178
2311,93.6777992249
2312,104.116062164
2316,100.987279892
2321,100.104127884
2322,103.832077026
2325,101.3828125
2326,88.9639987946
2329,116.36967659
2330,99.9079093933
2331,101.140424728
2332,112.232934952
2333,95.5696487427
2334,99.2929801941
2335,103.835208893
2337,107.078344345
2338,91.9291324615
2340,112.232934952
2342,100.743206024
2345,99.3075847626
2349,101.076963425
2351,95.7039890289
2352,93.9792766571
2354,109.227510452
2355,110.424585342
2357,109.192539215
2358,103.019235611
2360,92.574672699
2361,109.227510452
2364,94.5033836365
2366,99.6237716675
2369,100.758527756
2370,97.6645488739
2371,112.65788269
2373,112.385248184
2374,98.3340377808
2376,104.635036469
2378,106.559341431
2382,93.333814621
2383,91.9698181152
2386,100.573871613
2387,96.9297180176
2389,101.38060379
2390,110.459424973
2392,93.5645999908
2398,112.419506073
2399,94.1495780945
2400,103.350851059
2401,108.360923767
2402,97.4773349762
2404,99.7965755463
2407,110.191648483
2408,113.36236763
2409,115.188402176
2412,91.5109596252
2413,94.4461231232
2415,93.0970230103
2420,107.834180832
2422,93.6284885406
2423,98.0184803009
2426,94.3230552673
2432,98.8906822205
2434,94.9067325592
2435,105.084745407
2436,104.381229401
2438,106.170368195
2440,104.67074585
2443,93.4887218475
2444,99.4850902557
2447,99.0187358856
2450,97.6519107819
2454,93.2179851532
2455,105.651290894
2459,95.5369663239
2460,109.394752502
2463,93.4265899658
2465,94.7864246368
2468,79.7157802582
2469,93.9438838959
2474,89.243686676
2478,97.2832107544
2480,98.7225170135
2481,110.178560257
2489,96.302312851
2490,103.384143829
2492,99.8970432281
2496,95.5052642822
2497,116.28352356
2500,94.5513038635
2505,96.4772834778
2507,92.8529777527
2508,104.431346893
2509,93.1300487518
2510,97.7387809753
2513,91.9352550507
2515,96.5023612976
2518,92.223941803
2519,108.139554977
2520,92.2176456451
2521,107.503973007
2523,111.701198578
2525,93.4099254608
2529,103.256362915
2530,91.2583637238
2533,107.216657639
2535,99.5667495728
2538,102.438804626
2544,106.998319626
2553,105.513360977
2556,92.2187290192
2558,91.1855068207
2559,109.732782364
2560,95.3006744385
2561,103.524881363
2562,93.0307044983
2563,104.150051117
2564,92.0797901154
2565,111.513242722
2567,100.879770279
2572,97.0648345947
2575,92.4928913116
2576,105.280176163
2577,92.6298618317
2578,92.856672287
2579,110.424592972
2580,91.8391704559
2582,104.40410614
2583,89.291343689
2587,93.3378982544
2589,103.653711319
2590,93.0526943207
2591,103.178771973
2594,98.1146011353
2597,95.9407787323
2598,98.575340271
2599,92.3421001434
2600,99.3743343353
2602,105.086303711
2603,96.9988441467
2604,98.7865257263
2606,104.233325958
2607,91.3289146423
2608,100.139825821
2613,102.83496666
2614,97.9588737488
2615,103.175891876
2617,104.211977005
2620,94.3980979919
2623,106.972770691
2624,99.0769119263
2627,102.831438065
2629,91.3291187286
2630,100.036939621
2632,94.0772266388
2636,97.9325752258
2639,91.3325634003
2640,100.101564407
2642,102.998306274
2644,98.6400718689
2646,103.435434341
2647,97.1875305176
2649,92.5322818756
2650,101.752693176
2652,98.4319419861
2653,96.0876998901
2655,103.112356186
2657,110.866353989
2659,106.626241684
2662,90.867641449
2663,109.16037941
2664,91.3136444092
2665,98.116312027
2670,93.1207962036
2671,100.04794693
2672,91.0040550232
2675,98.4391765594
2677,104.565158844
2679,111.261852264
2683,103.551048279
2684,98.8741416931
2685,92.861743927
2688,98.8524627686
2689,95.7041568756
2690,102.126022339
2693,93.3144359589
2694,105.240882874
2697,97.4631652832
2699,92.900604248
2703,99.631275177
2705,99.908416748
2709,90.071844101
2710,93.5106067657
2711,103.91071701
2712,91.4668598175
2713,93.4530658722
2714,109.127231598
2715,91.3401813507
2717,89.350484848
2718,104.358343124
2720,102.864837646
2721,92.4912166595
2726,93.7577209473
2728,93.4364395142
2731,98.5858020782
2732,107.684921265
2734,97.70054245
2736,97.9969940186
2737,96.8458003998
2738,96.9163589478
2739,115.341543198
2746,91.0985240936
2749,98.0100803375
2751,116.697402954
2752,100.789718628
2753,92.4069023132
2757,99.8013572693
2758,93.529882431
2759,108.147575378
2760,91.6451911926
2762,104.403488159
2764,93.3089294434
2765,109.525602341
2769,107.673667908
2771,104.670726776
2774,98.3224697113
2776,92.5455665588
2777,108.297525406
2778,97.7801074982
2779,104.519304276
2782,89.5667057037
2784,95.2094345093
2787,91.7021331787
2789,97.2663154602
2792,93.8611488342
2798,95.699514389
2799,98.896156311
2800,92.912355423
2801,98.1812705994
2802,97.351316452
2804,91.7714805603
2807,97.0305900574
2808,96.1831054688
2809,110.432800293
2811,113.506259918
2812,91.9588947296
2814,88.7895698547
2816,98.9539813995
2817,108.788223267
2818,109.529294968
2820,109.520938873
2821,91.0058174133
2822,92.8588256836
2823,105.012542725
2824,102.002801895
2826,91.8997135162
2829,97.8143978119
2834,95.2991027832
2835,81.2825984955
2838,96.2668323517
2839,108.37657547
2840,96.9959545135
2841,108.785516739
2842,94.9131221771
2846,111.210445404
2848,93.0099010468
2849,92.152431488
2850,108.262020111
2851,91.7416305542
2853,93.0472717285
2854,102.999347687
2858,107.092411041
2861,91.9526176453
2864,97.9442424774
2865,109.222852707
2866,103.415805817
2867,91.564409256
2868,102.105342865
2870,102.949941635
2877,94.8628673553
2878,102.840539932
2880,102.625217438
2882,93.8495731354
2883,92.7014007568
2884,99.227853775
2885,93.711435318
2887,95.8163890839
2888,103.263648987
2889,91.1969165802
2890,98.5762233734
2891,92.209104538
2892,114.419582367
2893,99.7876396179
2898,108.915985107
2899,93.4100341797
2900,111.02472496
2901,93.3855133057
2909,97.2805137634
2910,103.30582428
2911,108.211078644
2913,114.112230301
2914,94.545003891
2918,98.6966896057
2919,104.667488098
2920,95.4362030029
2921,102.85316658
2922,99.7143993378
2923,100.671907425
2925,107.284515381
2926,91.3235473633
2927,102.612949371
2929,102.283641815
2933,92.1886100769
2934,106.259252548
2936,109.211616516
2941,101.714061737
2942,94.3623123169
2943,106.160741806
2945,102.728780746
2950,93.87657547
2951,104.070150375
2953,108.954866409
2954,92.8155403137
2955,100.733659744
2956,95.6815757751
2960,94.9753627777
2962,98.7701969147
2963,103.320989609
2964,98.7182693481
2966,94.6585845947
2967,104.049860001
2968,105.463470459
2969,92.1645965576
2971,100.931322098
2972,98.134185791
2974,97.8260059357
2975,110.072364807
2977,116.916400909
2980,103.940570831
2981,92.3884162903
2983,94.3267383575
2984,101.957357407
2985,116.507070541
2986,103.426416397
2987,98.0004711151
2989,93.7634735107
2990,102.610673904
2991,92.7983112335
2992,81.1156597137
2995,101.456832886
2996,103.408491135
3002,114.156747818
3004,110.461830139
3005,117.884597778
3006,96.1324501038
3010,95.7820739746
3011,102.800157547
3014,93.6898593903
3015,102.083593369
3016,93.5304775238
3017,112.001813889
3018,100.128139496
3021,99.6645889282
3024,99.6777210236
3028,94.9137153625
3030,100.061216354
3032,92.4995193481
3039,94.0268669128
3040,103.044618607
3041,102.787376404
3043,96.3037624359
3044,103.827569962
3046,110.239135742
3055,96.8692989349
3056,108.873245239
3058,94.2431163788
3059,106.908613205
3061,116.337680817
3063,104.024822235
3066,98.5498485565
3067,99.7072639465
3068,94.8676052094
3069,93.2479057312
3072,113.25210762
3073,104.396417618
3074,98.5338783264
3077,96.219285965
3082,92.5354137421
3084,101.537679672
3085,109.772909164
3088,100.495405197
3091,91.1973152161
3092,103.812292099
3093,103.577156067
3094,99.4324684143
3096,110.477350235
3097,94.20703125
3098,95.9973506927
3102,116.761478424
3106,92.191110611
3109,100.602901459
3111,91.5155887604
3112,117.879150391
3113,94.3676662445
3115,104.824769974
3116,104.883869171
3117,94.2613983154
3121,113.297542572
3122,94.0830764771
3123,96.0953521729
3124,102.93315506
3125,93.5262527466
3126,99.4063434601
3127,115.470401764
3129,93.5057353973
3130,106.717878342
3132,100.951065063
3134,100.524806976
3135,95.9690380096
3137,88.767824173
3138,92.4749336243
3140,95.1238307953
3144,106.706388474
3145,96.3242340088
3146,103.559675217
3147,93.7633304596
3148,98.5941696167
3149,101.441976547
3150,105.345825195
3151,102.376932144
3152,98.6393527985
3155,96.5784435272
3156,108.045410156
3159,95.5158748627
3161,96.3241176605
3162,102.902679443
3163,96.1669578552
3165,98.5216293335
3172,96.158159256
3173,105.552354813
3176,95.1320304871
3177,100.998109818
3179,110.130270004
3183,101.493745804
3186,97.6104011536
3187,99.2721996307
3189,108.789987564
3190,104.74864006
3192,115.460674286
3193,96.158159256
3194,104.025655746
3197,93.8254947662
3198,97.0743312836
3200,95.2181625366
3201,114.247341156
3202,97.0743312836
3204,97.8164596558
3205,93.3715858459
3206,106.323974609
3208,101.080501556
3210,98.6105556488
3211,94.0965423584
3212,116.304861069
3213,92.521572113
3214,112.455503464
3216,100.18706131
3219,93.2431964874
3220,105.111391068
3221,94.3213577271
3226,101.567121506
3227,96.7216796875
3228,114.406188965
3229,103.357772827
3232,80.308142662
3233,95.2771949768
3234,92.716255188
3236,97.8762187958
3238,103.791009903
3239,110.775127411
3240,94.6116161346
3247,104.669378281
3249,101.099182129
3252,116.58662796
3253,98.6887187958
3254,98.8288612366
3255,94.745672226
3256,114.712280273
3257,101.468330383
3262,98.436630249
3263,99.4492912292
3264,95.6511898041
3266,104.41062355
3267,92.6820583344
3269,102.456007004
3272,116.500524521
3274,93.8293476105
3275,103.692909241
3277,93.7490959167
3279,104.721662521
3280,102.73041153
3283,99.1608352661
3285,97.8759021759
3287,93.9697093964
3288,99.6874713898
3290,100.579641342
3291,93.4149398804
3298,104.001344681
3299,94.9709835052
3302,113.268690109
3303,101.684072495
3304,101.337902069
3307,96.3090953827
3309,104.211679459
3314,95.0482139587
3316,111.089157104
3317,95.743724823
3319,95.5762615204
3320,105.988262177
3321,95.7547225952
3322,101.850057602
3324,93.2831134796
3326,100.505889893
3329,110.85666275
3330,94.6628894806
3331,104.595338821
3335,116.206256866
3337,93.2750377655
3338,100.323669434
3339,92.2188224792
3340,104.566596985
3341,93.4075107574
3343,90.4758110046
3346,93.3246879578
3348,93.1773147583
3351,98.9760875702
3352,116.722673416
3355,89.9608078003
3356,105.818025589
3358,100.795009613
3359,96.177986145
3360,104.394699097
3371,111.891582489
3372,93.7563972473
3374,95.2479057312
3377,104.049325943
3378,89.5869159698
3380,102.584156036
3382,94.4649677277
3386,94.2844295502
3389,109.067686081
3391,99.7494888306
3393,91.1674995422
3394,100.357645035
3395,94.0168685913
3397,103.979366302
3398,93.9309597015
3399,90.6591110229
3400,92.10247612
3404,100.49751091
3407,105.408260345
3409,102.234165192
3419,92.3911323547
3421,101.674102783
3425,96.6240005493
3427,90.3006038666
3428,115.118879318
3429,103.781816483
3431,95.0341186523
3435,93.5082550049
3436,110.500183105
3439,98.0162277222
3441,95.6597747803
3442,115.06319046
3443,96.9253082275
3444,98.4269142151
3445,98.2252292633
3446,107.689100266
3449,97.9266033173
3453,92.2219161987
3457,92.4241275787
3460,99.2131309509
3461,92.2886123657
3462,99.8257713318
3464,102.589550018
3465,93.4867992401
3466,91.0721683502
3467,100.92032814
3468,91.4486675262
3469,96.3345432281
3470,97.6584148407
3472,104.218580246
3473,93.7264232635
3475,91.2580432892
3476,104.375169754
3478,100.924571991
3479,93.9204025269
3483,90.0819721222
3484,102.656301498
3485,95.6986236572
3487,91.4374237061
3488,103.77661705
3496,107.903663635
3497,94.5022525787
3499,93.48387146
3500,92.906545639
3501,92.9099502563
3504,92.7707901001
3508,107.372499466
3511,96.5872554779
3512,110.237709045
3515,95.4314785004
3517,97.417093277
3518,100.551540375
3526,110.373806
3528,121.929756165
3529,97.4871921539
3530,110.799741745
3531,99.4539356232
3532,108.421154022
3533,98.372013092
3534,91.8441867828
3535,93.3330173492
3536,97.0260868073
3537,102.592061996
3538,91.1138572693
3539,112.777019501
3540,99.5784816742
3545,108.137775421
3546,89.8631591797
3550,102.341335297
3551,92.8051509857
3553,91.2975597382
3554,99.2045593262
3557,90.9641036987
3558,104.566064835
3559,97.9143791199
3561,90.6825771332
3562,103.968132019
3563,94.275100708
3564,98.9642601013
3565,98.1994514465
3567,94.2882652283
3571,98.966758728
3572,97.5129985809
3574,91.763261795
3576,92.090587616
3577,105.195953369
3578,95.7692565918
3579,92.5582370758
3583,93.1259613037
3585,95.315984726
3586,103.917724609
3587,104.289182663
3593,94.1145153046
3594,109.073575974
3595,91.6827220917
3599,95.0119724274
3600,97.4912986755
3601,104.252878189
3602,97.9038295746
3604,93.5003414154
3609,115.604946136
3610,103.42508316
3612,103.401729584
3614,108.588451385
3615,92.7395973206
3617,103.1769104
3618,104.54444313
3619,105.723840714
3620,102.241241455
3621,92.4272117615
3625,93.0337486267
3626,99.4594535828
3630,100.565626144
3631,94.0904006958
3632,97.3998241425
3633,92.3698616028
3634,103.73260498
3637,92.3988361359
3639,98.5967769623
3640,106.69502449
3641,89.5509910583
3644,107.42555809
3645,93.4469547272
3646,99.2937049866
3647,92.4549503326
3648,102.495136261
3653,103.96509552
3654,100.304336548
3655,105.897012711
3659,98.4195785522
3660,93.5052661896
3662,112.183603287
3666,92.3091182709
3668,93.8366966248
3671,93.8726062775
3673,97.8728294373
3674,111.005098343
3675,98.9976329803
3681,91.4800548553
3682,104.078804016
3686,110.963991165
3687,93.3125152588
3692,94.0947685242
3695,103.216522217
3696,92.8414554596
3699,107.580373764
3705,110.947751999
3707,79.0245246887
3708,92.4905414581
3709,104.459177017
3710,93.6889476776
3712,94.8488254547
3715,103.08936882
3716,92.3186740875
3720,105.556993484
3722,79.0061502457
3726,92.73686409
3728,92.0576248169
3729,109.79516983
3731,98.1296482086
3735,107.10360527
3736,100.287656784
3739,98.5266418457
3741,104.296812057
3743,99.1865673065
3744,92.2558326721
3745,102.60546875
3746,94.3278160095
3751,100.480566025
3753,90.9538097382
3760,106.855035782
3761,100.751644135
3762,109.809404373
3763,98.8841629028
3765,97.1428890228
3768,105.455759048
3769,93.0976104736
3770,102.316333771
3773,103.988660812
3774,93.1321582794
3776,92.0562076569
3778,91.7096271515
3779,108.046075821
3780,93.4967880249
3781,110.521802902
3782,97.1671905518
3783,103.701839447
3784,101.899635315
3786,92.560459137
3789,107.587522507
3790,97.8864707947
3793,104.354398727
3795,102.821102142
3797,90.3106155396
3798,115.295087814
3800,110.056606293
3804,93.581653595
3810,100.19638443
3815,102.304479599
3816,93.581653595
3818,98.3547363281
3824,103.340379715
3828,97.5592079163
3830,104.476455688
3831,97.6489200592
3832,91.6839942932
3834,103.530952454
3835,90.5710849762
3836,111.686000824
3838,96.088010788
3839,113.672239304
3840,105.073133469
3845,99.9180316925
3846,107.000236511
3847,97.4102401733
3849,93.8408050537
3853,102.224405289
3855,106.385881424
3856,96.6874027252
3864,93.1309509277
3865,92.1143264771
3866,106.176040649
3867,99.2702884674
3868,110.049190521
3869,91.178188324
3871,91.4490222931
3875,99.8782463074
3876,95.4025878906
3878,91.7033863068
3879,103.822063446
3881,110.049190521
3883,110.230638504
3884,98.2883338928
3886,104.411804199
3890,95.0579147339
3893,103.707315445
3897,100.261322021
3901,90.0769386292
3902,111.165830612
3913,111.743255615
3914,93.5543308258
3916,89.7196388245
3917,103.877202988
3924,100.689464569
3925,93.0672206879
3928,94.2237930298
3929,102.768316269
3932,95.0275592804
3933,99.5551776886
3934,80.0528278351
3935,97.7364883423
3936,92.5083503723
3937,107.244525909
3938,96.6651763916
3939,111.892990112
3943,89.1633052826
3944,103.648900986
3945,103.037097931
3946,91.1158180237
3947,104.608573914
3948,98.756603241
3949,103.598049164
3950,92.3156661987
3951,110.35925293
3952,99.4188785553
3953,108.26177597
3961,111.552072525
3962,98.7853717804
3966,91.6326828003
3967,100.507110596
3968,93.5154647827
3969,105.269996643
3970,92.7584495544
3971,101.291778564
3973,91.3336143494
3974,107.851942062
3975,105.178064346
3977,97.4085159302
3979,103.524227142
3985,92.4011249542
3986,101.893217087
3988,110.583528519
3991,97.3084545135
3992,96.8336791992
3993,93.4927978516
3994,100.854846954
3995,107.488924026
4005,104.302391052
4007,90.0363788605
4008,100.313264847
4009,98.9946804047
4010,108.159660339
4011,92.5027866364
4012,90.8110599518
4013,101.171487808
4015,110.91888237
4016,110.989021301
4018,109.673427582
4025,92.6835308075
4026,107.709827423
4028,106.303817749
4029,95.1420993805
4031,93.9906635284
4032,103.377759933
4033,93.1202278137
4034,102.8671875
4037,89.6788406372
4038,99.1651821136
4039,94.795463562
4041,90.5189800262
4042,108.615791321
4043,93.0676288605
4044,99.5891361237
4045,89.2179718018
4046,107.94137764
4047,99.9798336029
4048,102.030866623
4049,92.6803398132
4051,98.6800880432
4052,101.559539795
4058,99.0549316406
4062,103.129501343
4064,103.737148285
4067,90.8123016357
4068,92.9985561371
4070,96.4988670349
4072,113.21487236
4074,105.858963013
4075,89.7476787567
4076,101.441524506
4077,97.2751026154
4078,109.127357483
4080,99.5609836578
4082,106.848566055
4085,97.0626411438
4086,116.105083466
4088,107.709827423
4089,92.1227684021
4092,93.5591831207
4094,99.3233089447
4095,105.240947723
4096,89.8829956055
4097,99.9154396057
4102,95.4367733002
4105,108.077915192
4107,108.833061218
4111,98.5633144379
4112,99.5110263824
4113,92.1881084442
4114,111.108129501
4115,99.6954021454
4116,103.651935577
4117,93.164018631
4118,90.5591850281
4119,109.146430969
4120,98.7634277344
4122,93.7224884033
4125,91.9570541382
4126,103.150758743
4129,103.46979332
4134,114.305496216
4137,89.722700119
4141,101.412225723
4142,95.4153766632
4144,95.9194374084
4145,100.702436447
4146,94.1638736725
4150,90.3512382507
4151,88.0925788879
4154,90.8029384613
4156,98.4940338135
4157,112.192474365
4159,110.989021301
4160,98.1740512848
4161,108.184799194
4168,92.1613540649
4171,101.296808243
4172,104.946271896
4173,95.5691013336
4175,92.5427398682
4176,99.612821579
4177,95.9730358124
4178,98.4749832153
4179,92.5799846649
4181,106.000835419
4183,95.1420993805
4184,107.464508057
4185,89.9214897156
4186,106.518829346
4188,107.518291473
4190,103.407333374
4192,97.6997127533
4193,104.18970871
4194,103.640197754
4195,92.5345020294
4196,91.6824493408
4202,94.2995510101
4203,105.221601486
4208,93.517326355
4209,108.00123024
4210,99.1842689514
4211,109.801340103
4212,115.840429306
4214,100.683834076
4215,92.1768512726
4216,112.67962265
4217,96.7085857391
4219,92.0438194275
4222,107.242977142
4224,92.047372818
4231,101.575300217
4232,95.1420993805
4234,99.2097206116
4236,95.9194374084
4237,98.6601009369
4240,92.0187473297
4242,100.234500885
4243,92.0202178955
4247,91.2126560211
4248,104.383113861
4249,92.5129070282
4254,99.3962287903
4263,92.2636070251
4265,105.054883957
4267,106.513519287
4268,103.058156967
4271,106.327001572
4272,94.5289497375
4273,104.456796646
4274,91.6522502899
4276,93.5583305359
4278,92.2964515686
4280,92.2698192596
4281,103.703462601
4283,100.19559288
4284,104.404428482
4285,98.846780777
4286,105.113283157
4287,95.2354240417
4288,107.526704788
4289,97.4126625061
4290,85.0399856567
4293,96.7584762573
4296,105.766727448
4297,94.4791374207
4299,97.3968353271
4303,110.965646744
4310,94.8143310547
4312,99.1785106659
4318,99.2857475281
4320,115.030569077
4322,101.405303955
4323,109.533397675
4325,101.673671722
4326,102.896476746
4328,99.9799861908
4330,101.738676071
4332,103.460695267
4333,94.1283683777
4335,92.8337135315
4336,106.234508514
4338,102.552734375
4341,96.4250202179
4342,98.0229206085
4344,99.218711853
4347,95.9002723694
4348,98.4778308868
4351,103.539428711
4352,93.0881195068
4353,110.219797134
4355,98.7956027985
4356,99.1623954773
4359,101.010482788
4360,93.2890205383
4361,99.3255367279
4364,92.7159156799
4365,98.059337616
4368,94.1780967712
4372,94.9203643799
4374,92.5096549988
4376,93.6793823242
4377,99.6563072205
4380,94.2014942169
4383,101.55267334
4384,92.7461929321
4385,101.183004379
4389,102.495746613
4391,94.4348087311
4392,105.497997284
4393,91.2962913513
4395,92.0376148224
4396,104.006317139
4398,106.591854095
4399,101.233089447
4401,92.1880092621
4406,94.4583797455
4408,101.345357895
4412,98.4859619141
4415,97.1788368225
4418,107.4811306
4419,92.5216217041
4420,94.5661392212
4422,103.821987152
4423,92.517786026
4425,90.3737487793
4428,108.840341568
4431,109.526832581
4434,100.111528397
4436,93.576292038
4437,104.108753204
4439,114.25592804
4440,95.9851894379
4441,106.512195587
4444,95.2643623352
4445,101.840435028
4446,91.7372341156
4447,111.420261383
4452,101.366676331
4456,106.717422485
4457,99.7481899261
4458,110.808057785
4460,99.3512954712
4461,114.822967529
4462,99.8352146149
4465,99.8588848114
4466,96.9394607544
4468,95.3905639648
4469,102.897798538
4472,106.621841431
4475,99.0103874207
4478,94.1601085663
4479,104.236972809
4480,93.8143920898
4483,81.265786171
4484,92.4859981537
4485,101.346340179
4486,93.6872196198
4488,94.4517936707
4489,100.530321121
4490,93.5260791779
4491,106.152727127
4492,97.8876647949
4493,102.944641113
4494,95.0100746155
4495,99.4774475098
4498,89.1927375793
4499,95.595790863
4500,101.612628937
4503,107.684207916
4505,100.154474258
4506,92.568567276
4507,91.7419090271
4508,99.4697208405
4510,104.597841263
4511,91.4382820129
4513,94.3651123047
4516,95.0202102661
4519,95.176076889
4521,94.3324890137
4531,93.4590244293
4532,95.0264186859
4533,102.090909958
4534,104.84145546
4536,99.445848465
4537,99.6916904449
4539,94.9671478271
4542,98.1946125031
4545,99.4165744781
4549,93.2933998108
4551,92.9285030365
4554,103.202096939
4556,111.912464142
4559,106.860227585
4561,104.394571304
4562,109.178695679
4566,112.866107941
4569,92.348279953
4570,104.086019516
4573,92.956905365
4574,100.279632568
4575,96.781496048
4577,94.1325817108
4578,107.505218506
4580,111.656892776
4582,100.273986816
4583,103.894420624
4585,95.2243518829
4587,99.445848465
4595,99.014749527
4596,108.539045334
4601,94.5872325897
4602,102.030366898
4603,94.3000411987
4605,106.927103043
4606,92.8708972931
4607,108.931804657
4608,95.1662559509
4610,95.403263092
4613,98.9481678009
4617,99.0110473633
4618,109.01590538
4619,100.572616577
4620,102.376264572
4622,98.3303108215
4625,99.2920036316
4626,99.445848465
4627,94.0071754456
4629,92.7750072479
4631,92.4664955139
4633,99.445848465
4634,112.570644379
4635,96.2624721527
4639,92.7376480103
4640,105.781381607
4642,101.773292542
4644,108.815420151
4646,99.445848465
4647,102.205099106
4648,96.2342758179
4649,91.6761188507
4650,105.194665909
4655,93.2933998108
4660,92.3636569977
4661,109.881921768
4662,91.2677211761
4663,104.697790146
4665,94.5425128937
4666,105.95429039
4667,103.617774963
4668,96.2750988007
4670,99.7357769012
4671,106.95488739
4672,94.1848373413
4673,101.541473389
4675,104.032268524
4676,95.6092243195
4677,106.22423172
4680,93.8202629089
4682,92.2140426636
4683,103.560335159
4685,98.6379318237
4686,94.2425079346
4688,106.201410294
4690,114.281383514
4692,112.087514877
4693,99.1651630402
4697,94.5729923248
4700,110.32575798
4702,109.545946121
4707,115.882528305
4708,98.9148769379
4710,88.7179336548
4716,98.1610603333
4717,96.1701564789
4718,96.2859573364
4720,94.357837677
4721,92.8343296051
4723,95.1546459198
4726,104.152297974
4727,93.6524391174
4729,97.2518806458
4731,96.1593666077
4732,105.784160614
4735,90.9230575562
4736,101.929418564
4737,95.9190940857
4738,107.784929276
4739,108.564546585
4744,101.296928406
4747,96.2698345184
4749,110.762870789
4750,98.9168739319
4752,106.138374329
4755,96.26537323
4756,102.282972336
4757,106.004339218
4758,96.061958313
4759,99.7596092224
4763,94.7804222107
4764,100.081933975
4765,98.1185874939
4766,93.6852359772
4767,106.89509964
4769,106.94818306
4770,93.8826599121
4771,82.5436325073
4772,100.975488663
4774,105.150659561
4776,108.841768265
4777,104.632650375
4778,95.7146377563
4780,101.315591812
4784,100.731046677
4786,96.7369861603
4787,95.5159339905
4788,101.355430603
4789,106.149024963
4791,99.2975273132
4792,99.3209381104
4795,108.482522964
4796,99.3972358704
4803,96.7087078094
4805,95.287071228
4807,92.7722682953
4809,101.443235397
4816,93.6571826935
4817,91.7609367371
4818,92.5762138367
4820,97.1676063538
4821,99.4924926758
4823,103.456895828
4824,100.813152313
4825,107.300792694
4829,100.846935272
4830,96.5865650177
4831,105.699207306
4833,98.9108829498
4836,98.0014858246
4837,106.171949387
4838,93.8854846954
4840,101.845218658
4841,96.6202201843
4842,93.6440124512
4843,110.61807251
4844,94.3183269501
4849,103.283971786
4851,104.674369812
4852,94.0543651581
4858,92.9882545471
4860,96.6228790283
4863,104.181137085
4864,95.5845737457
4865,107.48015976
4867,104.164011002
4868,101.851297379
4869,104.887342453
4873,92.9414405823
4875,100.611083984
4876,108.904823303
4877,96.6411705017
4878,108.922914505
4880,95.8781986237
4886,109.014493942
4888,101.435489655
4889,93.7428741455
4890,109.757705688
4893,93.1199531555
4895,96.000169754
4896,102.099308014
4899,102.235687256
4901,93.6678066254
4902,104.985069275
4903,97.8125839233
4904,106.026966095
4910,99.1949119568
4912,99.8339633942
4915,98.2705955505
4916,103.082654953
4917,100.025604248
4920,101.002622604
4927,102.312704086
4928,93.6044807434
4931,103.871084213
4934,94.5344867706
4936,96.066450119
4939,113.456220627
4942,106.029949188
4943,96.5432949066
4944,101.443063736
4945,98.6847763062
4947,109.544504166
4948,95.0337638855
4951,92.8771514893
4952,105.93378067
4953,99.7619152069
4956,97.7530498505
4957,109.593524933
4958,93.693561554
4960,91.7843933105
4968,93.0844955444
4969,102.679178238
4971,99.9692459106
4973,106.632638931
4975,106.288936615
4976,92.9067573547
4978,100.497653961
4979,110.386953354
4982,102.782131195
4983,109.899219513
4984,95.7011909485
4985,115.550731659
4986,96.1091766357
4987,115.629570007
4988,97.3458366394
4994,101.912212372
4995,96.4265060425
5002,89.2867698669
5004,97.2995872498
5005,99.1561603546
5006,97.996301651
5007,98.3152618408
5009,110.361196518
5011,106.539758682
5014,93.8640575409
5015,101.747644424
5018,100.700027466
5019,108.162956238
5020,94.895608902
5021,109.281173706
5022,100.220443726
5023,102.751945496
5025,96.6103572845
5032,98.9089355469
5034,99.6917514801
5036,92.9396057129
5038,102.125722885
5039,112.407794952
5046,96.9635372162
5049,108.528997421
5051,95.052520752
5052,94.479057312
5053,104.813257217
5054,95.4514026642
5055,94.8048362732
5057,99.6210250854
5059,94.1168460846
5062,97.5047512054
5063,107.259939194
5065,114.044946671
5069,100.761938095
5071,95.2054233551
5074,109.584926605
5075,93.8586578369
5076,115.597465515
5077,95.1666793823
5079,102.520559311
5080,96.475484848
5081,106.533765793
5083,102.362640381
5088,98.7704410553
5089,94.3337192535
5093,110.347831726
5094,101.926263809
5095,97.01628685
5099,107.919530869
5101,104.495681763
5103,100.154720306
5104,95.22697258
5105,109.777208328
5107,95.0760250092
5108,111.672628403
5109,95.1385173798
5111,94.5731678009
5112,109.44694519
5113,101.011804581
5114,106.347219467
5115,99.0510940552
5118,92.3986110687
5122,93.9386768341
5123,93.3579235077
5125,94.1043930054
5127,98.7848300934
5128,95.6906929016
5129,111.832836151
5132,96.8859519958
5134,112.3171978
5135,92.7960548401
5137,107.393827438
5142,92.8274669647
5143,99.9283542633
5144,100.735982895
5148,99.1761169434
5149,94.2610473633
5150,102.393955231
5154,93.6981563568
5155,92.0371456146
5159,100.916627884
5164,92.9139232635
5165,113.729232788
5166,95.4753761292
5167,110.773260117
5169,91.478767395
5171,91.4054584503
5172,103.604644775
5176,93.1290798187
5184,109.299554825
5185,92.7783565521
5186,110.619846344
5188,103.616973877
5189,109.483724594
5190,98.7988452911
5191,113.729232788
5193,104.055318832
5196,93.9220142365
5199,80.3907337189
5200,101.599534988
5203,94.0813007355
5204,121.96210289
5205,95.9232616425
5207,100.957918167
5208,107.981452942
5212,91.9968833923
5214,102.11532402
5218,98.2262840271
5220,101.862756729
5222,93.0509529114
5224,98.7837810516
5225,100.227022171
5227,110.947368622
5229,101.748413086
5232,91.0142211914
5233,113.298377991
5234,102.31820488
5237,104.425462723
5239,110.283163071
5240,97.8170394897
5241,110.924413681
5244,94.3301086426
5248,105.863491058
5251,91.4674034119
5253,99.1325817108
5255,97.3546657562
5256,99.7791366577
5257,97.4452171326
5259,98.9772014618
5260,104.607584
5266,93.2302780151
5268,98.0757083893
5275,104.63668251
5276,104.539806366
5277,95.1062278748
5279,97.8113536835
5280,100.721220016
5281,93.6939640045
5283,95.3328399658
5284,79.5360717773
5285,95.611738205
5286,99.7553787231
5287,94.5766544342
5289,97.6320438385
5290,104.081373215
5292,107.896642685
5293,95.0454597473
5294,99.1672725677
5297,98.7555122375
5299,98.7226791382
5302,90.1149291992
5305,80.9143238068
5306,97.2338848114
5308,89.7978935242
5309,99.7117290497
5310,105.998718262
5312,104.04734993
5316,107.977207184
5317,96.621421814
5319,93.3135967255
5320,96.1401615143
5323,93.5617904663
5329,110.067453384
5331,108.643482208
5334,104.54186821
5336,103.484016418
5338,99.8283748627
5341,94.8243999481
5345,94.6158561707
5348,95.7853317261
5349,106.773386002
5355,104.943986893
5356,94.0687484741
5360,101.574346542
5362,111.861925125
5364,111.583463669
5366,107.102048874
5367,93.2650680542
5368,93.6954669952
5370,93.5846481323
5371,93.4107265472
5373,102.994646072
5375,104.458347321
5376,94.0476016998
5378,110.709436417
5379,94.3163223267
5383,95.7014827728
5384,101.608060837
5389,105.728111267
5391,94.502494812
5393,104.65278244
5395,106.657812119
5397,105.083614349
5398,90.5563392639
5399,105.854061127
5401,117.568944931
5402,92.468875885
5403,103.989982605
5404,102.872646332
5407,92.5926895142
5408,99.8494739532
5413,105.207696915
5414,95.1351737976
5417,94.7562217712
5418,107.912528992
5420,107.989139557
5421,93.0920028687
5424,95.306640625
5425,122.029815674
5426,94.9693107605
5429,111.861642838
5431,92.3571987152
5437,99.9005737305
5440,96.2094078064
5444,103.832239151
5446,102.703828812
5447,92.5925445557
5451,96.0819072723
5452,112.732341766
5455,102.563289642
5456,98.9467525482
5458,99.8795471191
5459,114.849397659
5460,95.0248565674
5462,96.324804306
5463,109.385986328
5464,100.44884491
5465,112.131376266
5466,94.8345108032
5467,101.366453171
5468,93.5646877289
5469,106.706474304
5472,97.3572292328
5474,94.806224823
5475,115.1783638
5476,96.6365585327
5479,101.710729599
5480,104.898946762
5482,107.878765106
5485,92.4778575897
5486,119.075857162
5488,95.5511817932
5495,102.239154816
5496,95.5461177826
5497,108.906578064
5499,111.353023529
5503,94.0866832733
5504,101.4484272
5507,96.3517665863
5509,98.5830497742
5511,92.9497947693
5512,106.200656891
5516,102.142936707
5517,94.02734375
5518,100.808668137
5521,96.6067180634
5522,98.5278892517
5527,92.8529052734
5528,99.5137844086
5529,109.52322197
5532,93.5001430511
5533,109.733392715
5535,101.388248444
5536,99.8371429443
5540,98.9225215912
5547,96.8533821106
5548,109.714162827
5550,93.6889457703
5551,92.0807609558
5554,102.966344833
5555,92.6853523254
5559,109.868896484
5560,97.2082443237
5561,104.937747955
5562,92.8882389069
5563,107.754394531
5565,91.1854038239
5566,91.7501506805
5567,102.646808624
5568,91.9235992432
5572,93.635351181
5574,91.6448688507
5576,94.570098877
5579,104.74331665
5580,94.8589515686
5581,92.1240673065
5583,99.2775840759
5584,104.700912476
5586,105.410970688
5587,90.1340312958
5589,98.0486164093
5591,98.7175331116
5592,92.4256629944
5593,110.339294434
5594,93.4612693787
5595,79.6753568649
5596,104.053365707
5597,103.625391006
5598,114.347913742
5599,96.7765922546
5602,103.800901413
5603,93.4612693787
5605,91.1748523712
5607,99.5036716461
5608,108.996658325
5609,89.4278621674
5610,99.8682689667
5612,91.3287944794
5613,108.811805725
5614,99.1143054962
5616,98.853887558
5621,91.8082580566
5623,94.0896167755
5628,109.512533188
5629,98.8812770844
5631,92.3962364197
5633,103.609443665
5638,101.778577805
5639,94.1143016815
5640,102.145376205
5645,94.6991863251
5646,93.9198589325
5649,95.5921916962
5653,111.36223793
5655,110.641895294
5656,91.8520069122
5658,95.2441902161
5662,118.713106155
5663,90.7636508942
5667,93.8651256561
5670,96.8569164276
5671,98.7956314087
5672,91.7683372498
5673,99.6628417969
5674,93.5533618927
5675,101.094249725
5676,95.2730388641
5679,102.851131439
5683,109.058200836
5687,94.3111534119
5688,93.4675159454
5690,94.159488678
5691,103.454629898
5692,92.5818691254
5693,110.387935638
5694,93.7324504852
5697,103.617692947
5698,95.9687347412
5699,104.949922562
5704,94.7314186096
5707,102.946004868
5709,98.9063243866
5710,94.8962593079
5714,93.7812023163
5718,93.0572319031
5721,94.1288375854
5723,99.9456214905
5724,112.486793518
5725,97.4981060028
5726,104.922172546
5729,97.6525249481
5730,100.314527512
5731,95.1944293976
5733,92.9394111633
5736,91.1254463196
5741,97.1518955231
5745,108.781263351
5747,93.0905342102
5748,98.219493866
5750,104.185314178
5751,91.8318576813
5752,96.4652404785
5754,93.4089813232
5755,89.1951370239
5757,93.9464492798
5758,114.231956482
5760,99.387342453
5762,98.5998516083
5766,112.597700119
5768,93.6249237061
5769,114.199522018
5770,93.5223026276
5771,103.745029449
5772,90.5597877502
5773,107.832805634
5774,89.9447498322
5776,92.0629482269
5777,104.921058655
5778,93.961938858
5780,111.437566757
5782,92.0328636169
5783,94.0521583557
5784,94.675321579
5786,94.0463447571
5788,93.6607627869
5789,110.422639847
5790,97.5659046173
5791,100.488613129
5793,102.676361084
5794,95.0773048401
5796,114.564115524
5797,93.9349040985
5801,90.9413642883
5803,94.4145107269
5804,103.703678131
5805,92.5442276001
5806,93.4827632904
5808,108.179830551
5813,96.1727275848
5815,98.6840229034
5816,109.972654343
5822,97.8426074982
5823,105.414218903
5825,103.872890472
5827,104.444356918
5829,97.8111190796
5830,92.0733776093
5831,111.399236679
5832,97.8466529846
5833,108.076080322
5837,107.185087204
5838,90.7768421173
5839,94.7240314484
5842,102.15429306
5844,103.014024734
5845,101.189350128
5846,113.335035324
5848,93.1192035675
5850,104.471065521
5851,93.4481983185
5853,93.4178638458
5854,101.794672012
5858,102.175567627
5860,104.920448303
5864,98.9886512756
5866,95.3898277283
5867,102.666976929
5868,87.3482570648
5869,106.123689651
5870,98.6850318909
5871,107.728563309
5874,111.863861084
5876,103.8378582
5877,90.3013019562
5878,99.8047218323
5879,108.742383957
5880,93.5184383392
5884,95.1007919312
5886,112.413644791
5890,95.5400390625
5896,96.4894676208
5897,99.5105075836
5898,93.2840747833
5901,98.6435031891
5903,103.112569809
5906,99.7264442444
5908,101.913825989
5909,95.8976039886
5910,108.595693588
5911,95.1644973755
5912,110.554864883
5914,111.756771088
5919,104.050386429
5924,98.9017601013
5926,93.1574230194
5929,100.880933762
5930,90.3462543488
5932,93.5517616272
5933,110.183176041
5934,92.1274166107
5935,103.394952774
5936,93.0706977844
5937,103.652471542
5938,94.1542034149
5939,104.277402878
5942,111.253242493
5943,93.5344676971
5944,99.0852146149
5946,103.168756485
5951,92.6781463623
5953,98.7919845581
5954,95.4902839661
5957,101.70016098
5961,94.5937213898
5962,101.902633667
5964,88.3669090271
5965,94.5826587677
5968,111.030056
5969,92.6950435638
5974,99.3408889771
5975,103.765504837
5978,93.8681983948
5981,100.685958862
5982,96.7222881317
5983,114.770606995
5989,105.011571884
5991,92.4801864624
5992,99.7459659576
5995,93.6678771973
5996,100.318361282
5997,109.218364716
5998,97.0743675232
5999,76.5972490311
6001,109.829259872
6002,103.733186722
6003,107.825195312
6004,95.4902839661
6006,111.001005173
6007,90.8349914551
6011,96.3607521057
6012,101.499465942
6014,95.390619278
6015,98.5706596375
6016,91.7895870209
6017,106.946006775
6018,92.2639465332
6024,95.0907821655
6025,99.7478160858
6026,112.66614151
6028,109.026470184
6029,92.867401123
6030,93.0734653473
6036,111.029537201
6040,92.1762428284
6041,102.981348038
6042,98.4373226166
6044,92.2508468628
6045,100.026165009
6047,99.0106163025
6048,94.3088531494
6049,115.548089981
6051,116.01008606
6052,108.70388031
6053,90.1635227203
6054,103.452833176
6058,95.8784561157
6059,93.4730529785
6062,94.0257091522
6063,116.028396606
6064,99.3494739532
6065,92.1762428284
6067,95.8049983978
6068,102.999954224
6070,98.3760528564
6071,101.551614761
6072,110.200939178
6080,110.243707657
6081,94.898607254
6084,101.784152985
6087,88.6202468872
6089,101.814531326
6092,110.197078705
6094,91.2940139771
6095,104.233514786
6097,111.545837402
6100,96.9509525299
6104,100.371044159
6105,92.1631374359
6106,114.291870117
6107,79.6592998505
6108,92.8063049316
6109,110.135164261
6110,89.9599113464
6114,110.119735718
6116,98.5964336395
6117,98.3243675232
6118,91.418970108
6123,92.037820816
6125,103.823139191
6128,103.374212265
6130,98.6373004913
6132,109.434333801
6137,93.3326435089
6139,109.862707138
6140,101.377332687
6141,110.974536896
6142,100.911834717
6144,108.14692688
6145,94.4724807739
6146,92.467918396
6149,89.6471004486
6156,94.5433006287
6159,113.149950027
6160,101.411886215
6162,100.7318573
6164,109.537998199
6165,92.2848262787
6168,93.6404266357
6169,108.293296814
6170,96.2329540253
6171,105.452936172
6172,89.000749588
6173,107.547597885
6176,97.9552745819
6177,90.1894016266
6178,91.9686508179
6180,97.1669940948
6181,99.835401535
6182,94.3857498169
6185,91.200056076
6186,102.867881775
6188,103.726512909
6189,92.547252655
6192,101.738248825
6193,93.4835281372
6194,100.012918472
6195,97.8820743561
6196,117.060235977
6197,94.2898788452
6201,102.01877594
6202,99.070104599
6203,106.647716522
6204,92.2449073792
6207,117.371742249
6209,106.489688873
6210,91.0532627106
6211,104.367965698
6213,103.749235153
6216,89.8754329681
6217,97.9081554413
6219,91.206363678
6222,92.1067638397
6223,91.7958469391
6235,95.8346977234
6240,93.0686416626
6242,91.8832969666
6247,93.3904438019
6251,103.736345291
6254,109.761367798
6255,91.2930545807
6260,100.0946064
6261,94.6707057953
6262,98.5012569427
6264,103.420021057
6269,101.347702026
6271,104.85515976
6275,108.579011917
6276,97.9419841766
6278,92.5813884735
6279,110.326536179
6281,108.905696869
6284,93.6723632812
6286,98.2523841858
6287,91.2947406769
6288,91.3492298126
6292,101.380542755
6293,91.6948204041
6295,94.5742340088
6298,109.945697784
6300,109.065879822
6304,99.3316841125
6308,110.974557877
6310,95.771194458
6312,110.241025925
6320,95.0535812378
6324,91.4165668488
6325,103.82049942
6330,93.5355186462
6336,108.41711998
6340,102.048053741
6341,95.8327903748
6342,99.4731311798
6344,94.1891708374
6345,104.875135422
6347,111.871076584
6348,100.615291595
6349,109.809864044
6351,92.9083080292
6353,106.466072083
6354,92.2402591705
6357,100.174026489
6358,98.350151062
6360,98.4151687622
6363,109.308696747
6364,90.0899848938
6368,116.360448837
6370,100.951070786
6371,96.8912181854
6377,103.477262497
6379,91.641708374
6381,92.4835681915
6382,93.5473003387
6383,112.743350983
6388,104.360946655
6390,103.8887043
6392,98.0699977875
6393,95.02983284
6395,92.900384903
6398,99.5479984283
6401,93.6643714905
6402,100.793018341
6403,109.33748436
6405,98.6033668518
6406,92.2167778015
6407,106.111673355
6409,98.7296352386
6411,98.5591030121
6413,92.6629524231
6416,97.1657371521
6417,94.2906417847
6418,98.3731098175
6419,117.947912216
6420,109.270120621
6426,107.479837418
6429,98.5056781769
6430,94.1536712646
6431,109.082006454
6432,107.007823944
6434,96.1781520844
6437,108.818399429
6438,91.320066452
6439,100.962415695
6440,93.8673858643
6441,99.1927165985
6442,112.065929413
6443,93.0721931458
6445,93.2994937897
6448,102.681276321
6450,108.580818176
6453,94.4305686951
6455,93.4336795807
6457,101.013683319
6458,109.228982925
6461,93.5998134613
6464,103.383480072
6467,94.5231266022
6469,94.9489040375
6470,93.7360858917
6471,102.184961319
6473,100.087150574
6474,93.8872966766
6479,93.4794063568
6481,93.7293262482
6484,103.314554214
6495,100.989671707
6496,114.818769455
6505,112.049453735
6506,94.2761383057
6508,94.8796367645
6509,92.5642089844
6510,100.010059357
6512,102.431116104
6513,94.722661972
6514,107.85370636
6515,98.68318367
6519,94.9191875458
6521,91.4141120911
6523,93.9927692413
6525,103.114088058
6526,95.8956375122
6528,92.2544555664
6529,116.059099197
6531,99.4209442139
6533,100.939512253
6534,95.394739151
6535,103.181364059
6536,92.888053894
6537,106.941825867
6540,97.7310237885
6541,112.316070557
6547,94.8500289917
6548,108.877687454
6551,105.429553986
6553,109.586776733
6555,103.756593704
6556,95.22772789
6561,92.5904045105
6564,90.7662315369
6565,103.181364059
6568,91.8761672974
6569,111.859489441
6573,101.671472549
6574,93.3740119934
6577,102.51410675
6579,111.63757515
6581,92.7254981995
6582,107.828386307
6585,100.8745327
6586,96.5525951385
6589,98.7519397736
6590,93.6813545227
6593,92.5335540771
6594,103.375217438
6595,98.0335712433
6599,93.3593616486
6600,103.152109146
6601,111.052288055
6602,91.1362571716
6603,102.101268768
6604,96.222202301
6607,99.9883098602
6608,98.0140514374
6609,94.8949375153
6611,94.2742824554
6613,111.859489441
6614,97.9056053162
6616,97.593170166
6617,111.859489441
6618,95.8407993317
6619,99.5565567017
6621,103.712709427
6627,99.1200218201
6629,104.635988235
6631,93.1075935364
6634,91.8523082733
6636,94.3891487122
6638,91.8761672974
6639,111.859489441
6641,102.558897018
6642,99.1819438934
6651,112.308759689
6654,90.9176959991
6657,92.4266471863
6663,91.3629550934
6665,107.905967712
6666,92.9355278015
6668,96.0227298737
6669,103.951993942
6670,91.707824707
6671,92.9363059998
6673,92.8985557556
6675,98.0271587372
6676,93.2469081879
6677,90.7005882263
6679,101.965339661
6680,105.193349838
6681,100.03310585
6685,100.361099243
6688,94.9826049805
6689,97.5814437866
6690,107.190876007
6692,111.86164093
6693,99.6253604889
6694,100.533327103
6698,117.306444168
6699,92.0913696289
6700,105.013357162
6701,100.926013947
6702,102.787202835
6704,97.5814437866
6707,108.914213181
6712,104.16664505
6713,99.2127304077
6715,90.4240894318
6721,106.509609222
6722,91.8563938141
6723,104.569396973
6724,91.5135707855
6725,116.25210762
6731,103.853065491
6735,84.4154052734
6736,90.522857666
6737,99.124797821
6738,94.1242103577
6739,98.245557785
6741,99.6045475006
6743,101.366739273
6745,95.9528846741
6747,108.235433578
6749,90.2921009064
6750,100.856225967
6751,114.912307739
6752,96.3814125061
6753,111.704097748
6755,107.188512802
6756,94.4447956085
6757,100.604789734
6759,103.627531052
6761,91.0106430054
6763,102.246553421
6764,114.508659363
6765,93.6340293884
6766,102.657043457
6768,110.501440048
6771,97.5206832886
6773,98.7012901306
6774,91.9590740204
6778,100.096933365
6779,95.0918006897
6781,92.2077541351
6784,92.0239830017
6786,97.3837127686
6787,104.616510391
6790,90.5751457214
6793,100.734619141
6795,109.968774796
6798,102.822942734
6806,98.1698207855
6807,91.6142463684
6810,99.1278476715
6815,109.298809052
6816,100.113901138
6817,96.3593597412
6818,96.9164009094
6819,97.954328537
6820,90.4662036896
6822,97.492181778
6823,114.192110062
6824,106.948526382
6825,97.3603382111
6828,92.9574928284
6829,114.210201263
6831,106.646844864
6832,90.5478363037
6833,105.211631775
6834,100.771623611
6836,94.4182529449
6837,103.065410614
6838,99.1715335846
6840,101.322422028
6843,89.6288375854
6845,89.8491706848
6846,92.2904205322
6847,105.672142029
6851,106.565116882
6852,98.9235801697
6853,104.809577942
6858,92.593372345
6861,102.060934067
6863,110.379180908
6864,91.0040416718
6865,99.7013206482
6866,102.715019226
6867,94.5291442871
6868,96.6046981812
6869,96.805814743
6870,106.950878143
6874,109.633716583
6875,98.394197464
6877,110.511201859
6878,98.7031764984
6880,98.8146381378
6883,109.197378159
6884,98.6317863464
6886,91.1204299927
6890,93.4234313965
6893,107.769906998
6894,90.0008621216
6899,110.548067093
6900,101.506933212
6904,97.8069839478
6905,102.317783356
6906,88.6446857452
6910,91.6212596893
6912,97.5452671051
6913,108.412746429
6920,92.8680667877
6922,97.8971652985
6923,109.924266815
6926,92.3665065765
6927,106.845329285
6928,90.4735851288
6931,105.240184784
6933,92.4676322937
6936,90.1747951508
6937,102.975574493
6939,106.032049179
6941,99.3047962189
6942,106.47142601
6943,93.9680957794
6944,98.6761169434
6945,91.4115924835
6946,108.598051071
6947,114.397888184
6949,98.6804790497
6951,97.4494667053
6953,104.226465225
6954,98.887840271
6955,103.10928154
6963,109.720327377
6964,92.8346805573
6966,93.054107666
6968,91.3190364838
6970,98.8255195618
6972,107.990068436
6976,106.474998474
6978,102.7208004
6981,98.4058094025
6985,103.515865326
6986,91.3945407867
6987,109.070131302
6989,108.067605972
6991,114.176797867
6993,107.691724777
6994,98.1937332153
6995,110.078392029
6996,99.2266578674
6997,109.54224205
6998,90.0852508545
7001,110.531002045
7003,106.046327591
7006,90.6271133423
7008,97.619058609
7010,89.1552696228
7011,93.3188304901
7012,107.768474579
7013,90.2543773651
7014,103.18872261
7017,100.530578613
7018,95.3470878601
7019,90.48005867
7023,91.2184371948
7024,95.793712616
7025,91.8987827301
7026,103.61738205
7027,91.1464004517
7028,110.218490601
7030,109.909982681
7031,94.5424232483
7033,106.401493073
7036,93.7493019104
7037,94.7260551453
7039,98.1301517487
7044,90.7865161896
7045,103.053710938
7046,91.786813736
7049,98.7438392639
7050,96.3309822083
7051,98.8604507446
7054,106.300609589
7055,97.7742576599
7057,93.4511947632
7060,110.548086166
7061,92.9261074066
7063,90.2387428284
7064,102.885986328
7067,98.8764514923
7071,92.3952312469
7074,98.3021907806
7075,91.393787384
7078,103.053710938
7079,96.3591003418
7080,105.465379715
7081,94.4833850861
7082,102.401037216
7083,91.9279212952
7085,112.646558762
7092,97.9500427246
7094,93.6288871765
7100,97.0995502472
7101,104.583105087
7102,102.695083618
7104,104.231405258
7105,93.1603813171
7106,95.6995124817
7107,97.7506217957
7108,91.4751777649
7109,96.9530353546
7110,102.985925674
7112,93.0577220917
7113,99.3304290771
7114,93.1389122009
7116,102.935897827
7117,102.856573105
7118,98.4135437012
7120,93.3473758698
7121,98.9648532867
7123,98.0673809052
7124,97.7381267548
7127,103.918397903
7131,98.3084106445
7132,96.9625301361
7133,89.909658432
7134,101.483001709
7135,96.2138538361
7136,102.219892502
7137,91.7147846222
7141,97.0039653778
7144,97.7847919464
7147,104.223258972
7148,90.685464859
7150,98.2747764587
7151,93.3473758698
7152,97.4724960327
7154,91.4394073486
7156,98.8582172394
7157,99.451166153
7159,114.252971649
7161,93.1900939941
7163,91.2145843506
7164,96.7979183197
7167,91.4004707336
7169,99.6532154083
7170,92.9885787964
7173,91.4864177704
7174,98.5603637695
7177,103.681877136
7178,99.3531742096
7179,90.7362976074
7180,83.347032547
7181,110.648071289
7182,98.1795253754
7184,94.8024463654
7185,112.511108398
7186,96.8465976715
7187,111.182775497
7188,89.913684845
7189,104.605709076
7191,98.3050231934
7193,108.882482529
7197,100.815225601
7199,94.6966819763
7200,102.404829025
7201,96.2405815125
7204,100.368570328
7207,107.390300751
7209,110.414785385
7210,97.782535553
7211,98.4999294281
7213,97.4292755127
7214,109.586578369
7216,106.986024857
7217,100.940172195
7220,109.755483627
7224,109.974229813
7225,97.2720279694
7226,106.985227585
7227,92.7903499603
7234,112.558551788
7236,81.2338085175
7239,98.4633960724
7240,92.5575523376
7242,109.467802048
7244,107.49842453
7245,92.9813842773
7247,110.814476013
7248,97.7418556213
7249,113.534950256
7250,101.484239578
7251,90.0223999023
7252,103.839357376
7253,91.0879306793
7256,92.9493637085
7260,100.761884689
7261,104.58574295
7264,94.7771186829
7269,111.043224335
7270,99.0840759277
7273,109.542938232
7279,87.8189144135
7281,109.788900375
7284,97.1033363342
7285,108.508203506
7286,113.255504608
7287,96.2566757202
7289,93.9354534149
7292,90.5153217316
7293,99.9950008392
7296,95.0599708557
7297,104.30484581
7298,97.1607131958
7299,104.10046196
7301,98.4540500641
7304,108.106740952
7306,110.604227066
7308,93.9354534149
7309,96.254486084
7312,91.4002399445
7313,91.0737876892
7314,101.051595688
7316,92.9686393738
7319,106.09062767
7321,93.6729640961
7323,95.1800899506
7324,98.7800617218
7325,91.8825721741
7328,98.5466213226
7330,91.0001182556
7334,91.7877559662
7337,110.551475525
7338,91.7925567627
7339,98.5168228149
7341,91.2895278931
7342,108.448713303
7344,110.624017715
7345,108.548362732
7347,108.362272263
7349,109.722290039
7350,92.5395641327
7353,108.390233994
7355,102.689531326
7356,89.8067512512
7357,107.518751144
7358,92.1498470306
7360,88.7550697327
7363,98.9166946411
7364,94.6817378998
7366,93.1238899231
7368,90.6672306061
7369,107.01839447
7370,98.1974010468
7373,98.0335636139
7374,110.879810333
7375,93.9780387878
7377,93.4946269989
7379,96.4185409546
7380,112.872741699
7382,108.299722672
7383,100.595928192
7385,92.2168903351
7386,100.387880325
7391,92.0234012604
7394,103.799976349
7396,101.31782341
7397,88.9908618927
7399,93.3579120636
7400,96.4290409088
7403,91.1704082489
7405,104.380922318
7408,104.378175735
7414,110.103448868
7416,99.6108226776
7417,89.7533035278
7419,88.6771183014
7420,101.502025604
7421,92.5641059875
7422,95.4348373413
7423,99.9048252106
7425,93.5279655457
7430,97.8739337921
7432,92.2406826019
7433,92.4189624786
7434,106.460096359
7436,102.700378418
7437,90.2936306
7438,101.032649994
7440,99.7546100616
7441,92.6266460419
7442,106.713996887
7445,106.595207214
7446,97.2701625824
7448,102.290254593
7450,100.860450745
7451,93.8374500275
7454,105.173995972
7455,91.7721099854
7457,102.548528671
7459,97.4913043976
7462,98.1046295166
7464,93.8374500275
7465,106.754535675
7466,96.8479537964
7467,106.674154282
7469,104.692865372
7472,97.9932155609
7473,110.336479187
7479,91.6663722992
7480,98.3023090363
7484,108.610305786
7491,92.2240829468
7494,97.83934021
7495,94.5678310394
7501,95.9592494965
7503,97.9146957397
7504,99.2021942139
7505,95.0646877289
7508,101.832920074
7509,91.3053569794
7510,90.9536209106
7511,110.709758759
7515,91.9814968109
7516,98.1217422485
7517,96.0284881592
7518,95.6752414703
7519,92.4939918518
7521,93.9690742493
7522,97.8829727173
7524,101.016784668
7526,95.41563797
7527,95.1913528442
7528,96.6666126251
7529,91.0149307251
7534,103.36951828
7537,104.138288498
7538,89.8499240875
7540,95.6702404022
7541,103.139955521
7545,112.336763382
7551,107.300855637
7553,93.105638504
7554,96.6506023407
7555,96.4419288635
7561,101.124797821
7562,98.230890274
7564,94.1028957367
7565,99.1557884216
7566,93.6101036072
7567,107.888561249
7569,97.4327716827
7570,96.6509189606
7571,111.461614609
7572,90.5348014832
7574,97.935174942
7578,102.732429504
7579,98.8082618713
7586,90.6983699799
7587,88.6788902283
7590,92.3431472778
7593,110.217777252
7594,92.9077281952
7595,93.6040458679
7600,91.2512493134
7601,94.4871253967
7602,97.6617774963
7603,102.118278503
7604,91.7795810699
7606,98.0675945282
7608,107.545969009
7613,92.1522369385
7615,106.931808472
7616,102.615633011
7617,103.831996918
7618,95.1605148315
7619,98.5710029602
7622,93.9423713684
7623,97.4017105103
7624,90.9333057404
7625,98.0382919312
7626,93.9870090485
7627,96.4224910736
7628,91.2092876434
7631,99.0210266113
7632,99.076210022
7633,91.5795001984
7634,110.150289536
7635,98.370798111
7636,110.043149948
7637,110.043149948
7639,90.4637718201
7640,93.0621547699
7644,101.948774338
7645,98.4210014343
7648,97.0658454895
7649,95.4977321625
7650,106.667411804
7652,106.64824295
7653,92.2310523987
7655,96.2547950745
7659,106.951551437
7662,95.0377864838
7664,99.3318881989
7666,95.7731113434
7668,92.4405097961
7669,104.874134064
7670,99.1982212067
7672,90.2290248871
7673,107.508178711
7678,90.553319931
7679,90.377286911
7680,99.0990524292
7683,90.2439918518
7685,113.00535965
7688,94.3410491943
7690,102.547834396
7692,91.5495548248
7693,97.9006748199
7695,110.156547546
7696,93.5278511047
7698,100.676750183
7699,109.038391113
7702,90.1006832123
7703,107.014398575
7704,95.5331745148
7707,110.585380554
7713,92.9539661407
7715,97.604227066
7717,103.029689789
7718,100.62046051
7719,100.943162918
7721,107.578872681
7722,94.7065505981
7725,97.9599914551
7727,98.1183929443
7730,82.1671924591
7733,99.9718017578
7735,97.5878582001
7740,110.590896606
7741,108.527494431
7742,91.8568477631
7744,113.651878357
7747,94.5929641724
7750,94.7770042419
7752,107.831720352
7754,105.987239838
7756,103.754123688
7757,95.2676792145
7758,99.4102725983
7760,100.66818428
7761,93.9296760559
7763,109.002637863
7765,95.2174911499
7767,111.278766632
7768,94.1432113647
7771,93.8039550781
7773,99.9389343262
7774,112.007223129
7776,102.46175766
7779,95.6870193481
7783,93.6819458008
7786,102.609220505
7787,94.0766124725
7789,95.1615982056
7791,91.592092514
7793,93.48595047
7794,106.653934479
7795,95.0515518188
7799,92.5214424133
7800,106.819133759
7802,99.2917728424
7805,108.211439133
7807,98.3520851135
7808,91.9208488464
7811,99.5676307678
7817,103.636182785
7818,100.456323624
7819,96.3915729523
7822,92.7231330872
7823,104.754875183
7825,108.844348907
7828,98.6006832123
7832,102.831180573
7833,93.0130195618
7834,109.164564133
7835,96.0361232758
7837,94.5527801514
7840,96.4089889526
7842,93.3222103119
7843,103.772590637
7844,94.4178962708
7846,93.8579101562
7850,96.9781856537
7853,103.844266891
7855,109.469913483
7858,93.690536499
7863,103.248094559
7865,103.461978912
7866,93.3338680267
7868,93.2138881683
7869,105.901065826
7871,92.9965858459
7872,100.34919548
7874,99.5334129333
7877,107.79602623
7878,100.827243805
7879,103.305593491
7881,101.720939636
7883,93.5977878571
7885,100.130569458
7886,95.1161155701
7889,98.7457733154
7890,101.408336639
7891,93.9779586792
7893,100.17363739
7894,99.0039596558
7896,107.560106277
7898,97.7289924622
7901,94.7189598083
7902,109.262468338
7904,108.713590622
7905,98.9744434357
7906,110.229890823
7909,97.3730812073
7910,99.6746768951
7913,95.1697559357
7918,102.636291504
7919,97.9650535583
7923,92.3439865112
7925,93.4156627655
7927,91.3303642273
7930,94.763879776
7932,101.527988434
7933,92.7445201874
7935,98.3108463287
7939,101.593551636
7942,99.2364597321
7943,108.879432678
7945,101.933048248
7946,91.9024505615
7948,93.620508194
7949,111.316192627
7950,93.0860042572
7951,111.208187103
7955,99.3482322693
7959,96.0456523895
7960,110.538728714
7961,94.1717853546
7962,99.113822937
7964,100.49792099
7965,95.1876678467
7966,102.899740219
7967,101.729858398
7968,94.5914802551
7971,102.717760086
7974,97.9604244232
7976,105.866645813
7978,103.714612961
7982,110.582372665
7983,96.7361164093
7984,98.9461174011
7986,100.446702957
7989,111.359834671
7991,109.387468338
7992,104.822799683
7993,93.4059276581
7994,103.273208618
7995,102.802350998
7997,89.4611244202
7998,98.9461174011
7999,103.658697128
8002,92.3652858734
8007,101.205602646
8009,93.807926178
8011,100.154806137
8013,94.7908229828
8015,99.1942520142
8017,102.692146301
8019,113.850191116
8023,94.3786010742
8024,109.328323364
8026,104.720182419
8027,99.5074176788
8029,92.6500225067
8030,104.726676941
8031,100.631744385
8033,99.2532539368
8035,94.2606945038
8036,102.91614151
8039,107.177305222
8042,90.4729442596
8044,93.0772762299
8046,93.5436630249
8048,107.211034775
8049,98.98802948
8050,95.9458618164
8053,95.5546455383
8054,100.482538223
8059,93.084186554
8061,99.8780879974
8062,108.085041046
8064,109.599695206
8066,99.6471385956
8067,101.595129013
8068,97.8202323914
8070,93.4395675659
8071,104.616857529
8072,98.6851902008
8076,94.0173530579
8080,98.6695384979
8081,113.758441925
8084,100.098266602
8087,118.189291
8089,90.6996746063
8090,112.716859818
8091,98.8894691467
8094,110.769638062
8100,93.581697464
8101,95.2374515533
8110,96.971282959
8111,109.315107346
8112,97.2201595306
8115,108.071065903
8116,96.9070796967
8118,109.592794418
8121,117.083377838
8125,103.608341217
8127,106.062200546
8128,98.9626693726
8129,109.334594727
8131,100.832464218
8138,96.4036884308
8139,98.2491760254
8140,93.4776420593
8141,99.8730125427
8142,102.493156433
8143,108.132043839
8145,104.689601898
8146,92.8124752045
8148,110.94603157
8153,102.857870102
8154,91.1701450348
8155,111.428022385
8161,100.425628662
8162,103.45700264
8163,93.5826911926
8166,102.124437332
8168,101.983009338
8170,97.3954601288
8172,108.689308167
8173,96.6728992462
8176,97.9033088684
8179,94.9873542786
8181,95.6506118774
8182,112.857099533
8184,101.528396606
8190,98.7154655457
8191,90.7548065186
8194,111.046913147
8196,109.903110504
8198,104.854814529
8199,100.633562088
8201,104.736745834
8202,93.8608970642
8207,94.9618930817
8208,109.351593018
8211,101.014436722
8214,104.553764343
8217,95.9112548828
8218,110.046068192
8222,101.075737
8229,97.0192298889
8231,99.0469112396
8233,96.6113014221
8236,95.1673336029
8238,111.443853378
8240,96.9253902435
8243,98.9183692932
8246,104.392532349
8250,94.0856246948
8254,94.9272766113
8256,94.300447464
8257,108.075902939
8258,97.0076560974
8260,99.0017585754
8261,109.050933838
8263,110.007129669
8264,96.4809474945
8267,109.959655762
8268,96.8163928986
8271,97.9003791809
8272,109.263978958
8275,95.5179424286
8276,97.3138027191
8277,102.991939545
8278,114.445611954
8279,92.9274978638
8280,106.986135483
8281,96.8522663116
8282,107.594924927
8287,104.349170685
8288,97.5667381287
8289,111.230514526
8294,100.642522812
8296,99.005191803
8299,111.207494736
8302,97.8041305542
8308,104.18021965
8314,99.4553890228
8315,94.5221004486
8316,105.738986969
8317,100.031009674
8319,103.910835266
8320,93.6843910217
8321,115.874427795
8323,100.040365219
8325,99.461101532
8326,103.678190231
8328,109.300378799
8330,106.969503403
8331,101.009597778
8332,106.887863159
8334,96.7181663513
8338,92.7890701294
8339,93.2287807465
8341,99.6141395569
8345,104.235675812
8346,97.425321579
8347,99.623790741
8349,93.3784542084
8351,100.8658638
8352,105.383455276
8353,110.493835449
8355,106.634828568
8358,105.048311234
8359,108.095565796
8360,98.0192337036
8361,106.56271553
8363,100.385446548
8364,94.8807926178
8365,103.011526108
8366,100.915922165
8370,108.76458931
8372,100.286809921
8376,98.7467937469
8377,110.738677979
8379,109.311077118
8380,94.7252292633
8381,105.549350739
8386,91.735212326
8388,100.708370209
8389,96.3409786224
8391,104.480979919
8394,95.5711078644
8396,103.341516495
8398,102.822147369
8400,106.001522064
8401,101.472679138
8404,100.024345398
8407,97.5333633423
8408,114.630741119
8409,110.858514786
8410,101.823928833
8411,94.6897373199
8413,98.3158111572
8414,103.858892441
8416,94.224395752
