ID,y
1,78.6550759383
2,94.2354748593
3,80.6348893833
4,77.8036553602
5,112.558126044
8,91.7995733471
10,111.822138501
11,93.9600451019
12,117.293345526
14,95.2906951395
15,116.56984327
16,103.226394584
17,96.9833857681
19,94.8058669934
20,106.201272618
21,96.5096530648
22,116.800742352
23,96.9961299669
26,95.2094594716
28,93.7127691972
29,96.9961314793
33,96.9960702768
35,94.3603676204
41,96.9705962781
42,94.0577076696
43,117.589167713
45,103.793589092
46,101.557286854
51,94.2953308421
53,80.7842967353
55,115.565750453
56,93.092858944
57,102.901771749
58,94.4996939877
59,103.678186743
63,112.826124346
64,95.1582736873
65,104.958776988
69,94.1982521382
71,96.7412837104
72,102.787200263
73,93.9880385983
76,103.52872182
77,107.932241208
78,114.334670289
82,94.4725030916
83,104.958776941
84,94.4963888935
85,103.582158834
87,111.903146385
88,96.970523164
89,113.485651112
91,93.8808305462
93,94.4029764521
94,106.3124345
95,94.0640764565
96,111.125426339
97,93.4733072295
98,112.442450297
99,92.9309573884
101,104.511319656
103,113.485651216
104,92.2167979453
105,111.816195687
110,96.4160484538
111,111.629156772
113,113.003310903
114,94.7961850365
115,112.059312811
117,113.48565108
120,92.5804816279
121,113.497078494
122,92.8645980373
123,113.011960381
126,110.858243908
132,113.825917196
135,103.275006857
137,103.412928472
138,95.6827725736
140,92.3893901225
142,110.387957263
144,113.059289909
148,90.9829433185
149,113.287108204
155,92.8456338231
156,112.2248225
157,93.4733072298
162,112.99666356
163,96.5731511853
167,94.2731447054
172,117.58904108
179,113.329596584
180,92.5281053887
181,110.551241615
182,96.3186087527
183,113.48565141
185,113.485650886
187,113.462469442
188,93.8253099662
189,94.2762936032
191,92.4235779105
192,114.581965584
193,95.3322428415
194,112.554463311
195,92.3651254594
196,114.292210317
198,95.6839611164
199,112.430091024
201,105.541464444
204,94.6969283027
205,104.201481817
206,94.6446791921
210,94.7040096816
211,104.511319495
216,113.229921975
219,117.282631833
220,93.4663652506
221,109.932333595
226,110.551432231
227,92.7704613832
228,111.909704023
230,111.792240562
231,93.4734423286
235,116.787746905
236,93.5926245031
238,112.387071707
242,105.597705645
243,93.4915543427
244,78.9770305071
245,112.470122821
247,112.542308317
248,93.0175820079
249,94.4861577369
250,113.399379995
251,93.5925228852
253,116.787641103
254,92.1080636915
256,95.2883567137
257,92.7279165872
258,113.768705243
259,93.5368536706
262,80.9413291408
266,93.788997529
267,112.714059496
272,103.218378723
273,113.485651339
275,93.2117731156
276,113.923732015
279,94.6150590971
280,104.958694543
283,93.648853019
285,112.170869932
288,113.485651
289,95.7742820327
290,106.436342948
291,94.7989921366
292,111.962120295
293,110.357935498
296,92.615943088
297,113.464646991
298,114.790999677
299,94.181260095
304,92.1534152599
305,78.7052531624
306,94.3435205717
307,110.919560939
311,112.789957904
313,111.004049156
314,91.8576319683
316,92.104417912
324,91.7508420001
327,95.1063967911
329,92.8666181558
330,112.167080015
337,106.04256388
338,94.3148920646
339,104.717158473
340,94.6735409339
343,92.857226489
345,116.267278982
346,94.2219005092
347,112.304552852
349,114.691209659
350,92.900627562
352,113.735787369
353,92.5712682327
354,78.6265157057
357,93.1372550014
358,112.159068695
362,112.85954796
364,118.487954272
365,103.224231002
366,93.5568585978
367,113.644726688
368,95.4964693061
370,78.8655099205
373,94.0659583
377,92.8507004559
378,108.874451168
382,103.23894785
384,111.619679488
390,93.3884305075
392,113.305003266
393,112.419826699
395,95.0925236023
396,106.621222273
399,79.5714916695
406,111.004049151
408,111.003972576
409,92.5229734608
410,76.9943845125
412,113.181209072
413,92.1212590388
419,94.1750403839
420,112.088654051
421,91.2996839849
430,99.3745267295
434,93.7495359432
436,95.8013720147
437,92.073200518
438,92.6183592348
439,111.743246557
440,94.0300227654
443,113.550654881
446,94.5848750501
448,93.6001254517
452,93.7868853812
453,104.121595478
457,104.051451088
458,93.7884096247
459,115.830165181
460,103.450678902
462,105.295546387
464,103.276886766
465,116.992191847
467,118.928552366
471,111.683304575
472,77.1112423963
473,93.9655789343
475,95.5162630286
480,93.2824398558
488,110.475563449
490,110.918776191
491,103.004479872
492,79.9597829415
493,93.3087014044
497,92.8408449592
498,113.263808718
499,94.3629458058
500,100.810104879
501,94.4372228562
502,111.813762667
506,78.4931445954
510,108.333540086
511,91.955746266
512,92.9638586353
516,92.7503381848
518,92.9238309101
519,111.842641176
521,92.3586928171
522,111.083326236
526,112.3600699
529,94.3121096473
532,111.922590945
533,93.5933823303
536,112.691470119
537,100.234941619
539,94.613085834
540,103.329754124
541,95.0644721577
543,94.6351164108
546,112.750799266
547,92.3619718297
548,80.4227450451
551,93.0722473248
552,103.640985637
556,105.274092157
557,96.6967946888
558,113.644838013
559,95.4916242065
560,102.591935011
562,104.084961745
566,94.1947503986
570,113.263736476
571,92.073208324
572,104.668682696
573,94.1008544116
575,116.992287099
576,111.310068947
577,93.8644059422
579,91.1932316564
580,109.950329411
581,114.184823079
589,110.919561239
591,102.484578642
593,94.6824899794
594,104.689730188
595,94.4188464441
598,92.1777864625
602,111.491976669
604,113.633076604
606,110.968682041
608,93.6287247097
609,104.221388654
610,93.3995332079
616,111.248299429
617,94.9038558018
618,102.144967589
620,104.392626297
622,110.245925481
623,91.6929576929
624,135.284463046
626,111.50059268
628,112.136642414
629,95.8612368243
630,111.502371848
637,95.2019609955
638,105.35883088
643,95.7101584051
645,93.2824399102
646,119.044284475
648,97.0141222483
652,93.5407566668
653,91.4243012045
654,113.263736556
656,113.400416318
657,95.8675920856
659,93.5997126572
660,103.178337111
663,93.1049155896
664,113.516992551
666,102.481344258
668,110.613746195
669,93.4478056623
671,95.8392733973
675,92.1798840134
677,92.0432853035
678,111.81461677
679,106.954514678
682,94.1319013874
685,103.658154488
687,95.5488322546
688,91.8764888264
693,108.732919866
696,94.9163049698
698,93.441151457
701,96.2678291027
704,105.330888364
705,116.994251058
709,112.7885212
710,93.8494484763
711,105.157628222
712,94.4847124698
714,110.853968481
715,93.054717255
716,111.207420793
717,94.5315479333
720,116.558081453
721,92.4238803277
724,101.434206853
725,95.1234160361
726,111.430343037
728,111.61000624
731,93.1150960181
734,104.059496152
738,94.1355036941
745,111.58951612
746,92.5991765426
751,77.6667001772
754,93.6362636021
756,93.3215815488
758,93.2058691574
759,110.565219106
761,116.999866782
766,94.0465806929
767,113.265137696
768,91.9823985946
769,113.011919636
770,93.9813971108
771,80.2502135376
772,105.531149067
773,93.1888166734
774,112.899472566
776,111.911042393
777,92.8843913988
780,117.589355144
782,103.619446478
787,103.280488708
788,94.9033640473
792,91.2793171507
793,113.36133125
798,92.7027793187
800,91.9853147851
806,111.207420799
809,111.353582075
811,113.341920862
812,92.9678212232
814,117.281553791
816,103.293748494
817,95.5773860837
818,112.614361677
820,111.015144397
823,94.6517733526
829,90.9074386933
830,112.032454429
831,91.6089858795
834,110.872011859
839,95.1025338134
841,78.6930038143
844,104.405810854
845,94.3927267172
848,92.443926384
850,95.2080102931
851,103.645726506
852,92.4830085606
854,92.7169736616
855,95.5902916092
856,104.125134089
859,102.832893616
861,112.899472651
864,94.1291338724
865,112.249998023
866,92.3903725969
867,93.5796549917
869,94.1904335657
871,92.3897410373
872,111.207420794
882,102.832663051
883,94.0400182588
885,95.0869936454
888,95.4727730354
893,109.970067088
901,111.456090935
903,103.294565306
904,92.9331112116
905,104.436462673
910,94.2761325158
911,110.907536091
914,113.074266253
918,113.469626964
921,91.0461250317
928,95.2848568029
929,104.222897679
932,94.7625748154
933,107.163944276
934,94.2761326713
935,113.224015257
937,78.4267687725
939,94.4722924991
940,100.488470851
941,94.7460602011
942,103.688459598
943,93.7224515819
944,103.100615005
947,111.207420793
949,112.289501205
951,110.034340831
952,95.2055753218
953,103.2944786
954,78.6289292604
957,111.771250871
959,92.4175065568
960,117.806516289
963,117.281947673
965,111.207420795
967,103.065655171
971,94.4183400617
972,78.1502932255
973,93.4671044453
974,112.778267579
975,94.1583858485
978,120.034637987
980,114.27658512
981,95.157767294
984,113.241076289
986,94.2761330109
988,91.9822802887
989,111.218387262
990,104.432494254
992,111.456160337
996,91.7574000869
999,112.866060756
1000,92.8994476407
1001,112.250069085
1002,91.5672305418
1003,111.910953008
1004,92.5244325157
1008,111.132440527
1009,93.8000625382
1010,107.683275435
1012,119.231558834
1013,92.2577445497
1014,113.197486073
1015,94.1235538249
1016,117.105543238
1019,93.6344425519
1020,112.269940623
1021,94.2761323288
1022,105.168230997
1024,94.2761326672
1025,79.2786541591
1027,94.0466331356
1028,104.827918807
1029,94.7868285112
1030,94.9617085875
1033,113.059708609
1036,89.9313333175
1037,111.601125043
1038,91.4550792218
1042,94.4722921574
1043,102.458928373
1044,93.639852716
1045,111.92908384
1047,116.191388204
1050,95.0231806193
1051,110.625094152
1054,94.0787709953
1056,95.1579482713
1057,94.1370351467
1059,94.1452047728
1062,99.9774253665
1063,103.751215044
1064,95.1577672938
1066,92.9560765281
1070,104.223731968
1076,112.34091028
1077,99.8315609426
1078,113.054966877
1080,113.822103256
1082,114.112087044
1083,94.8238923647
1089,113.402550876
1091,96.1942368049
1093,96.443414128
1097,96.2130450045
1099,94.2882044214
1101,94.99759545
1103,94.9375512125
1104,112.764988065
1106,112.980724904
1109,94.5157913603
1110,112.572785189
1111,94.0696322425
1112,112.806710399
1114,95.0170477916
1116,94.9299033724
1117,113.133245976
1120,93.5205560881
1124,113.402981545
1125,93.8368203879
1126,113.091264106
1134,111.867422252
1137,93.7276636679
1138,113.540556639
1144,111.914691078
1145,95.4306109097
1146,92.8698460306
1148,95.4862897805
1150,92.817096915
1152,105.127121677
1153,93.0856424768
1154,105.405811875
1155,94.5453193508
1157,93.5875240437
1162,95.193440439
1165,112.581479568
1166,94.9391033913
1167,106.33107561
1168,95.5326168527
1169,103.554316651
1171,117.509680593
1172,97.7514610495
1173,103.554201315
1174,95.2052559511
1176,96.311700015
1177,105.384694825
1178,94.1483703032
1182,112.556287654
1186,94.2942024964
1187,116.026991443
1188,95.207688597
1189,118.31094035
1191,105.689813784
1192,94.927146205
1197,112.200161245
1198,93.3196403871
1200,79.2913755137
1201,94.7260979968
1203,96.5335104568
1209,118.004409317
1214,103.784073389
1218,112.307095766
1222,95.0940213655
1226,96.5919119671
1228,94.9372436558
1230,91.5933738516
1232,79.1725668881
1233,98.6531945163
1236,116.815439173
1238,94.423700124
1241,111.914538069
1244,104.916159815
1246,95.3834273631
1247,115.026957889
1250,112.793259404
1251,95.9018420054
1254,113.544617493
1255,95.625806786
1256,112.023712751
1257,93.2012608425
1258,93.4813324124
1259,112.521308918
1260,96.0863322239
1263,111.300878638
1267,79.0292317234
1268,111.922864318
1271,94.8520029469
1272,110.690361233
1274,104.565155012
1275,95.1934460098
1276,111.339782546
1277,93.5357972852
1279,92.8693995925
1281,95.2598759443
1282,95.2078428126
1283,113.343932743
1285,113.623612042
1286,94.0677926243
1289,113.214006016
1296,115.465258961
1299,92.1842117641
1301,92.4788257146
1306,92.9165297468
1307,94.6358305152
1308,93.795536702
1313,111.345139481
1314,96.0641825849
1315,112.572781691
1316,93.954872438
1317,111.433977419
1319,93.8695867948
1323,93.7189162331
1324,104.769911327
1325,95.4343534157
1328,103.706645717
1329,95.9368992957
1330,113.621861702
1331,94.0307751858
1332,106.429096292
1337,95.313868498
1338,111.904197569
1339,93.3707684875
1340,114.277589562
1343,110.84504743
1347,103.515251056
1348,95.5772070994
1349,106.146257094
1352,92.9254810335
1354,97.0000382735
1359,113.043696147
1360,94.4779560876
1363,111.489980244
1364,95.6934149827
1365,105.259992562
1366,94.9204071214
1372,95.8156016279
1375,105.454475594
1376,94.6473682412
1378,92.7377525214
1379,114.151891458
1380,95.0532409017
1381,103.609947896
1384,114.750535243
1387,92.2397152559
1388,113.959713978
1392,78.1280848747
1394,105.679865287
1395,96.4013074026
1396,112.068175702
1398,95.1589013453
1399,112.068175697
1400,92.6725566138
1401,95.5344571797
1403,98.2126541556
1404,114.791048808
1406,112.068175695
1407,94.8009225931
1408,111.361706337
1410,79.084849099
1412,111.986546018
1413,96.2575040716
1415,96.3117693235
1420,111.361706335
1422,112.36273009
1423,111.362385894
1424,111.361706332
1425,96.4385402155
1426,79.0848531571
1427,96.589109979
1429,92.4463470937
1430,112.814197335
1431,96.4649105428
1432,106.134045402
1434,112.540726814
1437,95.4098355354
1438,105.410620165
1440,114.028330198
1441,113.791583779
1442,94.2042513014
1444,113.90901956
1445,95.9477675644
1446,105.029680197
1448,93.7337475894
1453,93.9798047968
1454,111.986546017
1455,94.9837803795
1456,115.757129981
1458,111.986455585
1459,93.5894352901
1461,94.564069026
1465,92.2397152842
1466,112.447356932
1469,93.77456143
1472,93.9799073907
1474,95.5239604425
1477,113.772635628
1479,110.76777647
1482,92.7990037688
1483,78.3117681142
1487,94.9710737584
1488,114.330573357
1490,113.51893418
1492,110.953201812
1494,118.192901667
1496,103.838082367
1497,94.8934885137
1499,97.9829178837
1502,93.8057444629
1507,114.10167374
1508,92.9254814322
1509,111.488762531
1511,93.3761994295
1512,112.753791955
1513,114.887737171
1514,102.554917993
1518,113.458801735
1519,92.4376554114
1522,113.304962677
1524,79.9201497159
1527,94.2043060706
1529,94.1614851228
1532,105.085417034
1536,113.323064712
1537,118.057269268
1539,105.834576987
1542,114.507019997
1543,94.6474077891
1544,103.477662804
1545,82.92750721
1550,94.5503149654
1551,109.634520682
1554,103.99097231
1556,105.183278769
1559,93.2568832755
1560,78.3118362813
1562,94.709067203
1566,92.6404713154
1567,113.219129639
1569,104.609120419
1570,112.765090927
1571,113.308079449
1574,92.9254812245
1578,104.398403772
1580,93.2115513734
1583,114.671867732
1584,92.9254810644
1585,113.066773504
1586,95.5619326546
1587,112.68721706
1588,92.4312088359
1590,114.708426542
1592,104.210851346
1596,114.059626783
1598,111.750428375
1599,94.8990632208
1604,116.258040629
1606,102.507515812
1607,96.2575040716
1608,104.371501134
1609,117.564869763
1611,95.5352627723
1613,95.4382361805
1616,96.0382322064
1619,114.162493915
1620,92.645424715
1621,112.354413361
1622,94.3058852967
1625,112.233218957
1627,117.56491252
1629,113.051240306
1634,94.9507404336
1636,94.288633586
1638,104.841970604
1639,96.2991362866
1641,96.3219682511
1643,95.8828292301
1644,102.511089549
1645,118.366452925
1646,93.5522731111
1647,104.257919918
1648,94.5190805406
1652,93.2118825196
1653,113.605725089
1656,93.3336229344
1658,94.8983935707
1659,113.331891097
1661,95.2119135327
1663,96.2575611531
1664,113.756447694
1665,94.3360343237
1666,105.18327834
1667,103.222199497
1668,80.1011756964
1669,104.579657831
1670,95.9465016267
1672,112.817619275
1674,113.974616419
1677,114.330582795
1678,93.941859717
1679,111.764157309
1680,94.5567555697
1683,104.763994499
1686,106.121301821
1687,113.109148594
1689,114.71198652
1690,94.2990219044
1691,117.334524441
1692,114.205033737
1693,92.9254810339
1695,95.532961841
1696,93.9799068677
1697,113.234493049
1700,105.183275032
1701,95.7685617693
1702,112.138143575
1703,93.4166560891
1704,113.795173908
1706,96.0850518037
1707,114.017981826
1708,96.0271430307
1710,96.3576164173
1711,104.80140344
1713,106.757232186
1717,103.484085409
1719,104.398558886
1720,94.1219079563
1722,93.828653989
1725,104.278243836
1726,95.1366396136
1727,106.554454234
1729,112.836216031
1730,93.865198385
1731,113.423313932
1733,105.183276139
1734,95.3985453004
1735,112.362730091
1738,95.4381933291
1742,94.4881338431
1745,113.974595377
1747,95.6711436084
1749,96.5210682571
1751,95.6966614643
1752,79.1045746181
1753,102.858660025
1754,96.3684203409
1755,96.4456877209
1756,102.875767177
1758,113.093564793
1759,94.8448029468
1760,107.075804724
1761,114.592366905
1762,93.7841575515
1763,111.685326369
1764,95.7626366256
1766,95.0282266288
1768,95.7809488491
1769,78.2694353133
1771,112.579826747
1772,93.2002475081
1773,104.926948119
1774,95.1543725776
1775,114.336796321
1777,113.1345363
1779,94.8447872917
1780,105.598367611
1787,93.2786776128
1788,93.8663026813
1790,95.2438347185
1796,112.633759441
1801,91.9702399195
1803,94.5163998416
1807,112.301115817
1809,115.415529245
1812,94.8604157117
1813,112.514826996
1814,94.7504530254
1815,111.942815018
1816,96.4161184213
1818,93.0894888557
1820,93.7954742363
1821,116.830631837
1822,96.0279774825
1825,94.7533008013
1826,104.865129182
1828,95.23418955
1831,103.970560779
1836,114.897330172
1837,94.8932017533
1841,95.3860898003
1844,104.418095674
1848,93.4272708334
1851,105.696844251
1852,96.2094248725
1853,93.1246176035
1854,113.049598162
1856,95.0593163663
1859,115.491500266
1860,94.6432284475
1861,81.9444756148
1863,105.033189861
1865,95.3852564835
1866,105.309211927
1867,95.7114237807
1868,92.5749917671
1872,95.6609908154
1879,95.7381313971
1880,104.222031945
1882,94.8736107469
1885,104.626175264
1887,103.479875798
1888,92.9719206451
1890,110.626388743
1894,95.9052895215
1895,103.479226712
1896,95.4610758783
1897,113.633139556
1900,113.526537365
1901,93.1194737287
1902,113.934646156
1905,94.692518834
1906,109.585455788
1912,103.933607046
1915,94.7084936076
1916,105.685774707
1917,95.7055145605
1918,104.279436471
1920,78.8096357688
1923,96.3727594503
1924,105.21900328
1925,94.443369857
1930,117.427022992
1932,111.929861502
1933,95.8162184944
1934,112.94873632
1935,92.5151344381
1940,78.9470106503
1941,94.1208322719
1942,112.412335622
1943,93.510117359
1944,94.7524710883
1945,111.925516548
1948,117.922178195
1949,94.5586459321
1952,94.7919115717
1954,92.7876214791
1955,111.221631316
1958,92.4428175153
1959,79.8454408106
1960,111.685326369
1963,95.8591914136
1965,95.0510965922
1968,104.951079461
1969,95.5555439634
1971,95.4795266793
1972,111.758122077
1973,92.5188531442
1975,92.8813279675
1977,94.9897802556
1978,96.0028601082
1979,112.12247518
1981,92.6751600524
1982,113.579440377
1987,112.839251116
1988,92.5045050083
1993,96.903878894
1997,92.6815515174
1999,95.0392326364
2001,95.3003984621
2002,115.568911265
2003,94.2760623455
2004,81.4294287536
2006,112.238751753
2007,94.8807498137
2009,107.722746253
2010,93.9578156868
2013,97.2499319169
2018,80.0071449268
2022,106.115477927
2024,112.671876359
2025,95.6866263473
2026,105.880435484
2030,106.8277541
2031,95.1658506135
2032,103.933698301
2033,95.0042328411
2035,95.1808848437
2036,113.265888184
2037,92.7248333733
2040,95.2548524624
2043,116.206434739
2044,106.95370835
2046,105.598094112
2054,113.954399115
2055,96.0689130171
2056,105.598367638
2059,92.9595962672
2060,93.1194732401
2062,91.7855595113
2063,111.89984643
2066,95.9052939264
2067,112.873856375
2072,95.4264808483
2073,113.426411635
2074,94.2147957903
2075,111.85511289
2076,94.4911943815
2080,95.7708182155
2082,93.1194163002
2085,109.247184186
2087,113.472810872
2091,112.705971441
2092,96.2609974436
2093,105.598365763
2098,98.676223769
2101,111.685325893
2102,93.2634207902
2103,78.9469972601
2105,106.05567751
2106,95.0295600864
2107,115.05967052
2110,94.7165859674
2114,93.9042894862
2115,112.825264574
2117,78.1113362081
2118,93.976783172
2119,104.027259603
2120,94.6815664832
2122,92.425217225
2123,112.470149655
2126,95.0293935985
2127,104.859441392
2128,95.2886753101
2129,112.556814841
2132,97.048108124
2135,105.53349188
2138,95.0089767333
2139,117.426936329
2141,109.414237524
2142,94.5976298152
2146,96.4804704604
2151,112.894302369
2157,102.688771376
2159,113.955946521
2162,94.1787709755
2164,117.145604472
2167,91.9908560381
2168,112.078066964
2171,93.4131057521
2173,95.8956284639
2174,104.715008871
2175,94.8134445257
2178,94.3423661714
2180,95.0136541808
2185,112.794531768
2189,91.8291672668
2190,112.587192204
2192,102.788887816
2194,115.655185204
2200,115.783904624
2201,93.9100800584
2203,112.660957751
2204,93.5360409261
2205,113.50426516
2209,112.158364052
2213,105.347765336
2214,93.3894979649
2215,113.846333331
2216,93.1643273857
2218,93.3026097919
2219,104.954752555
2220,94.0534023593
2222,91.8417034879
2223,112.997860194
2225,113.584111329
2226,94.9871768501
2230,94.7017972509
2233,112.396218343
2234,112.658734418
2235,93.5361890993
2236,79.2451799216
2237,94.8130133084
2240,116.027038243
2241,93.8542849041
2248,105.101453271
2249,94.7013603889
2250,111.989394153
2252,112.043090757
2253,95.862462431
2254,112.892439092
2256,77.5912338486
2258,92.885364017
2259,111.768004403
2262,95.6186509546
2265,95.2557529355
2266,103.511860814
2269,94.4850977867
2271,95.9589800548
2273,93.1787464767
2274,111.843872753
2275,93.8130589907
2277,94.7083583316
2279,93.5361890975
2280,78.1753833997
2282,95.0136541656
2283,101.559069081
2288,92.5115863467
2289,114.16696695
2291,94.5973933334
2292,117.83729592
2297,94.9941512451
2298,104.958210586
2299,95.3145309127
2300,113.548592374
2301,93.077874136
2304,95.7820882704
2305,103.621565262
2306,95.6186508764
2308,95.0995116969
2309,112.992651823
2311,94.4287032265
2312,104.394821167
2316,103.313655703
2321,104.376256979
2322,111.278528788
2325,104.543471247
2326,94.5694059607
2329,117.837305594
2330,94.6319696839
2331,103.945734346
2332,112.952692986
2333,95.6186491433
2334,103.744482197
2335,111.654809557
2337,113.96715039
2338,92.486778729
2340,112.952692992
2342,92.7755889567
2345,92.4698132749
2349,96.9132557235
2351,77.9625893031
2352,94.4883667674
2354,111.276973693
2355,117.291779023
2357,113.584271125
2358,94.6039117784
2360,93.2289678415
2361,111.276948706
2364,93.7798431647
2366,96.6422837387
2369,104.956235088
2370,95.3134712344
2371,112.346679468
2373,120.375055547
2374,96.1780271331
2376,112.264014132
2378,113.411130951
2382,95.7644863935
2383,92.7707912855
2386,102.558453954
2387,94.3523567569
2389,94.5413133984
2390,115.289093454
2392,92.2762352265
2398,112.952699917
2399,94.8485926108
2400,94.2458763866
2401,111.858960581
2402,94.4313082311
2404,92.7834915691
2407,115.669190383
2408,111.661626897
2409,113.730036872
2412,80.4326527803
2413,95.8659516399
2415,94.7445609908
2420,112.28237429
2422,94.6430176204
2423,103.925740805
2426,95.094399689
2432,94.949649803
2434,92.0957236936
2435,95.1677119921
2436,112.121681163
2438,112.336681567
2440,112.7282357
2443,94.8858383375
2444,93.0013311511
2447,105.101494655
2450,95.8030743554
2454,94.3501465812
2455,112.483514827
2459,95.6186508962
2460,113.33399208
2463,93.8590930393
2465,93.9743402443
2468,78.6603158244
2469,93.9890694666
2474,94.0558044199
2478,93.8499322082
2480,94.1148206387
2481,116.02703873
2489,95.0136541811
2490,106.5412663
2492,92.2285769944
2496,95.6186515262
2497,113.40765136
2500,94.2048790607
2505,94.9683388138
2507,92.4255708669
2508,113.504255895
2509,95.5465518715
2510,81.8253010213
2513,92.6874575692
2515,95.0136540758
2518,92.7707910524
2519,112.084286149
2520,92.7710582453
2521,114.641433563
2523,111.704226585
2525,95.0438794128
2529,112.937216209
2530,94.3030278301
2533,114.588420519
2535,92.8958108813
2538,102.04126676
2544,114.470953377
2553,112.220977321
2556,91.9397472362
2558,93.588427671
2559,117.354299422
2560,93.981625004
2561,111.610548702
2562,94.1535153887
2563,112.399583875
2564,91.9657916143
2565,111.814701134
2567,105.546980058
2572,94.1563581865
2575,94.4659565712
2576,112.383054315
2577,92.0071191958
2578,93.6402422518
2579,112.30226903
2580,93.3834783159
2582,113.912442091
2583,93.4469742194
2587,93.0275688804
2589,111.643853052
2590,96.0260680913
2591,112.937216209
2594,93.8341267735
2597,96.1002000226
2598,103.775376972
2599,93.9316860241
2600,103.043754398
2602,112.922349144
2603,94.1563535443
2604,104.864210987
2606,110.137605741
2607,78.2373875777
2608,94.5581440409
2613,112.921585955
2614,94.1604318966
2615,111.629653161
2617,113.557763178
2620,91.8666676169
2623,111.959481992
2624,94.0147098184
2627,112.921585955
2629,78.2373784363
2630,94.4086762908
2632,95.6861945005
2636,92.1211667628
2639,94.2845891048
2640,103.026171368
2642,112.937216209
2644,104.66356907
2646,108.925233497
2647,92.9049241497
2649,93.9530782896
2650,110.712930003
2652,104.176784236
2653,102.203814834
2655,112.857741123
2657,112.371184512
2659,111.063189645
2662,93.0850306702
2663,115.445536643
2664,94.5243339323
2665,103.599772241
2670,95.4637354434
2671,102.329739393
2672,93.4912982866
2675,104.176841631
2677,108.429419859
2679,112.945740755
2683,113.22041309
2684,94.8999425891
2685,93.691916465
2688,103.587911428
2689,95.8397139308
2690,102.48066899
2693,95.3068451159
2694,112.572592756
2697,99.7542448873
2699,93.3230567356
2703,94.0196082867
2705,102.729162399
2709,81.5464125228
2710,92.798972914
2711,113.38945082
2712,92.108731445
2713,94.5729303939
2714,113.693249969
2715,92.5014013056
2717,91.6537220832
2718,112.144915616
2720,111.838881839
2721,93.5918071014
2726,95.3852026159
2728,93.9762995603
2731,102.655385448
2732,110.962530237
2734,93.3761999989
2736,102.798955191
2737,93.7359724514
2738,102.617955585
2739,113.713305563
2746,92.580272243
2749,102.915935822
2751,117.360529784
2752,104.521588846
2753,94.2742720928
2757,106.854709254
2758,94.3540455159
2759,111.506774993
2760,94.4763023327
2762,110.344668399
2764,94.5560657408
2765,111.970275649
2769,113.334336239
2771,114.017622428
2774,93.4945703532
2776,92.0673080114
2777,113.741098359
2778,92.2508537768
2779,113.32953078
2782,91.8309211115
2784,92.8542734427
2787,92.0051093167
2789,91.5991132422
2792,93.9468948079
2798,96.3745096122
2799,103.438894548
2800,93.8246057889
2801,80.5542442021
2802,92.7272500051
2804,93.8695175801
2807,104.253982968
2808,95.5945941162
2809,118.980320221
2811,114.75492394
2812,94.2779655445
2814,91.1487047704
2816,93.8756339984
2817,113.270485206
2818,110.524236614
2820,112.540497293
2821,80.0537685256
2822,94.6387694667
2823,103.103109579
2824,93.8520528644
2826,89.1994751704
2829,91.2968519766
2834,93.4868591772
2835,77.4940220954
2838,96.7127956099
2839,111.662940815
2840,92.1322529694
2841,110.423769247
2842,95.0372194389
2846,112.331034274
2848,95.3599533248
2849,92.3779327007
2850,113.693240394
2851,94.2428382845
2853,93.0310511086
2854,112.937216208
2858,113.157491444
2861,92.3704033861
2864,91.6467302405
2865,115.445537343
2866,110.578119077
2867,92.7257770591
2868,112.217639545
2870,111.840549746
2877,94.6520669506
2878,112.921585955
2880,111.73108202
2882,77.3508673777
2883,95.9684486703
2884,103.075026166
2885,92.9414259679
2887,94.4321371609
2888,110.008943012
2889,94.940217278
2890,104.37486679
2891,93.3950236734
2892,116.877225696
2893,95.5722325001
2898,114.76177858
2899,92.1510641664
2900,115.235347624
2901,95.0447039991
2909,93.9333246567
2910,112.149933252
2911,111.255052391
2913,112.545389229
2914,95.7721921487
2918,92.9150561302
2919,111.454235887
2920,93.0508224779
2921,112.921512821
2922,95.4023877019
2923,102.699340762
2925,114.794475699
2926,93.3777937854
2927,113.522035692
2929,112.453645232
2933,94.0974837365
2934,113.208266896
2936,111.474907599
2941,100.488504299
2942,93.6055381192
2943,112.212337707
2945,106.129798747
2950,93.1077346229
2951,111.749801806
2953,119.053113961
2954,94.7801592135
2955,104.073397346
2956,96.6382368288
2960,96.4088941889
2962,94.3970363008
2963,106.045255979
2964,104.211363406
2966,78.0645242096
2967,94.5691633123
2968,113.192213145
2969,92.3136041889
2971,93.2999515662
2972,94.7136934974
2974,93.5425597992
2975,112.852446841
2977,117.487890899
2980,112.994843105
2981,93.2790546436
2983,94.9910802252
2984,106.530043072
2985,117.557173452
2986,104.661541715
2987,94.713694468
2989,93.6311052109
2990,111.9205538
2991,93.0715457936
2992,77.7023335233
2995,100.055293629
2996,104.599710767
3002,111.137280796
3004,114.605872077
3005,117.071688518
3006,94.135117238
3010,96.1639097499
3011,104.286775713
3014,93.6788991841
3015,92.8681292598
3016,94.7060617438
3017,115.355194276
3018,92.8759366942
3021,104.044299731
3024,104.074419867
3028,92.7453189463
3030,92.5519754484
3032,94.0705208404
3039,94.8936596525
3040,106.207264446
3041,96.4183581676
3043,94.2692086445
3044,112.698103458
3046,111.298770796
3055,91.7497894895
3056,114.477801673
3058,92.7024921797
3059,111.501146228
3061,117.354423565
3063,104.233138089
3066,95.0938959207
3067,104.074419044
3068,78.5790801186
3069,93.8929623656
3072,114.712882549
3073,112.674351026
3074,92.2764265034
3077,93.0771328867
3082,95.6953129014
3084,100.055291869
3085,112.858958053
3088,104.965279253
3091,94.1029924142
3092,113.227429383
3093,94.3634263114
3094,102.956414403
3096,112.381580341
3097,93.1602219126
3098,77.7002620289
3102,114.449892616
3106,92.8180490251
3109,94.5303644409
3111,93.0955565361
3112,117.071840874
3113,94.498659181
3115,94.8590797031
3116,111.693942461
3117,94.9469241333
3121,113.291431234
3122,91.8804089366
3123,93.9235990194
3124,105.613922262
3125,94.7059137249
3126,101.686852785
3127,116.631911971
3129,94.4837179943
3130,111.799694267
3132,105.966599921
3134,107.250079488
3135,95.350784252
3137,81.643313979
3138,93.6574699203
3140,97.9936598201
3144,113.696815791
3145,94.5486401192
3146,111.931136719
3147,95.472997997
3148,105.254091727
3149,103.940901409
3150,112.436201488
3151,94.0194143105
3152,95.9947934084
3155,98.0167002547
3156,113.994345154
3159,92.5198041576
3161,94.7397256581
3162,105.805880212
3163,95.8335293992
3165,102.580340143
3172,91.9006338139
3173,112.098347783
3176,94.7810779724
3177,103.752335885
3179,112.85245777
3183,92.5762257898
3186,94.0154265935
3187,102.769217349
3189,112.514419196
3190,94.9282065412
3192,116.63191197
3193,91.9006317373
3194,113.398785433
3197,94.202953192
3198,94.5503056546
3200,95.3059719434
3201,117.099067108
3202,94.5503048153
3204,94.6875809148
3205,93.0450760348
3206,114.753291463
3208,103.808225651
3210,103.859671095
3211,93.584457569
3212,117.354423564
3213,92.4487192584
3214,111.273500493
3216,104.6755884
3219,92.7689060752
3220,113.157607864
3221,94.4989176564
3226,109.931689633
3227,95.2365367226
3228,113.018044476
3229,94.0547112573
3232,78.3798804709
3233,94.9622855968
3234,92.1665865694
3236,96.1693772287
3238,112.988380826
3239,111.744238948
3240,90.8939824702
3247,111.373603899
3249,103.769297919
3252,117.75064777
3253,95.3674313375
3254,103.348912519
3255,93.8933028419
3256,111.479173922
3257,94.6393903698
3262,95.1631046306
3263,104.477814543
3264,96.6382814441
3266,112.422447982
3267,93.9195080462
3269,95.0432656399
3272,117.557123339
3274,94.2032100299
3275,101.772022152
3277,94.3993487979
3279,97.5863070599
3280,105.029063437
3283,96.7957225792
3285,94.7332686108
3287,95.0425543234
3288,104.074364451
3290,105.702125181
3291,93.7867619252
3298,111.370312444
3299,94.4487662578
3302,112.705928389
3303,94.9199658941
3304,105.87734568
3307,92.8381361256
3309,92.6885794249
3314,78.4848503231
3316,114.715906868
3317,94.8113054519
3319,94.3951418865
3320,112.968541193
3321,94.1191975649
3322,105.861896501
3324,91.5560748375
3326,91.1043820711
3329,110.628042924
3330,92.2667240418
3331,112.936497167
3335,117.178032583
3337,95.8416523608
3338,105.817620749
3339,95.3077673388
3340,111.30734717
3341,94.4514221241
3343,95.3956945332
3346,93.8787712099
3348,94.4666987872
3351,104.02248305
3352,117.409856047
3355,92.5636486376
3356,113.558425219
3358,106.042634347
3359,95.5917525507
3360,109.629912934
3371,113.836498727
3372,94.7762827764
3374,96.0949176974
3377,111.899895875
3378,92.8164011877
3380,103.287404179
3382,95.9158829822
3386,94.1190894329
3389,112.721959651
3391,104.337474037
3393,95.9338137417
3394,104.175025894
3395,94.4894193735
3397,113.172256147
3398,96.5309369882
3399,81.4701502633
3400,95.5130027866
3404,103.485290608
3407,111.624694793
3409,105.622396756
3419,95.0955702927
3421,94.0770498964
3425,96.1232504906
3427,80.1758777897
3428,117.506345583
3429,112.414316748
3431,89.9976659723
3435,95.1358428054
3436,113.069001375
3439,97.4620833542
3441,93.1360753663
3442,117.506359925
3443,95.1126640813
3444,103.234739724
3445,93.7988594803
3446,112.716634639
3449,92.501461203
3453,93.4893638167
3457,92.3464703972
3460,103.730235562
3461,94.5143531334
3462,93.2240407502
3464,104.183092408
3465,78.528407144
3466,94.1917586975
3467,104.148613664
3468,95.6107217673
3469,104.498170971
3470,103.361881829
3472,113.188301253
3473,92.6196480693
3475,93.6423181399
3476,111.703663936
3478,105.250818785
3479,96.573140999
3483,93.7323222263
3484,103.481684662
3485,94.7955772387
3487,94.8655073859
3488,112.088973623
3496,112.689745029
3497,93.6338510998
3499,95.7093337204
3500,78.5227155634
3501,94.7158505133
3504,95.1110313493
3508,104.980528777
3511,93.4982787831
3512,115.147265749
3515,93.8431101474
3517,94.5037151539
3518,104.453936071
3526,112.727897975
3528,124.86545829
3529,93.4827963942
3530,111.364077098
3531,95.5517545414
3532,114.387803859
3533,94.1816956509
3534,94.0534844894
3535,77.263299159
3536,94.7149983258
3537,112.247917402
3538,93.8355199153
3539,109.977550397
3540,106.871334425
3545,111.607815992
3546,91.4047963189
3550,104.4920298
3551,93.7735257267
3553,95.7072660497
3554,103.73054966
3557,94.4820433003
3558,113.186366905
3559,92.5014609476
3561,94.2952773664
3562,113.172256146
3563,94.0721231941
3564,104.022483121
3565,93.7986955841
3567,92.4905170365
3571,104.022315295
3572,94.4019136457
3574,95.4014003061
3576,95.0205185415
3577,112.423816052
3578,94.5095043405
3579,94.8496301257
3583,94.3484585986
3585,95.13351269
3586,105.129133777
3587,112.016892802
3593,93.9241845054
3594,114.438845627
3595,94.8432708398
3599,95.5705027304
3600,103.682617078
3601,113.188415715
3602,92.5013902268
3604,95.17963591
3609,116.694432205
3610,111.685976596
3612,112.818235855
3614,115.697700742
3615,95.6116103444
3617,98.1413587995
3618,111.865206693
3619,111.850360716
3620,111.817351022
3621,95.1806416832
3625,96.3764635902
3626,102.866945208
3630,103.298988565
3631,94.8886390232
3632,105.336380676
3633,95.6678261442
3634,112.735500106
3637,93.8862317807
3639,93.0899376107
3640,114.775347986
3641,94.5431918319
3644,113.508968309
3645,94.3430146616
3646,93.3497822214
3647,93.9639713361
3648,112.883113729
3653,112.714523419
3654,94.0630325511
3655,113.961162269
3659,101.97473822
3660,96.1888066823
3662,112.652948745
3666,94.870985757
3668,96.1019897231
3671,92.1871516252
3673,93.3907701668
3674,112.236110665
3675,94.5498590452
3681,92.1413412254
3682,112.086738384
3686,111.22296795
3687,90.9269191205
3692,81.3316418988
3695,113.06446732
3696,95.6439739762
3699,115.219906595
3705,113.122605838
3707,78.3293508296
3708,94.6595602079
3709,112.50800024
3710,94.2565656795
3712,93.9175451221
3715,112.595959972
3716,94.4051716778
3720,112.758227065
3722,78.3293512179
3726,95.3389594261
3728,92.80239695
3729,113.687404468
3731,103.182127796
3735,112.000612245
3736,95.8880345734
3739,102.243660172
3741,111.101261457
3743,102.463153221
3744,93.762309884
3745,112.632487566
3746,94.1512423604
3751,92.7227281489
3753,94.3996078666
3760,111.510173695
3761,93.9512515611
3762,110.76530634
3763,93.2683383473
3765,92.7643355611
3768,112.479794691
3769,93.7222390146
3770,106.466803558
3773,111.258360092
3774,94.9771176091
3776,94.3557481308
3778,92.6100355207
3779,110.913257663
3780,91.6453041069
3781,111.648301158
3782,93.9023400814
3783,112.267924619
3784,93.2634735782
3786,94.4777735846
3789,107.981461606
3790,95.0233712269
3793,112.057282355
3795,111.120004439
3797,94.5271250795
3798,116.645073215
3800,112.207868802
3804,95.6342059253
3810,93.6938865394
3815,112.084067487
3816,95.6342077724
3818,102.515786981
3824,112.326474387
3828,102.33121615
3830,110.527073601
3831,95.8345415237
3832,77.6267803833
3834,111.476047756
3835,91.8186621927
3836,111.316877952
3838,93.8216748891
3839,116.44334745
3840,112.493042022
3845,92.7168499344
3846,110.452226034
3847,93.6428480962
3849,77.8165122641
3853,110.526946178
3855,104.119366662
3856,94.2988688088
3864,78.860779109
3865,93.2770760401
3866,111.79233555
3867,92.7614443854
3868,112.207890379
3869,94.526695231
3871,93.8185433637
3875,102.854578928
3876,93.2181752198
3878,92.0373270679
3879,111.160670484
3881,112.207868802
3883,112.229029528
3884,91.4152363875
3886,111.540562358
3890,93.2643142288
3893,110.26843523
3897,105.552008807
3901,93.5495691466
3902,110.201344485
3913,109.303584365
3914,92.7806419503
3916,92.5095933317
3917,110.662649381
3924,103.475086423
3925,94.4603572295
3928,96.0800774464
3929,111.420734633
3932,91.990031667
3933,103.816508697
3934,77.6988866901
3935,91.0909419404
3936,92.8146992822
3937,110.5055781
3938,91.8993846822
3939,111.370926032
3943,91.9629808413
3944,112.380374823
3945,110.842217114
3946,94.3392321165
3947,112.135455743
3948,93.4600543297
3949,112.12941492
3950,93.5348270576
3951,111.795310783
3952,92.4170389469
3953,112.251638926
3961,114.452464123
3962,92.6735434157
3966,93.3404393904
3967,102.977113707
3968,94.5826919267
3969,111.250660222
3970,94.8048196158
3971,105.403152515
3973,91.3391134897
3974,112.0792326
3975,112.55713291
3977,92.5209873002
3979,111.619274621
3985,94.1193025805
3986,102.765394065
3988,111.103879916
3991,93.1794250766
3992,103.387053644
3993,94.3261418649
3994,93.8461258649
3995,112.157981793
4005,111.53158087
4007,93.8391965569
4008,102.482570601
4009,95.5379709611
4010,114.415912535
4011,77.9692384142
4012,92.7590619713
4013,104.271931741
4015,112.615501247
4016,110.214649313
4018,111.994865508
4025,92.7706998278
4026,113.136608573
4028,114.088702468
4029,95.5272153555
4031,91.9427809773
4032,110.879352588
4033,91.1638365419
4034,104.367691809
4037,92.7472114178
4038,102.618132498
4039,94.3026340731
4041,93.7357549952
4042,109.98878206
4043,94.1759423946
4044,103.816507493
4045,91.8348757396
4046,113.830437939
4047,94.5728795805
4048,106.111519831
4049,93.9518618938
4051,93.3360693199
4052,112.691006951
4058,102.922647969
4062,108.275459218
4064,110.949006021
4067,93.7631180679
4068,77.7558219899
4070,92.5164342868
4072,115.428591969
4074,111.058658174
4075,91.804674674
4076,111.566559487
4077,94.7721294937
4078,112.433417985
4080,103.816331001
4082,109.053591827
4085,93.5996347042
4086,113.269659369
4088,113.136618263
4089,93.368651003
4092,76.8250611826
4094,93.1150759115
4095,111.745996286
4096,91.0611388984
4097,101.928532118
4102,92.7908615591
4105,110.031145918
4107,112.165130883
4111,93.2965270046
4112,104.292624938
4113,93.7357393979
4114,113.22915106
4115,92.4982524882
4116,111.906325079
4117,93.9642528954
4118,94.3137175846
4119,111.356435137
4120,92.3337888421
4122,79.8474766595
4125,91.5926588143
4126,112.557753946
4129,111.126113603
4134,111.727740021
4137,93.4161503727
4141,103.176220731
4142,96.6376564065
4144,93.8756532031
4145,103.475097284
4146,94.1161970869
4150,92.9702917183
4151,81.1544555887
4154,93.7626403749
4156,96.1309362801
4157,111.805764873
4159,110.214647792
4160,94.4932684209
4161,110.967082662
4168,93.9629325637
4171,102.999235504
4172,107.395362153
4173,94.7861493238
4175,91.1924741544
4176,103.816508036
4177,93.8756627376
4178,99.5943385162
4179,92.9984006524
4181,111.113983949
4183,95.527264374
4184,113.364895988
4185,91.7941752699
4186,112.059023578
4188,119.09547414
4190,110.487798511
4192,92.9763956776
4193,109.427679305
4194,112.965527791
4195,94.6225769949
4196,77.6808171582
4202,95.7819218766
4203,105.159923243
4208,93.840887412
4209,113.37772407
4210,94.6573785133
4211,109.35393481
4212,116.699154397
4214,104.443323746
4215,94.614969
4216,112.192596635
4217,92.2824151074
4219,95.2039141776
4222,110.506801604
4224,78.859267035
4231,103.343853261
4232,95.5272643727
4234,92.9084796552
4236,93.8756531874
4237,103.215802841
4240,91.9995129976
4242,105.044309326
4243,94.3966066713
4247,92.3898842446
4248,111.888441417
4249,89.5345843102
4254,103.102751665
4263,92.8132758841
4265,110.61556326
4267,110.602407229
4268,111.506546127
4271,112.071445899
4272,93.9603965333
4273,110.716788095
4274,92.7234539047
4276,94.4307933121
4278,94.1178686941
4280,94.4750909542
4281,110.683478963
4283,96.2759836441
4284,111.703983615
4285,95.4468859815
4286,112.239470981
4287,93.586789801
4288,112.912462516
4289,93.0325655781
4290,79.4530833359
4293,92.1509592441
4296,111.915988681
4297,93.2789078356
4299,92.4855883826
4303,112.916012196
4310,93.3931177504
4312,103.503513479
4318,104.151664152
4320,108.68119908
4322,94.72812771
4323,118.835689989
4325,104.875269007
4326,112.172890377
4328,104.269152535
4330,104.310613785
4332,111.28298301
4333,92.7537485058
4335,94.4924716253
4336,110.932034874
4338,105.466804077
4341,95.4496134645
4342,104.908323981
4344,103.858284626
4347,96.6276467783
4348,105.04248332
4351,111.931498581
4352,95.3583551979
4353,113.468295877
4355,104.675190859
4356,94.5328955823
4359,104.142963268
4360,95.0665598841
4361,94.6538084978
4364,95.6583178426
4365,104.75341225
4368,95.315505373
4372,93.933334422
4374,91.5771279922
4376,95.2079243556
4377,103.535818961
4380,94.7910437717
4383,107.457560922
4384,95.0513329901
4385,103.588253024
4389,93.0527391783
4391,95.2191961221
4392,111.924607537
4393,93.8383506742
4395,94.1254155767
4396,113.299433735
4398,112.154070436
4399,105.350114724
4401,93.0994460482
4406,96.0856936554
4408,104.96465158
4412,105.04248332
4415,95.1163275454
4418,113.851395476
4419,91.5770174141
4420,78.6796946262
4422,113.314708092
4423,91.5771291647
4425,94.7907707127
4428,112.439523641
4431,113.668875246
4434,91.2258191434
4436,95.2631883309
4437,111.101277787
4439,117.431162188
4440,95.5457637985
4441,113.705111826
4444,94.8126122176
4445,105.377347214
4446,94.9225620435
4447,114.409719641
4452,103.82067281
4456,113.489671035
4457,93.9252335073
4458,112.014629722
4460,94.5328549955
4461,117.342602946
4462,94.7811448204
4465,103.56111307
4466,104.154563696
4468,96.5149022916
4469,104.189943934
4472,112.23422919
4475,94.7896417912
4478,93.4457481645
4479,112.165355601
4480,93.4072456322
4483,79.2414191434
4484,93.7861300597
4485,104.775962996
4486,95.7380388651
4488,94.2264830751
4489,106.355358647
4490,94.8442325221
4491,108.651502503
4492,95.7253147293
4493,111.60783155
4494,95.0884166194
4495,103.511514209
4498,81.7190116573
4499,95.8089766992
4500,103.249079073
4503,112.529418263
4505,103.734768418
4506,94.8567708751
4507,95.1025497485
4508,104.151712219
4510,112.007263903
4511,92.2481227721
4513,96.3706958307
4516,78.4076264338
4519,93.9998315612
4521,94.490835837
4531,94.7164926452
4532,78.6155834586
4533,100.92926964
4534,112.454775667
4536,104.151697777
4537,93.9251097377
4539,96.4179085349
4542,103.483161168
4545,92.6276674359
4549,92.6457427263
4551,94.6523563308
4554,103.843985347
4556,111.057934398
4559,113.677692364
4561,112.494717498
4562,109.311896878
4566,114.634271481
4569,93.8622838622
4570,113.299419246
4573,94.8301285268
4574,104.484399966
4575,94.666956563
4577,94.7253264099
4578,111.438841693
4580,111.762542731
4582,92.3298795355
4583,113.314596367
4585,95.2313794925
4587,104.15165888
4595,93.0014284159
4596,114.445956901
4601,95.2062776341
4602,112.540054248
4603,94.5420154295
4605,114.244869208
4606,92.0988891551
4607,111.903575978
4608,94.6742467244
4610,97.1830751357
4613,103.772661226
4617,93.9847043555
4618,110.729682686
4619,93.2607679668
4620,94.9973491661
4622,97.7526454301
4625,94.5329298338
4626,104.151658922
4627,95.3961420164
4629,94.1705881921
4631,93.7203839567
4633,104.151658933
4634,120.792990552
4635,93.8445886798
4639,93.7782392805
4640,105.500741369
4642,103.764118176
4644,112.519208845
4646,104.15166247
4647,97.0301475046
4648,78.0306773888
4649,94.5108133611
4650,111.897017638
4655,92.6458247351
4660,94.2545482519
4661,116.082730998
4662,91.1096402579
4663,113.310955905
4665,96.6315104519
4666,111.941585019
4667,104.146645159
4668,94.0932421496
4670,93.7558143231
4671,115.156865022
4672,95.7616417604
4673,103.498270036
4675,104.775797553
4676,94.2019271846
4677,110.653505639
4680,96.3655187503
4682,94.336027333
4683,114.922003732
4685,105.04248332
4686,94.0096839389
4688,114.576585348
4690,113.247956678
4692,112.735654696
4693,94.1849819838
4697,93.9672415043
4700,112.033492035
4702,111.457283305
4707,118.57676029
4708,95.8548878025
4710,83.4559918313
4716,99.0738276121
4717,97.9751007192
4718,96.0826125054
4720,97.336169799
4721,84.1422087617
4723,96.9338107973
4726,113.69013153
4727,93.0978591299
4729,95.8065973202
4731,96.9805771142
4732,116.40476477
4735,96.0497274838
4736,106.116909613
4737,95.8637063441
4738,113.003317167
4739,112.616690496
4744,105.905779364
4747,95.1073180138
4749,114.640067864
4750,95.8548794747
4752,114.632799464
4755,96.7402727151
4756,104.794614514
4757,113.885457661
4758,95.6452705493
4759,105.141346329
4763,97.7160081893
4764,104.336671325
4765,96.0337148142
4766,95.8421575596
4767,115.262875642
4769,114.030656873
4770,94.2059959893
4771,86.1460346762
4772,105.474349844
4774,115.220116296
4776,115.365654003
4777,111.736830094
4778,96.6925068125
4780,96.0491430777
4784,96.6950324354
4786,95.8539142689
4787,80.1837850323
4788,97.2100631358
4789,114.632772113
4791,106.717710009
4792,96.3339244302
4795,113.079180677
4796,93.2503411151
4803,94.8491709353
4805,98.4553372393
4807,95.8574166396
4809,94.5419539292
4816,95.5924235579
4817,81.8393411234
4818,93.5575274212
4820,95.8623702339
4821,105.261896224
4823,113.916737433
4824,97.5503344538
4825,113.41341484
4829,103.765555687
4830,98.0301145698
4831,115.499100506
4833,106.222032284
4836,94.9124517695
4837,114.576747821
4838,94.7305904375
4840,97.1992970451
4841,78.6810406589
4842,93.8436909445
4843,114.384204229
4844,93.5253745743
4849,113.43358163
4851,106.09480053
4852,96.5574041161
4858,94.929972035
4860,98.0301145683
4863,114.791961638
4864,95.9924907512
4865,113.121928019
4867,113.292783368
4868,96.3295269621
4869,113.754808642
4873,93.6945968723
4875,98.2405287849
4876,113.952258633
4877,91.4068197371
4878,112.393615302
4880,80.0872874974
4886,112.785097734
4888,105.437688857
4889,97.7901256258
4890,115.128576118
4893,96.7906220255
4895,95.0598321248
4896,105.233583901
4899,96.2091940252
4901,95.9028602426
4902,111.91550019
4903,95.0358989171
4904,114.632799464
4910,94.5308896658
4912,94.6780147178
4915,97.9160111248
4916,106.236161839
4917,95.078086643
4920,105.474516261
4927,105.045045967
4928,94.734725132
4931,105.426506156
4934,94.3491689633
4936,96.2771125317
4939,114.424833054
4942,116.851706487
4943,97.9387240256
4944,104.09126797
4945,96.2037314812
4947,111.818774442
4948,93.8302007401
4951,96.1500810992
4952,114.632799464
4953,94.1200485803
4956,95.0354642112
4957,116.113590237
4958,92.9816889986
4960,96.2335909814
4968,96.3113553949
4969,106.155140602
4971,102.707994902
4973,115.239607589
4975,115.562935668
4976,95.5171923285
4978,93.6354731131
4979,112.296231625
4982,96.9709401285
4983,111.849341337
4984,97.0808027193
4985,118.661968486
4986,93.3634656646
4987,116.707462717
4988,96.1342748299
4994,95.8254024698
4995,97.326197508
5002,81.4113446207
5004,95.4476967979
5005,104.294786092
5006,96.1306700137
5007,105.421824333
5009,114.256870208
5011,115.239803234
5014,95.8389611732
5015,106.559633712
5018,94.1542277501
5019,113.114997595
5020,93.405627953
5021,113.176841448
5022,97.4261540839
5023,95.1028006712
5025,97.8547615666
5032,96.5864244325
5034,95.0302582681
5036,94.2861766098
5038,96.3738523652
5039,116.960663034
5046,96.6830435864
5049,113.114999982
5051,95.422793459
5052,94.25192704
5053,115.220332335
5054,97.2825405624
5055,95.6706896231
5057,95.2468979132
5059,93.3103273292
5062,98.5182931529
5063,114.863935608
5065,115.358084505
5069,96.0360657067
5071,96.6284841529
5074,116.887851989
5075,95.076532897
5076,116.176156049
5077,80.0118971495
5079,106.609687439
5080,95.0648571999
5081,114.592885555
5083,104.965124702
5088,105.796589554
5089,94.9610586241
5093,111.235372927
5094,105.787913919
5095,96.7080879987
5099,112.612030109
5101,114.111355332
5103,104.090788275
5104,92.7765855655
5105,113.162744309
5107,93.3139709507
5108,113.874766511
5109,94.9292620984
5111,93.1915874425
5112,112.141279646
5113,94.9568975462
5114,108.719747884
5115,96.2292575254
5118,96.7305275296
5122,96.7677367985
5123,79.3087707456
5125,95.7877445894
5127,104.914620966
5128,95.9636421694
5129,115.086298866
5132,95.6112563314
5134,111.191037104
5135,95.0999233668
5137,114.317402208
5142,93.8583464488
5143,103.576247725
5144,95.7646409968
5148,93.5197888401
5149,95.3161697457
5150,105.2105007
5154,79.4573836618
5155,93.9538993009
5159,94.3796518168
5164,95.6322998025
5165,115.09637114
5166,92.1935227228
5167,113.828975438
5169,93.389879847
5171,93.2321304995
5172,112.309641022
5176,95.5168371973
5184,108.026551181
5185,94.2226804014
5186,112.567785251
5188,105.663564866
5189,113.165680856
5190,93.5188628533
5191,115.096411059
5193,112.860181388
5196,94.929202337
5199,77.7440495375
5200,105.529737304
5203,93.4588876667
5204,111.992160845
5205,93.3911314046
5207,95.327239182
5208,111.174783869
5212,95.8829187931
5214,95.5022490751
5218,94.5165577032
5220,95.6076444686
5222,93.5526036512
5224,97.1571372055
5225,104.954680119
5227,112.332194693
5229,104.567262256
5232,93.4868537322
5233,117.879522685
5234,102.975413676
5237,114.10294112
5239,117.104865642
5240,93.7193681271
5241,112.595758973
5244,93.2856982903
5248,112.784378062
5251,93.0472716204
5253,95.8911224684
5255,96.0032784823
5256,103.453074539
5257,96.6260192919
5259,96.8981367426
5260,112.30474222
5266,94.6920435072
5268,93.9001137069
5275,114.071886752
5276,113.772719223
5277,94.872607307
5279,96.0542329396
5280,104.643773849
5281,96.1653322368
5283,96.6949366742
5284,79.2577443697
5285,96.8094977782
5286,103.852777657
5287,93.4028562759
5289,93.7865512664
5290,112.860402326
5292,106.912320835
5293,95.438655715
5294,103.336430919
5297,94.2040174799
5299,104.603109074
5302,95.7529560046
5305,76.9714425637
5306,96.1192554651
5308,95.6088910481
5309,95.450487945
5310,115.097719142
5312,113.134419455
5316,115.186884349
5317,97.29901004
5319,79.0648361474
5320,97.3376761785
5323,93.2868862065
5329,114.537605808
5331,112.578230267
5334,112.589404316
5336,113.727867585
5338,106.033690155
5341,96.674104753
5345,97.0872362202
5348,94.6507126594
5349,113.742475428
5355,107.160715946
5356,95.5122308137
5360,106.972749945
5362,111.885166369
5364,112.91919312
5366,106.559777112
5367,95.106388426
5368,96.2503647253
5370,95.6741576174
5371,79.6943037102
5373,105.211066129
5375,114.102750845
5376,93.6605360757
5378,112.653205956
5379,94.4219302283
5383,95.0107291132
5384,104.772135626
5389,112.562601037
5391,78.9360606537
5393,111.717057992
5395,114.858152872
5397,111.796024518
5398,93.4896274057
5399,113.255068456
5401,118.05856174
5402,93.187394691
5403,113.760899812
5404,95.0547482417
5407,79.4164283714
5408,94.4836873604
5413,114.346220616
5414,94.408092421
5417,94.5453974979
5418,106.912279997
5420,114.27516041
5421,93.8816484293
5424,94.6783163846
5425,111.992160846
5426,93.0820058483
5429,115.074197012
5431,93.2588015984
5437,103.124275194
5440,92.1910512257
5444,105.731077991
5446,105.904820103
5447,94.4488379301
5451,95.3785285623
5452,105.292912687
5455,102.975631434
5456,95.8154264761
5458,93.0982804167
5459,114.363788195
5460,96.7941447386
5462,96.0306430949
5463,112.326103468
5464,93.4467542872
5465,114.566363157
5466,97.0038063615
5467,105.246645265
5468,95.7732233207
5469,114.113209374
5472,95.8895420214
5474,92.4414285319
5475,115.543960899
5476,96.5647641726
5479,104.299506814
5480,114.429292221
5482,112.409268136
5485,94.0745922929
5486,117.690331583
5488,80.6976013199
5495,104.567209333
5496,93.9345498036
5497,113.618180126
5499,114.100214506
5503,93.1078826636
5504,94.7345797219
5507,96.5231493626
5509,94.6070800357
5511,95.5239360694
5512,111.557940367
5516,113.314296015
5517,96.8587595926
5518,105.045109149
5521,95.530163641
5522,105.218146222
5527,96.4089934369
5528,94.7660311141
5529,111.774304302
5532,95.7850361183
5533,113.923126662
5535,103.234980508
5536,103.518885405
5540,92.4485365063
5547,94.9328156505
5548,111.796222292
5550,78.0327571883
5551,94.2953848984
5554,111.38907323
5555,94.6619811264
5559,111.642815129
5560,93.5566698048
5561,112.455161889
5562,93.0607105519
5563,113.360112221
5565,81.0205408284
5566,94.9618671891
5567,104.551697467
5568,93.5312065914
5572,94.5583979126
5574,94.3040000569
5576,93.7118386352
5579,112.705315348
5580,78.026557119
5581,95.2888770618
5583,94.3942918019
5584,113.893605343
5586,113.677286548
5587,95.3230014414
5589,102.993272393
5591,103.906604693
5592,91.5140603397
5593,115.278857248
5594,95.3932175292
5595,78.1748660295
5596,113.561833232
5597,112.359183939
5598,117.806644979
5599,95.1872447274
5602,113.307382017
5603,95.393156332
5605,92.8281188186
5607,94.3534085114
5608,114.492509645
5609,94.3098549055
5610,93.7373865525
5612,94.0146417324
5613,112.668584634
5614,94.4620871195
5616,94.5343402016
5621,95.5805982611
5623,94.9718656773
5628,115.424030784
5629,93.7845170098
5631,95.3263406024
5633,94.8616908584
5638,104.481717232
5639,95.6382322075
5640,106.593159999
5645,95.4678586537
5646,78.4225282682
5649,95.047297951
5653,113.622273668
5655,114.374603871
5656,95.6460466399
5658,95.3285200889
5662,117.45313387
5663,93.0392584422
5667,93.8807268445
5670,95.1872374172
5671,102.457348775
5672,94.62726164
5673,104.420258492
5674,95.6688750792
5675,105.1584505
5676,95.7189744377
5679,113.956936291
5683,113.758927654
5687,94.4992739185
5688,78.0651299043
5690,93.7513061521
5691,112.773630022
5692,93.9369980019
5693,113.497141699
5694,94.7055562544
5697,112.957677209
5698,92.8101822718
5699,113.314768952
5704,94.2663720986
5707,113.956936048
5709,103.686853452
5710,95.5774649908
5714,94.6617389467
5718,94.5523805362
5721,94.8962490659
5723,94.3849011912
5724,114.34161611
5725,94.8381767431
5726,110.626639013
5729,96.6750020875
5730,104.840748286
5731,94.3093950412
5733,77.9127981041
5736,94.0773437904
5741,103.439443901
5745,111.833248253
5747,93.19025372
5748,105.428334455
5750,112.885396725
5751,94.5580205564
5752,94.769238366
5754,93.6899024731
5755,94.8132354846
5757,96.6947210397
5758,117.295904405
5760,104.367884099
5762,103.768952666
5766,111.113402997
5768,96.9277112709
5769,117.515692865
5770,94.4021508659
5771,112.193312386
5772,94.383918076
5773,114.691347859
5774,95.234541425
5776,93.9147310837
5777,113.314587258
5778,94.9338000557
5780,115.944240483
5782,93.2059257924
5783,77.948784294
5784,97.0220829192
5786,96.0074572405
5788,95.773549193
5789,113.773423283
5790,95.1377260455
5791,104.070008388
5793,106.256375914
5794,93.8731454801
5796,117.736183611
5797,94.3721058791
5801,94.5239169128
5803,94.4992836751
5804,112.232784516
5805,93.3656488661
5806,78.866220039
5808,112.062627419
5813,94.5318566944
5815,95.9498495491
5816,106.835254616
5822,95.6986733326
5823,113.277915997
5825,105.158679632
5827,111.646388549
5829,102.839556235
5830,95.7080881922
5831,113.319744255
5832,94.745976853
5833,112.062666202
5837,116.030013726
5838,94.6641120367
5839,95.8321665594
5842,106.593160004
5844,112.065887693
5845,102.793883341
5846,113.06930756
5848,78.2218537611
5850,114.025295384
5851,95.2300504183
5853,96.9275437344
5854,104.306375238
5858,106.59322564
5860,112.369463025
5864,104.783308953
5866,95.9844882761
5867,113.956935122
5868,93.8238075381
5869,112.92457515
5870,93.6509511938
5871,114.580577739
5874,114.598704415
5876,112.743638658
5877,93.0064311178
5878,94.1073500592
5879,112.098862051
5880,91.7365009439
5884,92.4248411556
5886,111.493869856
5890,102.552562501
5896,95.4783413298
5897,104.24579258
5898,96.9275437357
5901,106.715927009
5903,114.205070685
5906,93.7373023236
5908,113.931837036
5909,93.8053448591
5910,112.668571426
5911,94.3839625234
5912,112.422629408
5914,114.598694085
5919,114.220658388
5924,96.4632359324
5926,94.3926880629
5929,104.440945812
5930,94.8987675576
5932,97.4388823978
5933,114.734428235
5934,94.6211464603
5935,112.05223005
5936,94.9814732984
5937,112.451196883
5938,94.7008370976
5939,113.915491372
5942,111.23858977
5943,96.3837016673
5944,105.437514599
5946,113.365243094
5951,92.7159536313
5953,103.60092913
5954,94.6823985523
5957,103.975002127
5961,94.9997249245
5962,105.087697152
5964,82.684282793
5965,94.698302536
5968,114.177133828
5969,91.6431155718
5974,94.207089881
5975,112.141672728
5978,77.2420965839
5981,104.622534516
5982,97.0416169408
5983,113.328478586
5989,111.872869186
5991,94.5346431025
5992,104.110117771
5995,95.7444760541
5996,103.638723164
5997,111.855352963
5998,93.7179503264
5999,81.4582878239
6001,112.57253922
6002,94.5457623579
6003,107.867854439
6004,94.6824202201
6006,111.903475014
6007,93.4265753464
6011,100.545972184
6012,103.970017268
6014,93.9614520743
6015,103.133758975
6016,94.5454039018
6017,111.059047813
6018,96.504761171
6024,95.2963184102
6025,104.002959392
6026,114.09510894
6028,112.94416276
6029,77.7064334553
6030,94.1328738338
6036,114.177071532
6040,92.9430715561
6041,112.251656863
6042,94.0511696155
6044,94.8738256821
6045,103.647683907
6047,105.064175867
6048,92.649276623
6049,112.158618237
6051,116.587343822
6052,113.286072313
6053,92.3215972383
6054,112.060660442
6058,106.409189204
6059,92.9991885537
6062,96.4212948649
6063,116.543925079
6064,103.787019308
6065,92.9430506634
6067,94.6131681275
6068,112.54966877
6070,105.103968904
6071,102.820061084
6072,111.067346388
6080,111.067038381
6081,94.5330428521
6084,104.43879982
6087,94.3478454418
6089,104.812451941
6092,111.067346399
6094,94.4684397404
6095,113.136056834
6097,113.228658055
6100,94.4214550206
6104,105.405182794
6105,93.5333949243
6106,111.535796825
6107,78.4044192202
6108,90.5033407774
6109,111.067346652
6110,92.8427664592
6114,111.067346652
6116,94.3539595665
6117,104.88676821
6118,95.258692687
6123,78.3634327901
6125,113.780593769
6128,111.040738879
6130,103.121650042
6132,113.373744809
6137,77.4597838336
6139,115.015689934
6140,94.1350638148
6141,112.961683597
6142,105.045258365
6144,115.758397655
6145,95.7763337352
6146,92.5674087674
6149,92.7424556103
6156,94.8192476253
6159,114.031241561
6160,94.1349038558
6162,103.309591233
6164,113.049765261
6165,91.8799543224
6168,77.4110089008
6169,111.640138529
6170,95.3818848476
6171,113.18314494
6172,93.0399012438
6173,117.475537838
6176,96.2533648008
6177,91.7081324959
6178,94.3206473291
6180,95.6545064431
6181,103.724319677
6182,94.6050920641
6185,93.256268805
6186,111.746398053
6188,112.726105766
6189,96.2549356719
6192,104.438824595
6193,95.0594156902
6194,103.647711258
6195,94.3835482574
6196,114.408065262
6197,93.0003639224
6201,111.648748622
6202,93.4717734928
6203,114.453450702
6204,93.4710422928
6207,117.466381219
6209,94.8863581588
6210,92.8084893562
6211,112.803981205
6213,113.076217835
6216,92.1460882785
6217,94.460691352
6219,93.5920594853
6222,78.9227421563
6223,93.1728520362
6235,95.6045595274
6240,94.2995037416
6242,93.5004422129
6247,95.2465505221
6251,112.625305847
6254,114.063113409
6255,94.9042866535
6260,102.713402671
6261,93.6956107725
6262,106.23720491
6264,112.122677505
6269,103.878420813
6271,106.420792862
6275,112.245825404
6276,93.9287779953
6278,96.0739349959
6279,111.411105085
6281,113.683865422
6284,94.1542298089
6286,95.124858809
6287,78.6715967345
6288,93.8504680575
6292,93.0245895316
6293,93.5523922292
6295,93.4951733366
6298,111.733764237
6300,112.004052186
6304,103.456246056
6308,111.03043839
6310,95.6057229074
6312,111.067346652
6320,93.8866925475
6324,92.3550745946
6325,112.823838983
6330,95.1356371011
6336,111.983244947
6340,105.814552785
6341,95.6042139834
6342,104.233744066
6344,92.6154432685
6345,114.472961416
6347,111.3735289
6348,95.1454487264
6349,111.733753767
6351,78.7448605773
6353,113.049884555
6354,93.2675763238
6357,96.624661114
6358,104.525360137
6360,101.764223792
6363,115.001390786
6364,92.1307455661
6368,113.648488932
6370,92.549183253
6371,93.7643156703
6377,92.7222371407
6379,91.7164579479
6381,94.5716212833
6382,77.889736028
6383,110.725187482
6388,112.228092291
6390,109.594283364
6392,101.767451112
6393,94.2168504416
6395,93.5489648485
6398,102.630545525
6401,77.7946267154
6402,93.6738861972
6403,111.691267858
6405,93.5131833871
6406,92.5232920319
6407,112.247819654
6409,104.147618378
6411,91.3472906249
6413,94.8184420171
6416,105.17272584
6417,92.2569934961
6418,92.5389618185
6419,116.769508553
6420,112.679346442
6426,111.535994994
6429,92.1605333159
6430,93.9513645651
6431,111.69120862
6432,94.2382616233
6434,95.6171552587
6437,113.304039857
6438,93.8923904336
6439,102.226780168
6440,96.1403481782
6441,94.7456490991
6442,110.418123721
6443,96.1839632993
6445,92.1191125667
6448,112.860384224
6450,112.639653428
6453,95.1994506909
6455,92.3895127297
6457,92.6662494191
6458,112.015375049
6461,93.5910022538
6464,111.21663318
6467,93.2776530718
6469,95.528983835
6470,77.9379463211
6471,93.4865666832
6473,102.474378799
6474,94.350295047
6479,93.3859550346
6481,93.8291872499
6484,110.59578673
6495,92.8381737941
6496,113.411400093
6505,111.274807137
6506,96.3572066739
6508,95.6046202962
6509,93.7211623448
6510,102.731356624
6512,103.368961104
6513,93.1951986711
6514,113.416606602
6515,93.3463639184
6519,95.4908834189
6521,93.3324294958
6523,76.961785024
6525,105.522277579
6526,94.2554989325
6528,94.8286874428
6529,114.384927346
6531,102.280179339
6533,103.642310172
6534,93.8019039428
6535,112.29729084
6536,91.5420580426
6537,111.54517248
6540,93.3213872005
6541,110.725157364
6547,94.3505135973
6548,111.917447126
6551,112.196855143
6553,111.215631542
6555,103.790380148
6556,94.9558828255
6561,77.7372034543
6564,92.6181583606
6565,112.297290839
6568,92.1426239882
6569,110.418123721
6573,102.204966052
6574,94.3358993676
6577,111.501139124
6579,114.352946557
6581,91.6434581771
6582,111.86471769
6585,106.80432192
6586,94.449447738
6589,105.198521964
6590,77.9702009634
6593,92.5334968631
6594,111.831782338
6595,92.2641420096
6599,90.6644484524
6600,94.464271526
6601,113.305073009
6602,91.4817716292
6603,112.860346074
6604,94.7333892502
6607,103.311937731
6608,103.246221436
6609,94.0001201034
6611,90.8352002867
6613,110.417790767
6614,93.4763867741
6616,92.0274929679
6617,110.418122378
6618,94.0337160385
6619,101.465288047
6621,103.790352287
6627,104.055385981
6629,110.959118562
6631,77.178416876
6634,94.8698318761
6636,93.8441916562
6638,92.142530278
6639,110.418123721
6641,112.20793812
6642,95.4603109311
6651,113.313120458
6654,79.038672709
6657,95.991736605
6663,93.6007324332
6665,108.202895459
6666,93.0331337238
6668,93.4607467607
6669,104.536717841
6670,93.3051599808
6671,94.6441311431
6673,93.9109470512
6675,93.069625945
6676,78.0962826533
6677,94.1615201835
6679,94.393429305
6680,112.411385385
6681,102.731356474
6685,102.998864985
6688,93.5044011693
6689,92.4691324212
6690,108.332116471
6692,110.418123721
6693,94.3353848498
6694,93.7594536388
6698,116.720455665
6699,92.2902243963
6700,110.457578678
6701,92.6661702877
6702,111.153368862
6704,92.4691324109
6707,110.941911429
6712,113.148258017
6713,93.4464699114
6715,93.2584298607
6721,112.068838954
6722,92.9435535473
6723,112.30160149
6724,95.4965809981
6725,116.693882935
6731,111.65034118
6735,78.0178613478
6736,93.8649044166
6737,106.223431998
6738,95.7139361034
6739,104.238486803
6741,103.746046321
6743,92.5900088075
6745,93.4607496212
6747,113.175549135
6749,93.4369034643
6750,103.74393644
6751,116.267750097
6752,96.4884352818
6753,110.418123721
6755,117.410644574
6756,93.5110986456
6757,102.796549694
6759,112.434550526
6761,93.2829384033
6763,93.4864300287
6764,116.444600616
6765,93.822195029
6766,111.566451721
6768,111.255058276
6771,92.4690929616
6773,94.8222213532
6774,92.8814326337
6778,103.143547084
6779,95.8137792551
6781,91.6881003892
6784,92.2411589667
6786,92.8711062748
6787,111.170793967
6790,90.5543335941
6793,104.887546142
6795,109.642863312
6798,111.523140666
6806,103.728323031
6807,92.7344821131
6810,93.077185366
6815,109.984350316
6816,91.1506640504
6817,100.930740264
6818,93.8920154404
6819,103.635056428
6820,92.7706679914
6822,90.4950541523
6823,115.159987884
6824,110.210857413
6825,92.1726569383
6828,76.0526402603
6829,111.590676883
6831,110.378516785
6832,90.7350735066
6833,110.461619755
6834,92.7059816332
6836,94.1094066456
6837,112.371138561
6838,91.9287797479
6840,102.779554922
6843,91.8116505181
6845,90.042415381
6846,90.5794938554
6847,109.567575672
6851,111.466032551
6852,92.2343484926
6853,108.165036072
6858,95.2326260552
6861,111.380268547
6863,112.524433513
6864,77.0675641665
6865,93.058531779
6866,111.755712943
6867,94.1538223528
6868,102.846042985
6869,94.1831548562
6870,110.210858007
6874,109.187061528
6875,93.6876374507
6877,110.397821153
6878,91.447393189
6880,93.2506163006
6883,109.939615598
6884,91.7017861776
6886,93.4710241364
6890,93.7454346926
6893,110.54515859
6894,90.6621378682
6899,110.397818772
6900,91.0778467417
6904,90.8500873184
6905,110.60178689
6906,91.6463436252
6910,91.8225495184
6912,104.282090837
6913,113.065685508
6920,90.7843897696
6922,93.2637183442
6923,109.642863593
6926,90.6852038791
6927,109.765211391
6928,91.8131723885
6931,110.33207221
6933,93.1819587485
6936,90.1789025276
6937,111.723284429
6939,111.38784125
6941,92.5303000121
6942,111.84014342
6943,92.8681081057
6944,100.734054412
6945,94.4025971364
6946,108.85125431
6947,115.383790534
6949,103.495349932
6951,102.640197954
6953,109.460144679
6954,92.2825366273
6955,110.710473359
6963,109.904979835
6964,92.335783533
6966,93.3408625725
6968,90.8090320477
6970,102.295311226
6972,111.526268055
6976,110.847127471
6978,111.755849715
6981,101.934286703
6985,102.847901793
6986,92.7427321126
6987,111.255286775
6989,111.779897191
6991,115.1599877
6993,114.229703423
6994,93.5631542426
6995,109.917356081
6996,94.3496185014
6997,112.74737332
6998,77.1386415011
7001,110.34543189
7003,111.230592335
7006,93.0746816823
7008,102.415643199
7010,90.935155757
7011,92.6741412826
7012,110.808780001
7013,92.0852596947
7014,110.9662413
7017,102.506515495
7018,93.4264790652
7019,89.3680708141
7023,93.1441177662
7024,101.638068659
7025,91.8410766185
7026,110.507217871
7027,91.9815091694
7028,113.228890485
7030,109.64286389
7031,90.384206955
7033,112.675649019
7036,92.5304328832
7037,93.3196369306
7039,93.6410493886
7044,92.4800673038
7045,112.370978926
7046,95.3196290391
7049,104.09800924
7050,96.4686494583
7051,102.295311132
7054,110.079825117
7055,94.0294896627
7057,91.7971852901
7060,110.397821052
7061,95.0762054703
7063,91.5612797955
7064,110.058849254
7067,93.250617401
7071,91.11029749
7074,102.020537259
7075,92.7373612253
7078,112.370978926
7079,91.6885146198
7080,111.526790317
7081,92.3797908089
7082,112.351023762
7083,92.5027336563
7085,113.474518247
7092,103.684960274
7094,92.6768975935
7100,91.1806610487
7101,111.010481415
7102,111.755712942
7104,110.556330026
7105,95.0759927211
7106,92.3113750997
7107,100.031289699
7108,76.1033601267
7109,91.7563928222
7110,111.723641397
7112,92.3253104701
7113,101.950779318
7114,92.4266256314
7116,111.765834951
7117,94.7467506231
7118,102.920240535
7120,93.1113596089
7121,102.455587988
7123,101.750078759
7124,95.2522153353
7127,110.199870743
7131,101.659440404
7132,93.8920119416
7133,90.2819757285
7134,109.651220016
7135,92.2029279427
7136,109.873929715
7137,90.5875332694
7141,92.8583614879
7144,103.367100518
7147,109.98111936
7148,91.8798480128
7150,92.1098069154
7151,93.1120703637
7152,102.144867638
7154,92.7985586842
7156,94.1966208451
7157,101.261272929
7159,115.116747186
7161,93.3943092238
7163,92.4782663781
7164,99.3405170404
7167,76.88619548
7169,103.453521256
7170,93.6263212601
7173,93.6274059547
7174,101.276895804
7177,110.01514983
7178,103.493496398
7179,93.1505994186
7180,78.7106082964
7181,110.246830889
7182,91.860969679
7184,92.414663318
7185,112.475120848
7186,90.9213396048
7187,113.415444941
7188,91.7764633807
7189,111.862777032
7191,101.48172626
7193,109.712991098
7197,97.3776339241
7199,91.7081859147
7200,112.350817013
7201,92.2028840966
7204,91.0250878174
7207,109.018522785
7209,112.524388231
7210,93.6947708192
7211,104.4510153
7213,92.6161641657
7214,112.747298712
7216,112.795333252
7217,94.1734172679
7220,109.650951105
7224,109.642863606
7225,93.4122214154
7226,112.795301011
7227,92.6528288524
7234,112.475221486
7236,77.6912131933
7239,102.796066289
7240,93.0824668989
7242,114.84618186
7244,111.552344957
7245,89.7614834108
7247,110.459898461
7248,90.5475493299
7249,116.193858502
7250,110.647406169
7251,93.6230437679
7252,112.03487943
7253,77.468591093
7256,93.3295243422
7260,93.1069112075
7261,113.209093741
7264,93.9549000676
7269,113.16464549
7270,93.5347609254
7273,110.532397713
7279,89.3842694243
7281,110.382638043
7284,92.1445288139
7285,108.053938117
7286,116.284251852
7287,91.0857217742
7289,92.8155557796
7292,92.7812244999
7293,112.479640545
7296,94.3188943205
7297,112.492500314
7298,90.5340647113
7299,114.193643301
7301,101.897544341
7304,112.282297667
7306,120.66966242
7308,92.8155701487
7309,101.52640812
7312,91.9488580449
7313,77.4685898035
7314,93.3197309095
7316,94.1038138438
7319,118.436386437
7321,92.4516364786
7323,93.3963237627
7324,102.430490898
7325,94.1789193876
7328,102.295779155
7330,77.0985460395
7334,94.0670161806
7337,112.875727
7338,95.2299482964
7339,92.5277072612
7341,91.2407998804
7342,112.92328539
7344,111.369208526
7345,111.687640426
7347,110.113955132
7349,110.382447631
7350,93.9201892381
7353,112.040098668
7355,110.359568792
7356,92.9523699763
7357,114.556858771
7358,94.5245786848
7360,92.738482842
7363,104.002072069
7364,94.2682058853
7366,92.9225398861
7368,94.1292229618
7369,111.513451924
7370,93.7196717033
7373,94.2127422587
7374,111.931115096
7375,94.3646460343
7377,92.595880764
7379,91.7297876506
7380,115.541798638
7382,109.222250757
7383,94.0528185887
7385,94.835986355
7386,103.297489805
7391,94.4860756786
7394,108.073728548
7396,110.647885519
7397,92.9576005625
7399,92.8026657541
7400,102.240966957
7403,76.6721033919
7405,111.217995846
7408,109.722287201
7414,112.82808839
7416,102.651652016
7417,91.2557277712
7419,94.003202937
7420,107.597630621
7421,93.6267655096
7422,93.6634038356
7423,102.800823198
7425,76.9419013784
7430,94.5176139625
7432,91.7397918785
7433,94.5050194955
7434,110.980129622
7436,110.128488914
7437,92.0171161607
7438,104.330131422
7440,105.438893421
7441,93.7519024681
7442,111.45949238
7445,112.547320694
7446,102.949600167
7448,111.274603266
7450,101.995426683
7451,92.6675137453
7454,113.36626362
7455,91.8099284116
7457,110.261990978
7459,102.852117297
7462,92.8489055761
7464,92.6675137452
7465,106.928915215
7466,93.5164395234
7467,109.471359507
7469,113.022929504
7472,93.9641073233
7473,110.043643665
7479,94.0670468878
7480,103.604094097
7484,110.721326888
7491,93.5070716574
7494,105.212167135
7495,93.6605831005
7501,92.0013137312
7503,94.1402715258
7504,102.352045986
7505,94.3535158073
7508,110.63048365
7509,91.5000319128
7510,77.4685987437
7511,112.890834645
7515,92.9994810705
7516,103.72938385
7517,94.2379488149
7518,104.334419712
7519,92.8041599906
7521,94.6740190034
7522,102.584788795
7524,104.889034728
7526,101.939242927
7527,94.1719368695
7528,102.429199117
7529,93.3927972555
7534,109.990170611
7537,111.779178053
7538,94.3952252762
7540,94.7080563957
7541,111.937214211
7545,110.345849668
7551,114.11544492
7553,93.7113541426
7554,102.094265511
7555,94.5521397825
7561,111.554177502
7562,94.1639973399
7564,91.8600214711
7565,106.085844486
7566,93.1665641193
7567,108.992296211
7569,101.096502019
7570,93.5283555706
7571,112.933374204
7572,91.6430941827
7574,104.469362558
7578,112.111935222
7579,92.2499492374
7586,92.3676591255
7587,77.2194841894
7590,94.2757532904
7593,110.043643665
7594,93.6611311128
7595,93.1662231495
7600,91.0125293939
7601,78.3061549282
7602,93.2400607966
7603,110.160895357
7604,91.7829237802
7606,92.2936895087
7608,113.559060468
7613,77.3016306814
7615,112.018642631
7616,110.021849638
7617,118.094009122
7618,94.172214316
7619,102.696077843
7622,94.5357942357
7623,102.316382227
7624,94.0604055355
7625,103.184330728
7626,93.1060422202
7627,102.755860639
7628,75.3062739596
7631,102.877701907
7632,102.619403515
7633,94.4937326433
7634,115.099391821
7635,92.8630497757
7636,113.148162528
7637,113.148183844
7639,91.6370796112
7640,76.9692163239
7644,112.753347992
7645,93.1790208666
7648,102.973732424
7649,93.1417567444
7650,110.611956995
7652,106.928928598
7653,90.2892355785
7655,93.17959383
7659,110.817567625
7662,94.0525525466
7664,93.1052464272
7666,95.7577368207
7668,93.3040442152
7669,110.605282025
7670,93.3612713214
7672,92.7715176661
7673,110.950116374
7678,91.3991903386
7679,79.5030146769
7680,103.262661192
7683,92.4811673139
7685,116.284251852
7688,93.8274976882
7690,109.848348626
7692,92.4041135
7693,94.6089971807
7695,112.875824671
7696,93.1653856228
7698,93.7202391203
7699,111.885475626
7702,91.6457670647
7703,113.195724851
7704,94.3734859106
7707,112.890826958
7713,76.6848952146
7715,102.977514756
7717,108.086616255
7718,93.2668459831
7719,104.01675999
7721,110.804990456
7722,92.9357110409
7725,99.0760182917
7727,98.6906348686
7730,74.5502047526
7733,89.3937025559
7735,100.100367354
7740,111.850689097
7741,110.9818218
7742,89.9192689158
7744,112.286718885
7747,91.9344361762
7750,75.9390338247
7752,110.076991053
7754,111.433018378
7756,104.627471352
7757,92.3204643997
7758,102.589768617
7760,101.917609517
7761,91.8052649989
7763,108.551704824
7765,93.0864352816
7767,111.803424854
7768,92.234717426
7771,91.951036889
7773,90.1781632149
7774,112.492143022
7776,103.36403597
7779,91.5263385678
7783,89.2968664639
7786,106.339134114
7787,92.9090717314
7789,90.4728027729
7791,92.653502049
7793,92.0341957693
7794,106.476553925
7795,90.5077311013
7799,76.2263711569
7800,107.824350932
7802,94.9262523686
7805,105.118271533
7807,100.228117019
7808,92.8354029647
7811,102.551218819
7817,108.676824401
7818,101.274042159
7819,91.5878700041
7822,90.936999181
7823,110.358140109
7825,110.988504392
7828,90.5571495748
7832,91.7619037846
7833,76.1555569886
7834,110.727171269
7835,92.0674207107
7837,92.1958639305
7840,90.64466605
7842,91.934779951
7843,107.011149278
7844,91.6656660707
7846,91.8051434636
7850,90.6175694626
7853,110.484176161
7855,111.260197763
7858,91.8944140286
7863,109.963223614
7865,111.425966102
7866,90.1117485031
7868,90.2575076668
7869,109.843853129
7871,75.9422793191
7872,101.925666556
7874,100.699674862
7877,111.404216748
7878,91.8340482139
7879,107.755817519
7881,91.5746861324
7883,93.0062512488
7885,100.910852181
7886,92.3664121658
7889,94.9141044212
7890,104.949576054
7891,92.8044036816
7893,92.7509206543
7894,101.055059963
7896,109.26685444
7898,100.635776669
7901,91.9504030258
7902,108.768927487
7904,110.379642238
7905,92.1631552049
7906,116.912290377
7909,91.7357208983
7910,101.606529887
7913,90.7923881982
7918,111.891719597
7919,91.2587198655
7923,89.6018937311
7925,91.6031346115
7927,89.3287166411
7930,91.8741245209
7932,92.4451477088
7933,92.5510815741
7935,90.7586964175
7939,101.23779463
7942,89.1525533999
7943,110.711718723
7945,102.042691253
7946,92.7841496619
7948,93.2546441378
7949,108.698779716
7950,91.2173167995
7951,111.803403755
7955,100.818922067
7959,92.923127551
7960,111.850568556
7961,91.1474189105
7962,101.377042458
7964,101.833945328
7965,92.0884039528
7966,111.406914157
7967,103.081753673
7968,94.3182355224
7971,102.362236812
7974,91.2586633017
7976,109.307739065
7978,110.022800297
7982,111.850568622
7983,92.30879993
7984,102.690852045
7986,92.3450233099
7989,108.698779716
7991,108.768927494
7992,109.478729601
7993,88.8645225848
7994,110.810078129
7995,91.7617664228
7997,92.2353224451
7998,102.690883835
7999,108.676827796
8002,91.6850892641
8007,92.7247197649
8009,90.3556446461
8011,92.1961146173
8013,92.2440481654
8015,99.9817881878
8017,110.792047091
8019,114.93946788
8023,92.2797266212
8024,111.579415614
8026,110.472318198
8027,90.554102515
8029,91.5342903151
8030,111.49154696
8031,91.1616774819
8033,92.4218506112
8035,91.3409713239
8036,103.220136702
8039,102.051346315
8042,90.4765838176
8044,90.656194677
8046,77.5785690844
8048,111.631074329
8049,92.1632070624
8050,101.274163504
8053,91.255811234
8054,92.0321356158
8059,91.0627453439
8061,92.1959513416
8062,110.78235832
8064,108.466586074
8066,104.2011525
8067,92.2291926328
8068,91.6779599094
8070,92.7667232614
8071,111.157812962
8072,91.6183604209
8076,90.8595473352
8080,90.6233800439
8081,108.350308154
8084,100.215519054
8087,112.645019305
8089,91.1033584846
8090,114.58664663
8091,101.364346745
8094,113.333734241
8100,89.4084440941
8101,93.2626421718
8110,93.1020727101
8111,108.768927494
8112,93.2326915475
8115,111.874913469
8116,90.7531672307
8118,108.466667758
8121,115.045398729
8125,107.201456338
8127,110.493797092
8128,91.5969153381
8129,108.595442834
8131,94.9870661684
8138,93.5298742501
8139,102.273228994
8140,90.4115262178
8141,90.1782065874
8142,110.139980969
8143,111.290854747
8145,110.47231757
8146,90.3581864987
8148,111.580337882
8153,110.704322935
8154,90.2105557778
8155,111.156790464
8161,92.6535755758
8162,110.705333474
8163,90.1550464499
8166,110.798086374
8168,112.239239997
8170,93.3810035698
8172,110.863669058
8173,93.3535124585
8176,104.895751242
8179,91.7109108194
8181,94.3700954199
8182,117.390864419
8184,111.15444157
8190,104.012313942
8191,95.1540731699
8194,114.572639738
8196,111.191224876
8198,112.77719016
8199,112.612552599
8201,111.008618888
8202,90.7303281187
8207,92.0727472708
8208,108.579670115
8211,109.175802452
8214,109.317937939
8217,90.4949168387
8218,107.976643268
8222,92.5724711349
8229,103.336614049
8231,92.8781351493
8233,94.9457651324
8236,92.4052195728
8238,111.514545195
8240,101.024261952
8243,102.58444456
8246,110.679987395
8250,91.0134582139
8254,92.9199657181
8256,75.4640319742
8257,109.857086741
8258,90.490774765
8260,92.4666400676
8261,112.855485555
8263,112.246948373
8264,92.389320958
8267,108.496728214
8268,89.724784767
8271,90.6366589635
8272,108.579670115
8275,93.7269710067
8276,92.3607158163
8277,103.288761069
8278,114.154623918
8279,92.0007793703
8280,109.016469617
8281,92.0852300915
8282,108.51775657
8287,109.614032326
8288,91.2429263449
8289,111.476908954
8294,90.6938748013
8296,91.0570017679
8299,111.142349282
8302,102.407146163
8308,111.330702016
8314,101.669203871
8315,91.4007582842
8316,109.054738716
8317,92.6600609444
8319,110.819878324
8320,90.1542705867
8321,115.126276822
8323,92.8766213126
8325,92.3539555233
8326,109.568594052
8328,108.753155893
8330,107.709022722
8331,91.4096917256
8332,111.771759622
8334,92.4003791732
8338,90.7085677278
8339,92.7137569588
8341,89.6228105252
8345,110.556543137
8346,92.2595966781
8347,101.706143912
8349,92.5610869243
8351,92.6378718784
8352,110.909884388
8353,108.753155893
8355,109.425234519
8358,108.661051657
8359,106.826469098
8360,92.4104418183
8361,109.236111129
8363,101.550645712
8364,92.365714008
8365,93.572296964
8366,100.990702705
8370,109.845412508
8372,92.0866772477
8376,92.1838067931
8377,114.184979777
8379,110.926749638
8380,91.3978714556
8381,112.168477527
8386,90.4359771732
8388,100.897360197
8389,94.2933519896
8391,111.247864873
8394,92.919915953
8396,101.576145318
8398,102.203787082
8400,110.914650481
8401,90.2240108951
8404,89.622810525
8407,92.3026146361
8408,108.983849656
8409,108.396204174
8410,102.859373261
8411,90.3456867439
8413,90.8342598379
8414,109.231311185
8416,91.2796331637
