y,ID
79.4766328812,1
94.6721002579,2
79.7547974587,3
79.3193890572,4
113.128885079,5
93.5858264923,8
113.058915138,10
95.3852876663,11
116.440153503,12
95.2980024338,14
116.19335804,15
105.467051124,16
96.7169797897,17
96.500497818,19
106.924623299,20
98.5163772583,21
118.725533104,22
98.4072652817,23
96.0783369064,26
95.1678462982,28
96.6750305176,29
95.8962825775,33
94.908678627,35
95.1257045746,41
93.7386291504,42
116.859259033,43
103.711974907,45
103.278052139,46
94.4070556641,51
85.1184858322,53
112.640107345,55
94.3493394852,56
104.120584297,57
94.5863601684,58
103.921746826,59
112.274381637,63
94.3599437714,64
105.773697662,65
94.0516338348,69
95.1034999847,71
104.475217056,72
94.3332073212,73
103.971753121,76
103.540239334,77
114.862871742,78
94.4111881256,82
105.754276657,83
94.4606866836,84
103.398014641,85
112.059670448,87
94.8071386337,88
112.871142387,89
94.5045583725,91
94.941591835,93
104.020356941,94
93.9591588974,95
112.308689308,96
94.2814466476,97
111.827402115,98
94.0640687943,99
104.211201668,101
112.879740715,103
93.7267131805,104
111.837977981,105
95.0698524475,110
111.966731453,111
112.525216865,113
93.7182104111,114
111.384623527,115
112.800861931,117
93.8945583343,120
112.146293068,121
93.2747484207,122
112.737503242,123
111.890730858,126
112.982409859,132
106.248295402,135
105.443798256,137
94.177324295,138
94.286497879,140
111.254206276,142
112.306054878,144
92.8125597,148
115.617442512,149
93.2372034073,155
112.269000244,156
94.3070295334,157
112.697274017,162
94.3956596374,163
94.4646324158,167
116.459550476,172
112.987481689,179
93.4496315002,180
111.26242199,181
95.1824020386,182
112.803822517,183
112.778429985,185
111.793247795,187
94.3051511764,188
94.5012590408,189
94.1527988434,191
112.320855331,192
94.4707679749,193
111.546703529,194
93.2247276306,195
112.040699577,196
94.5038223267,198
112.138280487,199
104.948063469,201
93.9176979065,204
104.306825638,205
94.6349386215,206
94.5049324036,210
104.149635315,211
112.170388222,216
115.662255859,219
94.0159841537,220
111.242624664,221
111.261854553,226
93.6603672028,227
111.93664608,228
111.879120064,230
94.2559326172,231
116.43236351,235
94.0651111603,236
111.891605186,238
103.601821518,242
94.4318588257,243
78.8880578995,244
111.518338203,245
112.387438202,247
93.1657371521,248
93.6777925491,249
113.193829346,250
94.0640579224,251
116.428399086,253
93.45501194,254
93.8532781601,256
92.6464063644,257
112.328663063,258
94.077230072,259
83.1556663513,262
93.747290802,266
112.320593452,267
103.775959587,272
112.805969047,273
93.2645187378,275
112.779457664,276
94.6779169083,279
105.701732445,280
93.4732305527,283
111.975577164,285
112.776945496,288
94.9518974304,289
105.014243507,290
94.3652364731,291
111.880626679,292
111.598484039,293
92.8322639465,296
113.138167,297
114.918400383,298
94.3537670136,299
93.850639534,304
81.4654375076,305
93.9695581436,306
111.225116157,307
109.009233093,311
111.254902649,313
93.2399419784,314
95.343768692,316
95.195690155,324
94.7721694946,327
93.9134998321,329
111.542003441,330
105.704626656,337
94.7769351959,338
105.596539497,339
94.4632568359,340
93.7030988693,343
115.238512421,345
93.7303382874,346
112.076559067,347
110.460869026,349
93.4636709213,350
112.576664925,352
93.2745700836,353
78.8203870773,354
93.6566684723,357
112.293435288,358
112.100333214,362
116.896926498,364
104.042426109,365
94.1054279327,366
112.1483284,367
94.2729152679,368
78.9314663887,370
94.7650075912,373
93.3637172699,377
111.458213997,378
103.896906471,382
111.90838108,384
93.7639629364,390
113.154522896,392
112.346813202,393
94.5583087921,395
106.049046326,396
79.3816102028,399
111.256428909,406
111.257239342,408
93.3660919189,409
78.6995793343,410
113.23576889,412
92.6914068222,413
93.9430952072,419
112.319699097,420
92.5775251389,421
100.129506874,430
94.2450220108,434
94.6018936157,436
94.3179208756,437
93.1092699051,438
111.892006874,439
94.5048069,440
112.078235054,443
94.1506843567,446
93.9634216309,448
94.5207279205,452
104.139358139,453
104.937594414,457
94.5292922974,458
113.450156021,459
103.454351044,460
104.888755608,462
103.291706657,464
115.645672798,465
115.905258369,467
112.107031631,471
78.6428403854,472
94.932050705,473
94.3660552979,475
94.839620018,480
112.27779541,488
111.232085228,490
104.096037674,491
78.9702488899,492
93.9711029053,493
93.3873960495,497
112.103808784,498
94.5179519653,499
103.142451477,500
94.5289890289,501
112.388621139,502
81.1036842346,506
111.477050781,510
93.5229406357,511
93.6764671326,512
97.6868494034,516
93.1131065369,518
112.167773819,519
93.4111078262,521
112.853336143,522
112.805387688,526
94.8580799103,529
112.282949257,532
94.2248760223,533
113.264498711,536
101.180454063,537
94.3255325317,539
104.169435883,540
94.5006042481,541
94.5403461456,543
112.660691261,546
93.9630117417,547
79.1145956993,548
93.7476043701,551
103.791029549,552
103.639745331,556
94.6161279678,557
112.15678978,558
94.7569221497,559
104.350425911,560
104.370552826,562
94.2903211594,566
112.067438889,570
94.3111610413,571
105.625055504,572
94.3176073074,573
115.644236374,575
112.336024475,576
93.3580877304,577
92.7688097,579
111.987340927,580
112.924551392,581
111.228120995,589
103.221078491,591
94.4858486175,593
103.381020165,594
94.6272596359,595
93.688580513,598
112.359430122,602
113.167768097,604
110.259204483,606
94.1260269165,608
104.221339798,609
94.3534173966,610
112.476271057,616
94.3841022492,617
103.204484558,618
104.735718727,620
111.750875473,622
92.5692129135,623
128.891900253,624
112.191559601,626
112.149025536,628
93.7539003372,629
111.870944977,630
94.9485748291,637
105.572621155,638
95.323106575,643
94.8340263367,645
116.358849144,646
95.3132135391,648
94.2429824829,652
94.311779213,653
112.067561722,654
112.492620659,656
94.522076416,657
93.8301431656,659
104.387394142,660
93.5077976227,663
112.484861183,664
103.863341904,666
112.468590546,668
93.9795219421,669
94.5424533844,671
93.5593805313,675
94.0394151687,677
111.546043587,678
106.83289566,679
94.2625247955,682
103.821998787,685
94.2938615799,687
93.5795711518,688
112.061273003,693
94.7166744232,696
94.1804265976,698
94.844185257,701
103.937170601,704
115.497387123,705
112.25833931,709
94.5196552277,710
104.409444618,711
94.5532726288,712
112.042788124,714
92.6541563034,715
111.208663178,716
94.0558536529,717
115.356762886,720
94.1436769485,721
102.99865284,724
94.205887413,725
112.083955765,726
111.915377998,728
93.8544231415,731
104.729015732,734
94.2776849747,738
111.848992729,745
93.8584089279,746
78.8484447479,751
93.7847225189,754
93.7422077179,756
94.3944347381,758
110.81599884,759
116.3350214,761
97.7018938065,766
112.381084633,767
92.5763429642,768
113.740245247,769
94.1868497849,770
78.9744716644,771
104.441845512,772
93.7372264862,773
111.88586731,774
111.919483376,776
94.5494049072,777
116.772122192,780
104.150408936,782
103.297262573,787
94.3532245636,788
92.5865718842,792
108.113941574,793
94.2994419098,798
93.3153570175,800
111.219128609,806
112.42990799,809
112.328462791,811
93.2603216171,812
115.699334526,814
103.282428551,816
94.8590057373,817
108.125454712,818
112.042523575,820
94.5523735046,823
92.6735534668,829
111.441512489,830
92.7667963028,831
112.255652046,834
94.3399738312,839
79.1395438194,841
104.192757416,844
94.3590658188,845
93.8749702453,848
97.460342598,850
103.389458084,851
93.9494710922,852
94.1764545441,854
94.6305595398,855
103.52138443,856
103.305420494,859
111.893046379,861
94.1021253586,864
111.855737114,865
93.5636497497,866
94.1005414963,867
94.4269388199,869
93.5605491638,871
111.219584465,872
103.20812664,882
94.2603988648,883
94.5033031464,885
94.8390468597,888
111.226099777,893
111.513109589,901
104.066267777,903
93.9466959,904
103.589232826,905
94.7470609665,910
112.353390884,911
112.817185593,914
112.318536568,918
92.6507293701,921
93.9228927612,928
103.515175819,929
94.6058589935,932
103.876535034,933
94.749751854,934
111.513046837,935
79.0684726715,937
94.3622077942,939
103.246486282,940
97.4354791641,941
103.545307923,942
94.4443597793,943
103.319675064,944
111.221665764,947
112.484565544,949
111.16758976,951
94.6332841873,952
104.067994499,953
79.0592507362,954
112.117353249,957
92.74640522,959
114.872046852,960
115.702465057,963
111.221665764,965
103.624913215,967
94.1155628204,971
78.7195845604,972
94.2927225113,973
112.30955658,974
94.9987470627,975
117.459269333,978
111.96855793,980
94.5219846725,981
112.88462944,984
94.7488679886,986
92.5906288147,988
112.061954307,989
103.710109901,990
111.514253426,992
94.3336017609,996
111.972696877,999
94.7685972214,1000
111.856659698,1001
92.7793832779,1002
111.929399681,1003
92.7407588959,1004
112.485976601,1008
94.1717132568,1009
104.514125824,1010
116.602766037,1012
93.6020475387,1013
112.398310661,1014
93.7710735321,1015
115.607425499,1016
93.9702796936,1019
111.613083649,1020
94.7500436783,1021
103.903757095,1022
94.7495107651,1024
79.1194367409,1025
94.3532104492,1027
109.268765259,1028
94.1636356354,1029
94.3663316727,1030
112.005727196,1033
94.206937027,1036
111.78403759,1037
93.4022199631,1038
94.3619319916,1042
103.093778419,1043
94.106303978,1044
112.213285446,1045
113.143998718,1047
94.5458650589,1050
111.264496231,1051
94.5406814575,1054
94.5233358383,1056
94.2166143417,1057
94.3353954315,1059
100.310159492,1062
103.814307594,1063
94.5222108841,1064
93.8608119965,1066
104.06852932,1070
112.235790443,1076
100.632892799,1077
112.204462433,1078
112.059748268,1080
110.831200027,1082
94.7904827118,1083
111.075873375,1089
94.807567215,1091
94.2389663696,1093
94.461740303,1097
93.5165370941,1099
94.8123699188,1101
94.9422906876,1103
112.233499908,1104
111.823762894,1106
93.5332765579,1109
111.558619118,1110
95.4690338135,1111
113.176703453,1112
94.3857069015,1114
95.2537237167,1116
112.107331276,1117
93.6561752319,1120
112.219140816,1124
93.446839714,1125
112.118847656,1126
112.208554268,1134
93.701014328,1137
112.277168083,1138
111.285721779,1144
94.6978656769,1145
93.2399274826,1146
95.2353471756,1148
93.6694675446,1150
104.229181099,1152
94.5246664047,1153
104.505499458,1154
94.3787689209,1155
93.5445934296,1157
94.4683570862,1162
112.046250725,1165
93.7143634796,1166
103.988706398,1167
95.234589386,1168
103.347702408,1169
116.532723236,1171
94.6855852127,1172
103.34805336,1173
94.0580757141,1174
94.7025314331,1176
103.424066734,1177
93.7725730896,1178
112.42097435,1182
94.9018802643,1186
113.530688858,1187
93.7491559982,1188
116.783926964,1189
104.90787735,1191
94.5709917068,1192
111.570284081,1197
93.3204763412,1198
78.9552261353,1200
94.7509191513,1201
94.3796152115,1203
115.763776779,1209
103.61359787,1214
111.630043983,1218
94.097026062,1222
94.3346284866,1226
94.0591957092,1228
93.4820400238,1230
78.9001717567,1232
95.2800439835,1233
113.223637581,1236
94.548714447,1238
111.297089195,1241
105.871533775,1244
94.0833644867,1246
112.581269455,1247
112.270897674,1250
93.640627861,1251
112.51872139,1254
94.728127861,1255
110.878069878,1256
93.0150163651,1257
94.5046644211,1258
111.293980789,1259
94.9312486649,1260
111.326334,1263
79.0394627571,1267
111.508041191,1268
94.427460289,1271
111.262010193,1272
104.396860504,1274
94.482233429,1275
111.302253723,1276
93.50233078,1277
93.2530845642,1279
94.3027954102,1281
93.7587320328,1282
112.139521027,1283
111.84840107,1285
93.6622297287,1286
112.366669464,1289
112.195491028,1296
93.7052099228,1299
94.4088317871,1301
93.2212936401,1306
94.0560733795,1307
93.5367454529,1308
111.299668503,1313
94.6947778702,1314
111.577114296,1315
93.7185626984,1316
111.311064339,1317
93.9416238785,1319
94.9967977524,1323
104.396736717,1324
93.9254892349,1325
103.775160027,1328
93.8915513992,1329
111.919851303,1330
94.2683998108,1331
103.615829659,1332
95.0307861328,1337
111.449529266,1338
93.4974514008,1339
112.226311111,1340
114.696713448,1343
109.958627892,1347
93.9231412888,1348
104.570131111,1349
93.2500724793,1352
94.6744724274,1354
113.260507584,1359
95.2602075577,1360
111.31192131,1363
94.7704395294,1364
104.165214348,1365
94.1722139358,1366
94.4626253128,1372
103.964334297,1375
94.3262140274,1376
93.5108995438,1378
112.547320366,1379
94.8846017838,1380
103.371644974,1381
111.41645031,1384
93.7185560227,1387
112.570593643,1388
78.817665863,1392
105.309575462,1394
94.2351385116,1395
111.311387062,1396
94.5413698197,1398
111.311387062,1399
94.0983358383,1400
94.1154270172,1401
94.3957740784,1403
111.234130478,1404
111.311387062,1406
94.47923069,1407
111.328618813,1408
79.04080019,1410
111.298757744,1412
94.2195892334,1413
94.563542366,1415
111.328481865,1420
111.579397774,1422
109.187631226,1423
111.328481865,1424
94.6206121445,1425
79.04080019,1426
94.3559822083,1427
93.3152925491,1429
112.204380608,1430
94.649798584,1431
104.692832375,1432
112.502074241,1434
94.3796014786,1437
104.374489975,1438
112.28366375,1440
112.345590591,1441
93.7246290207,1442
111.635987091,1444
94.7648931503,1445
104.308121872,1446
93.7287155151,1448
94.0739456177,1453
111.29894638,1454
94.5655736923,1455
111.697278786,1456
111.29894638,1458
93.4259487152,1459
94.283331871,1461
93.7188816071,1465
112.763325119,1466
95.1849258423,1469
94.0749464035,1472
95.2273746491,1474
111.689903832,1477
111.760668755,1479
94.4137462616,1482
78.822696495,1483
94.4750589371,1487
112.187371826,1488
112.455784798,1490
111.253456879,1492
116.170318604,1494
103.830718231,1496
97.5944738388,1497
94.5706747055,1499
94.2100334168,1502
112.512693596,1507
93.2479953766,1508
111.792871666,1509
93.9323316574,1511
111.84003582,1512
114.931921005,1513
104.276011086,1514
111.990441132,1518
92.7105707169,1519
112.289635086,1522
78.9607149124,1524
93.725501442,1527
93.127180481,1529
103.913031578,1532
112.243979454,1536
115.749701691,1537
105.661718559,1539
112.286087036,1542
94.326568985,1543
104.727979469,1544
79.6122851372,1545
94.3330497742,1550
111.97382164,1551
104.347165871,1554
104.258939552,1556
93.0273399353,1559
78.7470474243,1560
94.2536558151,1562
92.7749521256,1566
111.960387421,1567
104.115759849,1569
113.204948616,1570
112.28867054,1571
93.248500061,1574
104.225108528,1578
93.2000581741,1580
112.05392704,1583
93.248500061,1584
112.046094131,1585
95.1392131805,1586
111.957627297,1587
92.7075626373,1588
114.590686035,1590
103.290295219,1592
111.715287399,1596
111.915851784,1598
94.3493532181,1599
116.64274044,1604
103.110710144,1606
94.2225328445,1607
103.342337417,1608
116.528588295,1609
94.3601810455,1611
94.7278015137,1613
94.8396650314,1616
112.609117508,1619
93.3042034149,1620
111.896089554,1621
94.4715339661,1622
111.546256256,1625
116.528105354,1627
112.254996109,1629
94.5924274445,1634
93.8975566864,1636
103.857108116,1638
94.0900066376,1639
94.3068628311,1641
94.1750272751,1643
103.437918091,1644
116.775930977,1645
94.3679384232,1646
104.286528015,1647
94.6410661697,1648
93.2003923416,1652
112.526094055,1653
92.8450006485,1656
94.3501399994,1658
111.593639374,1659
94.5386932373,1661
94.2238237381,1663
112.26614399,1664
94.3841098785,1665
104.261958313,1666
102.988949013,1667
78.9244072914,1668
103.290354729,1669
94.1770565033,1670
112.058170128,1672
112.419138908,1674
112.191178894,1677
93.2590435028,1678
112.037773132,1679
94.0333208084,1680
103.492653084,1683
103.670353317,1686
111.656909561,1687
112.158945847,1689
93.7683166504,1690
115.441712952,1691
112.62703476,1692
93.2491817474,1693
94.5401151657,1695
94.0762742996,1696
111.60152607,1697
104.259790802,1700
94.3234491348,1701
111.934978867,1702
92.638864708,1703
112.347460175,1704
94.609327507,1706
113.034464836,1707
94.637918663,1708
94.276162529,1710
103.241602516,1711
104.159283447,1713
106.679095268,1717
104.225782204,1719
94.4459075928,1720
94.3111272812,1722
103.294974327,1725
94.6436330795,1726
104.960788536,1727
112.373679733,1729
93.3125919342,1730
111.747878265,1731
104.259618378,1733
94.4229785919,1734
111.586024285,1735
94.7282243729,1738
94.4596183777,1742
112.418922615,1745
94.3179008484,1747
94.5680879593,1749
94.8700191498,1751
79.0405724526,1752
103.046868897,1753
94.6509080887,1754
94.4685728073,1755
105.408664322,1756
112.194846344,1758
94.5466831207,1759
105.195809936,1760
112.001863671,1761
93.5933769226,1762
111.52320137,1763
92.6188926697,1764
94.6170045853,1766
94.1507400513,1768
79.1091201782,1769
112.432234001,1771
94.6735351562,1772
103.591062737,1773
94.6911783218,1774
112.825746918,1775
112.212641335,1777
94.5503265381,1779
106.489152718,1780
92.6757951737,1787
93.6844646454,1788
94.8866121292,1790
112.164056778,1796
92.7141635895,1801
94.1212663651,1803
112.246577644,1807
113.845515442,1809
94.6566516876,1812
111.83357029,1813
93.7406480789,1814
111.838805008,1815
94.1792554855,1816
93.5973129273,1818
93.6239898682,1820
113.204635811,1821
94.4492473602,1822
94.1851524353,1825
103.334207153,1826
94.7340166092,1828
103.861884499,1831
112.382611084,1836
93.7080211639,1837
95.1859928131,1841
103.502985001,1844
93.7329652786,1848
105.726223946,1851
94.7010753631,1852
93.2063575745,1853
112.046363067,1854
95.3953203201,1856
113.834817123,1859
94.2370395661,1860
79.2506828308,1861
110.126086998,1863
99.7002990723,1865
105.269283867,1866
94.3531658173,1867
92.6284484863,1868
94.103478241,1872
94.8126516342,1879
103.458549881,1880
94.0479923248,1882
103.601999283,1885
103.235650635,1887
94.4863462448,1888
112.690753555,1890
94.6719478607,1894
103.415584946,1895
94.0136346817,1896
113.60883503,1897
111.782476234,1900
92.9838121414,1901
113.705167198,1902
93.9916904449,1905
112.228184509,1906
104.114309883,1912
94.2832735062,1915
104.18328495,1916
93.9327493668,1917
103.321408463,1918
78.9855604172,1920
96.1374889374,1923
104.439563751,1924
94.7124229431,1925
116.578278732,1930
111.500221062,1932
94.0968864441,1933
112.088991928,1934
92.974230957,1935
79.088269043,1940
94.3483362198,1941
112.485281563,1942
94.1720849991,1943
93.2522602081,1944
111.206963348,1945
115.816427421,1948
93.67283535,1949
94.4921165466,1952
93.309210968,1954
111.64799099,1955
93.7236459732,1958
81.0597514152,1959
111.509165001,1960
94.7295454025,1963
94.3087478638,1965
104.77060852,1968
94.7623973847,1969
94.6379295349,1971
112.352332878,1972
92.5745887756,1973
92.6646375656,1975
94.6983484268,1977
94.213152504,1978
112.249333,1979
92.6132461548,1981
112.482647705,1982
112.602075958,1987
92.7482498169,1988
94.5959852219,1993
93.6524353027,1997
94.739153862,1999
94.6954198837,2001
113.453661156,2002
93.7461832046,2003
86.9748077392,2004
112.318604851,2006
94.000000763,2007
105.225592423,2009
94.3461240769,2010
94.7631757736,2013
78.9545828819,2018
104.947944069,2022
112.198932076,2024
94.5010597229,2025
104.490663719,2026
105.12859478,2030
94.3840799332,2031
104.115032196,2032
94.6467308044,2033
93.9352560043,2035
112.377000618,2036
93.3276901245,2037
94.7323209762,2040
109.513835335,2043
105.3716465,2044
104.271433258,2046
113.273097038,2054
94.4789093018,2055
106.486154366,2056
93.4138664246,2059
92.9849283218,2060
93.1652292252,2062
112.041124725,2063
94.6743082046,2066
111.937502861,2067
94.0411394119,2072
111.801246262,2073
94.1424905777,2074
113.172382927,2075
93.7959243774,2076
94.0612422943,2080
92.983943367,2082
112.644592094,2085
112.168104553,2087
112.439552879,2091
94.4421333313,2092
106.52956562,2093
94.3250110626,2098
111.515377617,2101
93.7156080246,2102
79.0888091087,2103
105.248753166,2105
94.3810403824,2106
114.22624321,2107
94.6192399979,2110
94.0323377609,2114
112.362276077,2115
81.1764378548,2117
94.3116508484,2118
104.247145843,2119
94.4830337524,2120
93.6966802597,2122
112.133948708,2123
94.5630403519,2126
104.352798081,2127
94.8544630051,2128
112.134921074,2129
94.9635427475,2132
104.366324616,2135
94.8089403153,2138
116.622668457,2139
111.556865501,2141
93.8720262527,2142
94.6385555267,2146
112.263770103,2151
104.561126518,2157
113.391828537,2159
94.3496488571,2162
115.857662582,2164
93.4623687744,2167
112.277610588,2168
93.787704277,2171
94.6004131317,2173
104.482464028,2174
93.7355354309,2175
94.3315826416,2178
94.7140470505,2180
112.304941177,2185
93.6948720932,2189
111.86172657,2190
103.199754906,2192
113.963594818,2194
112.627046394,2200
93.7995782852,2201
112.395308876,2203
93.7402109146,2204
112.010863685,2205
110.908233261,2209
103.71932106,2213
94.1761236191,2214
108.676197434,2215
93.7954378128,2216
93.9815649033,2218
103.980227661,2219
95.2683925629,2220
92.8039447784,2222
111.847940445,2223
112.237243462,2225
94.3276762009,2226
94.2900726318,2230
111.834902191,2233
113.146107483,2234
93.7405416489,2235
78.8345580101,2236
94.6737388611,2237
113.833643341,2240
94.2309274674,2241
104.188836288,2248
94.3660354614,2249
112.06085701,2250
112.403865242,2252
94.031096077,2253
112.733464813,2254
78.7981499672,2256
93.8258371353,2258
112.138791657,2259
94.7081745148,2262
94.3863786697,2265
104.334974861,2266
94.9325731278,2269
94.6834751129,2271
93.1331167221,2273
111.820671082,2274
93.8315015793,2275
94.6543235779,2277
93.7387264252,2279
78.7216139793,2280
94.7136415481,2282
103.239151955,2283
92.7728460312,2288
112.237550926,2289
94.3369768143,2291
116.454093743,2292
95.2550022125,2297
103.448409081,2298
94.7823331833,2299
112.822390747,2300
93.004535675,2301
94.5036886215,2304
103.341893387,2305
94.7052537918,2306
93.8928474426,2308
112.511578942,2309
94.9086414337,2311
104.240328026,2312
103.430233002,2316
103.222212029,2321
112.195192146,2322
104.202912712,2325
94.0996301651,2326
116.455176735,2329
94.7392353058,2330
103.592447472,2331
111.865091705,2332
94.7052537918,2333
103.214209366,2334
110.880015373,2335
112.853832054,2337
94.4223161697,2338
111.865091705,2340
92.7224676132,2342
93.9632995606,2345
94.448626709,2349
82.9953092575,2351
94.4844491959,2352
111.2803833,2354
114.996634102,2355
112.228934288,2357
94.5915809631,2358
94.4449642182,2360
111.2803833,2361
93.7449375153,2364
95.1197927475,2366
104.957434463,2369
95.0327842713,2370
111.866448975,2371
118.084366035,2373
94.6194711685,2374
112.016660881,2376
110.815766525,2378
94.6941520691,2382
93.225992012,2383
103.610165215,2386
94.8832056045,2387
94.8061471939,2389
111.21989193,2390
93.1256771088,2392
111.891657257,2398
94.5130195618,2399
93.8452083588,2400
111.810696793,2401
94.5908531189,2402
93.7955083847,2404
112.348517036,2407
111.906483078,2408
112.188726044,2409
86.9242847443,2412
95.0076879501,2413
93.9549098969,2415
111.060453224,2420
94.4025213242,2422
103.280082893,2423
93.9644746781,2426
94.6487243652,2432
93.1267845154,2434
95.5216331482,2435
112.227448845,2436
110.937201881,2438
112.329747582,2440
94.2757305145,2443
94.1456226349,2444
104.170337295,2447
94.4782247543,2450
94.5371973038,2454
112.732675171,2455
94.7120830536,2459
111.786846542,2460
94.1614391327,2463
94.2739870071,2465
79.0454574585,2468
93.762928772,2469
93.7164840698,2474
94.5394224167,2478
93.9268806458,2480
113.829293251,2481
94.7110086441,2489
104.970576286,2490
92.9980882645,2492
94.7026376724,2496
112.818039894,2497
94.7461877823,2500
94.7619138718,2505
93.9862625122,2507
111.999960709,2508
94.4968614578,2509
86.1718482971,2510
92.8267690659,2513
94.7569755554,2515
93.273913002,2518
111.195035934,2519
93.268652916,2520
112.305794334,2521
111.562080956,2523
94.3726551056,2525
111.949443245,2529
93.814151001,2530
111.477856636,2533
93.7449440003,2535
103.087543488,2538
111.128575707,2544
112.176843834,2553
93.8180744171,2556
92.9079809189,2558
118.173043823,2559
94.271818161,2560
112.287574577,2561
94.0055051803,2562
112.733207321,2563
93.1768562317,2564
111.712378693,2565
105.269770432,2567
94.2887796402,2572
94.8794088364,2575
112.499269867,2576
93.2615365982,2577
94.3432115555,2578
112.026329994,2579
93.2501024246,2580
111.779606438,2582
93.3699911117,2583
93.9586688995,2587
112.509207153,2589
94.755296135,2590
111.934667778,2591
93.8935815811,2594
94.4218034744,2597
104.193686295,2598
94.5491682053,2599
103.175436592,2600
112.044026566,2602
94.2839824677,2603
105.304851913,2604
112.162299538,2606
78.8823744774,2607
93.9836580276,2608
111.918466759,2613
93.4656457901,2614
112.077798653,2615
112.227251243,2617
93.6274810791,2620
112.100169945,2623
93.9871765137,2624
111.916470337,2627
78.8775422096,2629
94.2868679047,2630
94.5595497131,2632
93.8520439148,2636
94.7583864212,2639
104.076940346,2640
111.905047798,2642
104.445342636,2644
111.836944008,2646
93.8862737656,2647
94.5234046936,2649
106.986605263,2650
104.123809624,2652
103.333851814,2653
107.525836372,2655
111.717467308,2657
111.216259766,2659
93.2867469787,2662
113.610948753,2663
94.4376142502,2664
103.709262466,2665
95.1912946701,2670
103.95043869,2671
93.8102609634,2672
104.125762939,2675
111.928262138,2677
112.38095665,2679
112.060116959,2683
94.0546354294,2684
94.0416704178,2685
104.005543137,2688
94.8092845917,2689
104.573838615,2690
95.3927209854,2693
112.073851395,2694
102.289964485,2697
94.0588661194,2699
93.684960556,2703
104.069160843,2705
79.1939621925,2709
94.2658416748,2710
112.220099068,2711
93.8590799332,2712
95.0942714691,2713
112.792846298,2714
93.1081565857,2715
92.638936615,2717
111.81942997,2718
112.663216591,2720
94.6726768494,2721
94.2627828598,2726
94.1178918838,2728
103.121366882,2731
111.183575249,2732
93.7363677979,2734
103.988928986,2736
94.112566185,2737
103.094573784,2738
113.092523575,2739
93.9470277786,2746
103.052584267,2749
117.044631195,2751
103.755576897,2752
94.0637905121,2753
104.947259331,2757
94.1024677277,2758
111.541326523,2759
95.1382890701,2760
112.19499321,2762
93.9363534927,2764
111.075603485,2765
112.353003693,2769
112.332222748,2771
93.8623947144,2774
93.4493190766,2776
112.503391647,2777
92.9809850693,2778
112.407756996,2779
92.8057355881,2782
96.350746727,2784
93.7901445389,2787
94.2724683762,2789
94.0223722458,2792
94.49848423,2798
103.897975159,2799
94.5475418091,2800
89.4408746719,2801
93.4296709061,2802
93.8600164413,2804
104.028050232,2807
94.8205444336,2808
117.327744675,2809
114.981741333,2811
94.0400497436,2812
92.5674934387,2814
97.026568222,2816
112.192132378,2817
111.517637062,2818
111.577519608,2820
79.345058918,2821
94.1817625046,2822
108.021146011,2823
97.3189180374,2824
93.3229585648,2826
93.0037401199,2829
94.1094917297,2834
78.9301889419,2835
94.5994087219,2838
111.755478859,2839
93.8244754791,2840
111.791478729,2841
94.6393522263,2842
112.781725502,2846
94.6448431015,2848
93.1364377976,2849
112.678917313,2850
94.3603050232,2851
93.7450841904,2853
111.896778679,2854
113.317350388,2858
94.7338685989,2861
92.9337099075,2864
113.608706474,2865
111.9691082,2866
93.1937213898,2867
112.011281586,2868
112.170141029,2870
95.2865587234,2877
111.909243393,2878
111.892657852,2880
79.0842890739,2882
94.8596185684,2883
103.299798966,2884
94.194691658,2885
94.6664232254,2887
112.059951591,2888
94.4941987991,2889
104.22995224,2890
94.7162549973,2891
115.703193855,2892
95.1117557526,2893
112.379749298,2898
94.2569072723,2899
112.208740807,2900
93.8286569595,2901
95.4033252716,2909
112.841758537,2910
112.138287354,2911
112.312670708,2913
95.1608480454,2914
93.854851532,2918
112.266467095,2919
97.5608858109,2920
111.908953094,2921
94.8767396927,2922
103.235403443,2923
111.522834969,2925
93.2170404434,2926
112.153238678,2927
111.848999023,2929
93.5083101273,2933
113.360036278,2934
111.600980187,2936
104.169715881,2941
94.2033723831,2942
111.35614872,2943
103.88714962,2945
93.1297491074,2950
112.146462822,2951
116.061250687,2953
94.6602581024,2954
103.797781944,2955
95.0825340271,2956
94.6719234466,2960
93.8078578949,2962
105.877164078,2963
104.099219704,2964
78.6833522797,2966
93.9326473236,2967
112.028773689,2968
92.6661800384,2969
93.8014984131,2971
95.2242349624,2972
95.674912262,2974
111.909972382,2975
116.148944855,2977
111.809722519,2980
93.2384580612,2981
94.5223703384,2983
105.519607735,2984
116.320904732,2985
105.125704193,2986
95.2242349624,2987
94.5795301437,2989
112.202290917,2990
94.7646295548,2991
78.9901257515,2992
102.384497261,2995
103.624946022,2996
112.299356461,3002
112.099569511,3004
116.565390968,3005
94.6854755401,3006
94.7153993607,3010
103.606282044,3011
93.2227226257,3014
93.8135217667,3015
94.3078380585,3016
112.173665047,3017
93.7822656631,3018
103.172302437,3021
104.195519829,3024
93.9780273437,3028
92.9715164185,3030
94.4995624542,3032
93.99698143,3039
103.638474846,3040
95.8089853287,3041
95.5553888321,3043
111.993027306,3044
111.383514595,3046
93.4801103592,3055
111.967035866,3056
93.3444898605,3058
110.353487015,3059
115.899722671,3061
103.830837822,3063
94.3561040878,3066
104.19630413,3067
78.7133537293,3068
94.6207118988,3069
114.980678177,3072
111.962838364,3073
94.5948644638,3074
93.27059021,3077
94.2336524963,3082
102.456838989,3084
112.304469109,3085
104.446577072,3088
93.6617288589,3091
112.479812622,3092
94.4896303177,3093
103.133309746,3094
111.891141891,3096
93.2939113617,3097
78.8034927368,3098
115.051068306,3102
93.6014886856,3106
93.9487085342,3109
92.9609069824,3111
116.567934418,3112
95.2455144882,3113
94.11020298,3115
112.402340889,3116
94.2260753632,3117
112.257206154,3121
93.6186805725,3122
94.7530778885,3123
104.861118698,3124
94.3090394974,3125
103.121986771,3126
115.411126327,3127
93.1315292358,3129
112.551328659,3130
104.273664856,3132
105.927169991,3134
94.872640419,3135
79.5401474953,3137
95.1631425857,3138
94.2173437119,3140
112.612541389,3144
94.3901830673,3145
112.066103554,3146
94.4481565475,3147
103.961061478,3148
103.827287674,3149
112.967337799,3150
94.0293228149,3151
94.44945755,3152
95.3138856888,3155
112.491692924,3156
92.786914444,3159
94.7174795151,3161
104.245980835,3162
94.9699417114,3163
103.013391686,3165
93.6317972183,3172
112.514832688,3173
94.6550893784,3176
103.337816048,3177
111.908350372,3179
93.4965911865,3183
94.7957691193,3186
103.218304634,3187
111.826424026,3189
95.3815547943,3190
115.410439873,3192
93.6317972183,3193
112.393460846,3194
94.3405025482,3197
99.728191185,3198
93.9667579651,3200
115.522839356,3201
99.728191185,3202
94.7260108948,3204
93.2831871033,3205
112.235627937,3206
103.768772888,3208
103.185505676,3210
94.4819965362,3211
115.896701622,3212
93.9284032822,3213
111.384957886,3214
104.342056084,3216
93.0230489731,3219
110.9059309,3220
95.242600441,3221
106.784149933,3226
94.7928529739,3227
111.830807304,3228
94.3308965683,3229
78.9819756508,3232
93.9749160767,3233
93.8138237,3234
94.5123260498,3236
111.94793663,3238
111.845327568,3239
93.6845933914,3240
111.976224136,3247
103.325520897,3249
117.180845642,3252
94.4452898026,3253
104.584962845,3254
94.4903896332,3255
112.487229919,3256
93.669396019,3257
94.3528522492,3262
104.13184452,3263
95.0877134323,3264
112.395185471,3266
94.7566484451,3267
94.168098259,3269
116.322501755,3272
94.3434278488,3274
105.804961014,3275
94.7017910004,3277
94.9789968491,3279
104.083436012,3280
94.3799087524,3283
94.6964677811,3285
93.997366333,3287
104.18757267,3288
105.422098351,3290
94.2508310318,3291
112.213846207,3298
93.7652194977,3299
112.869561386,3302
93.98515625,3303
105.333893013,3304
94.1014099121,3307
93.619562912,3309
78.7295492172,3314
114.493418312,3316
94.4206069946,3317
94.0740655899,3319
112.150600433,3320
94.2516519546,3321
103.896295929,3322
92.8150505066,3324
92.6641542435,3326
111.155585861,3329
93.1860937118,3330
112.265332413,3331
115.762634087,3335
94.4186756134,3337
104.847833633,3338
94.6741258621,3339
112.058356094,3340
93.7453960419,3341
94.6111280441,3343
93.495145607,3346
94.5162788391,3348
104.136289597,3351
116.812680435,3352
92.5980436325,3355
112.681488418,3356
105.394060516,3358
94.673500061,3359
111.738954163,3360
113.606883812,3371
95.0255369186,3372
94.8435176849,3374
112.777714539,3377
92.8149843216,3378
103.395819664,3380
94.7271434784,3382
99.3013341904,3386
112.581085396,3389
103.477545166,3391
94.7453779221,3393
103.679855156,3394
93.8324367523,3395
111.913415527,3397
94.653678894,3398
79.3062217713,3399
94.4305532456,3400
103.259191895,3404
112.22241745,3407
104.293523216,3409
94.7398841858,3419
93.9753248215,3421
94.4944795608,3425
79.2581365585,3427
116.314862442,3428
112.315279579,3429
93.4010185242,3431
94.4576101303,3435
112.263362694,3436
94.4904899597,3439
94.1046871185,3441
116.308622551,3442
94.342965889,3443
103.090506744,3444
94.2574375153,3445
111.863392258,3446
92.961145401,3449
94.2731529236,3453
94.550239563,3457
103.928274917,3460
94.8335502625,3461
94.0169204712,3462
103.814743424,3464
78.7289954186,3465
93.9360029221,3466
103.964677811,3467
94.4593780518,3468
104.501742554,3469
103.264762497,3470
111.91627903,3472
93.5209918976,3473
93.4110515595,3475
112.14567852,3476
104.330517197,3478
95.3910997391,3479
93.7372919083,3483
108.280508804,3484
94.5798175812,3485
93.5019727707,3487
111.596800232,3488
112.044889259,3496
94.5120370865,3497
94.6131025314,3499
78.7138093948,3500
94.8698221207,3501
93.7747175217,3504
105.595158386,3508
93.5453603744,3511
112.408524704,3512
93.6494054794,3515
94.222961998,3517
103.476288414,3518
112.208810997,3526
122.569384193,3528
93.7598457336,3529
112.230849075,3530
93.9343276977,3531
111.764678574,3532
93.7139987945,3533
94.62663517,3534
78.6989208222,3535
93.951783371,3536
112.258027077,3537
93.8152183533,3538
111.458684158,3539
103.543854141,3540
112.276867867,3545
92.5522190094,3546
104.015889549,3550
94.3455812454,3551
94.3630470276,3553
103.929207611,3554
94.4825037002,3557
111.608795929,3558
92.9644105911,3559
93.9295427322,3561
111.91362114,3562
94.0707374573,3563
104.137041473,3564
94.2571733475,3565
93.7958614349,3567
104.13721981,3571
94.7929599762,3572
94.8347560883,3574
93.7834457398,3576
112.011900139,3577
94.894480896,3578
93.6624370575,3579
94.4924434662,3583
94.9059774399,3585
104.220124817,3586
111.944860077,3587
94.889635849,3593
110.442167473,3594
93.965974617,3595
94.2974590301,3599
104.100860023,3600
111.896700096,3601
92.9494422913,3602
94.6754957199,3604
115.546106529,3609
109.212908173,3610
112.090076637,3612
112.738724899,3614
93.8788888931,3615
95.140691185,3617
112.36801548,3618
112.47963047,3619
112.077902603,3620
93.8644268036,3621
94.7255418778,3625
103.171612358,3626
103.149671364,3630
94.5753986359,3631
105.96408577,3632
93.787584877,3633
112.24345932,3634
93.936989975,3637
94.0236433029,3639
112.482922936,3640
94.2812599182,3641
112.898853111,3644
93.8403312683,3645
94.11271801,3646
95.8688804626,3647
111.800282288,3648
112.256899643,3653
93.789904213,3654
111.582545662,3655
103.060531616,3659
94.4785182953,3660
112.297844505,3662
93.9483430862,3666
94.8114435196,3668
93.6654500961,3671
93.8212535858,3673
112.015660668,3674
93.8647932053,3675
93.4548137665,3681
112.219661713,3682
111.370643234,3686
93.6057439804,3687
88.7900636673,3692
112.165806007,3695
94.6120235443,3696
112.49162693,3699
113.992373085,3705
78.963693428,3707
94.5184217453,3708
111.903605079,3709
93.9813716888,3710
94.1139795303,3712
111.824814034,3715
93.6338392258,3716
112.112515831,3720
78.963693428,3722
94.6926029205,3726
93.7975233078,3728
112.461770439,3729
103.040088653,3731
112.501500321,3735
94.6317865372,3736
103.006768608,3739
112.103179741,3741
103.525541496,3743
94.7318548202,3744
111.901002884,3745
94.7619688034,3746
94.1534797668,3751
94.7105268478,3753
111.909394455,3760
94.1600658417,3761
111.323155785,3762
94.1663326263,3763
94.0097286224,3765
112.071334839,3768
93.671269989,3769
104.801835632,3770
112.063793564,3773
95.1163591385,3774
94.5783941269,3776
93.5536922455,3778
111.775266457,3779
94.3661867142,3780
112.895932579,3781
93.9172363281,3782
112.029920578,3783
94.1233032226,3784
94.6717359543,3786
111.467543793,3789
94.3558908462,3790
112.349549103,3793
111.840115738,3795
94.3269758224,3797
116.27614212,3798
112.312223244,3800
95.5737743378,3804
94.5926082611,3810
112.374538612,3815
95.5747379303,3816
103.610644531,3818
111.856752396,3824
104.296790314,3828
112.073278046,3830
95.3784694672,3831
78.8197815895,3832
112.148100853,3834
94.2307094574,3835
111.973658753,3836
94.6185686111,3838
115.793804359,3839
112.166626358,3840
94.5157377243,3845
111.171231079,3846
94.1566984177,3847
78.698429966,3849
112.062518311,3853
105.517154503,3855
94.3073619843,3856
79.0216727257,3864
94.4394071579,3865
112.166257477,3866
93.7053304672,3867
112.311149216,3868
94.4581825257,3869
93.4638324738,3871
103.640758896,3875
93.6415498734,3876
93.5727472305,3878
111.823661995,3879
112.311149216,3881
112.119753837,3883
93.5205951691,3884
112.681610298,3886
94.6323064804,3890
112.287971115,3893
105.358060074,3897
93.6182119369,3901
111.307337761,3902
114.466197395,3913
96.5693778992,3914
93.2000383377,3916
112.319231605,3917
105.058691978,3924
94.6029647827,3925
94.8296323776,3928
112.520560265,3929
94.8429540634,3932
104.30862999,3933
78.8047950745,3934
92.9085161209,3935
94.3118183136,3936
111.195955658,3937
93.6765140533,3938
111.980732536,3939
93.4323049545,3943
111.875746346,3944
112.00064106,3945
94.4060718536,3946
111.897431946,3947
93.7918491363,3948
111.986526299,3949
94.3949020386,3950
111.716855621,3951
93.9920471191,3952
112.248467636,3953
113.921075821,3961
94.2016263962,3962
94.4330236435,3966
103.679972076,3967
94.695699501,3968
112.376415253,3969
94.5995738983,3970
104.820559502,3971
94.2108449936,3973
113.202191353,3974
112.337151337,3975
92.7657403946,3977
112.035161591,3979
94.5251976013,3985
103.703055954,3986
111.926278686,3988
94.1215326309,3991
104.230958939,3992
95.2644449234,3993
93.8838588715,3994
113.735572815,3995
112.138913154,4005
93.5940105438,4007
103.727736664,4008
94.725063324,4009
114.017454338,4010
78.8909852028,4011
93.518504715,4012
105.526233864,4013
111.589418411,4015
112.152079582,4016
111.931099129,4018
94.322505188,4025
112.432951927,4026
112.500860405,4028
95.6017553329,4029
93.7312660217,4031
112.356632233,4032
94.630357933,4033
103.399689484,4034
93.8807178497,4037
103.082250404,4038
94.807523346,4039
94.6196565628,4041
111.175613022,4042
94.4913633347,4043
104.310998726,4044
94.2604753494,4045
112.557744598,4046
93.8335618973,4047
105.360740471,4048
95.4391622543,4049
94.0363140106,4051
113.082438088,4052
103.886803436,4058
111.659379578,4062
112.066157532,4064
93.5588779449,4067
78.6619112969,4068
93.5220989227,4070
114.785694504,4072
112.688466263,4074
94.5678209305,4075
112.687487984,4076
94.1275161743,4077
112.423308945,4078
104.311009598,4080
111.885683823,4082
94.2238025665,4085
113.557343674,4086
112.431644631,4088
94.1489725113,4089
78.6445790291,4092
93.6847272873,4094
112.526384163,4095
94.4929702759,4096
103.326666832,4097
95.4264431,4102
112.224230766,4105
112.072698021,4107
94.2421625137,4111
103.69208107,4112
94.4565731048,4113
114.058003044,4114
93.5427164078,4115
111.611775207,4116
94.4594978333,4117
94.6879562378,4118
111.833878708,4119
93.561382103,4120
79.6752733231,4122
94.334098053,4125
112.238157845,4126
111.821802902,4129
113.168955422,4134
94.5322370529,4137
104.562903404,4141
94.7022005081,4142
94.6517328262,4144
105.06028862,4145
95.8011203766,4146
93.8732034683,4150
79.6806020737,4151
93.5600963592,4154
93.9817041397,4156
112.09025631,4157
112.154277229,4159
93.7792560577,4160
111.811742973,4161
94.2451114655,4168
103.599321365,4171
107.212504578,4172
98.7363801956,4173
94.2212631225,4175
104.311593628,4176
94.6523544312,4177
103.06076889,4178
94.5491250992,4179
112.341709137,4181
95.6032655716,4183
113.313963509,4184
93.3897010803,4185
112.482759476,4186
116.888601684,4188
112.156474114,4190
93.5546726227,4192
112.25127697,4193
112.136575317,4194
95.0675123215,4195
78.8893267631,4196
95.0642707825,4202
107.447382736,4203
94.3492601395,4208
113.337141037,4209
93.7160699844,4210
111.132378006,4211
116.273166466,4212
104.241013718,4214
94.4339221954,4215
112.075806045,4216
93.627611351,4217
94.7038219452,4219
111.198459434,4222
79.0162355423,4224
104.382416916,4231
95.6032655716,4232
93.6404598236,4234
94.6517328262,4236
104.035783577,4237
94.6178789139,4240
105.295944595,4242
93.948301506,4243
94.1777938843,4247
112.827945328,4248
93.3982584,4249
103.085080528,4254
94.6094181061,4263
112.176306534,4265
111.693935776,4267
112.184123039,4268
112.265275192,4271
99.2778114319,4272
111.95187645,4273
93.5609134674,4274
94.165417099,4276
94.3236768723,4278
94.6789686203,4280
112.271598053,4281
94.0566177368,4283
111.599106789,4284
94.7167617798,4285
112.261406708,4286
94.5094676971,4287
114.595887756,4288
93.5279472351,4289
81.5972647667,4290
93.3029819489,4293
110.522604561,4296
97.031278038,4297
92.8754175186,4299
112.271652031,4303
95.2310962677,4310
103.528760719,4312
104.153997231,4318
112.809391403,4320
93.8769327164,4322
116.313068962,4323
103.466803742,4325
111.84239502,4326
104.303455925,4328
103.524658775,4330
111.746779442,4332
94.3970853805,4333
94.2796073914,4335
111.162608909,4336
105.000413704,4338
94.1251548767,4341
104.571815872,4342
103.837575913,4344
94.8079565048,4347
104.154765511,4348
107.590613938,4351
93.6946695328,4352
112.167180824,4353
103.198362732,4355
94.2485071182,4356
103.507356644,4359
94.4804483414,4360
94.0967327118,4361
94.443255043,4364
104.048749733,4365
94.8292497635,4368
94.6617364883,4372
93.2471496582,4374
94.4822599411,4376
103.696210098,4377
94.6790050507,4380
106.01844387,4383
94.3416339874,4384
103.38894825,4385
93.7188259125,4389
94.1381139755,4391
112.664173126,4392
93.0757543564,4393
93.6578731537,4395
111.984039116,4396
112.45517025,4398
103.278833008,4399
93.075573349,4401
94.8254608154,4406
103.587714005,4408
104.163076401,4412
94.4045877457,4415
113.559706497,4418
93.2530210495,4419
78.7730200768,4420
111.9000597,4422
93.2531669617,4423
94.3127437591,4425
112.957219124,4428
112.932749939,4431
92.7321146011,4434
94.2696144104,4436
112.849625778,4437
115.785334778,4439
94.0587154388,4440
112.485567856,4441
94.692399025,4444
103.910125351,4445
94.6429738998,4446
112.413222122,4447
103.649004173,4452
112.189131927,4456
94.285468483,4457
111.698069572,4458
94.2843994141,4460
115.791726875,4461
93.756870842,4462
103.258476448,4465
104.824910545,4466
95.0593482971,4468
103.812363624,4469
112.216754913,4472
93.9642181397,4475
93.7491085053,4478
111.968666267,4479
94.5897024154,4480
79.128317833,4483
94.1314382553,4484
103.75508461,4485
94.6594110489,4486
94.134264946,4488
103.873557472,4489
94.5068239212,4490
109.454225159,4491
94.8905355453,4492
107.627697563,4493
94.4770610809,4494
103.093033791,4495
79.6622551918,4498
94.8337312698,4499
103.47107296,4500
113.066742516,4503
103.224575996,4505
94.5753990173,4506
94.3755178452,4507
104.204495239,4508
111.975303269,4510
92.6519029617,4511
94.6476453781,4513
78.8472315788,4516
96.3547138214,4519
94.4793924332,4521
93.416119194,4531
79.0495135307,4532
103.005219078,4533
112.438816261,4534
104.200448036,4536
94.291500473,4537
95.0498485565,4539
103.154187202,4542
93.3748744965,4545
93.1699058533,4549
94.1067905426,4551
103.502689171,4554
112.272265816,4556
113.081010056,4559
112.171680832,4561
111.540953255,4562
113.072801781,4566
94.2088663101,4569
112.022409058,4570
94.6769668579,4573
103.58222847,4574
94.4186672211,4575
94.3499265671,4577
111.243280792,4578
111.704346085,4580
92.9825683594,4582
111.93217392,4583
94.4195104599,4585
104.200489235,4587
93.695208931,4595
112.144984436,4596
94.1734579086,4601
112.16295414,4602
94.6319864273,4603
112.655612945,4605
93.2940448761,4606
113.248999214,4607
94.4193881988,4608
94.9623882293,4610
103.727667809,4613
93.5858263016,4617
111.242718315,4618
93.5706205368,4619
94.7653755188,4620
101.031560707,4622
94.2892408371,4625
104.200741005,4626
94.603993988,4627
93.0405221939,4629
93.1656963349,4631
104.200741005,4633
116.265711403,4634
94.3143587112,4635
93.8555393219,4639
104.498093414,4640
103.249356842,4642
111.967990112,4644
104.200741005,4646
94.395066452,4647
79.0615443229,4648
94.1777647018,4649
110.44438343,4650
93.1697418213,4655
94.1809343338,4660
113.402719498,4661
92.8173603058,4662
112.537711716,4663
94.0877912521,4665
113.112236023,4666
103.286222267,4667
94.6173114777,4668
93.7998376846,4670
111.102857971,4671
95.6589418411,4672
103.386587906,4673
107.432129097,4675
94.3466897965,4676
111.165844917,4677
94.6747800827,4680
94.4907934189,4682
112.454257965,4683
104.202920532,4685
94.2508684158,4686
113.108231735,4688
113.536019325,4690
112.725919914,4692
94.3364461899,4693
93.8859466553,4697
111.868407821,4700
111.933966065,4702
116.361572647,4707
94.7473911285,4708
86.3212884903,4710
100.428962708,4716
95.1347127914,4717
95.2882621765,4718
95.4079986572,4720
79.9603206635,4721
95.2723657608,4723
112.605452538,4726
93.5307247162,4727
95.2578182221,4729
94.7752428055,4731
113.362249374,4732
95.0509777069,4735
103.774502945,4736
95.6535762787,4737
111.995396042,4738
111.606008339,4739
103.767253303,4744
95.2199859619,4747
113.129720116,4749
94.758300972,4750
112.982998466,4752
95.5254457474,4755
104.272428513,4756
112.834043503,4757
94.7297147751,4758
104.037726212,4759
95.3475948334,4763
104.205729294,4764
95.5625066757,4765
94.1223232269,4766
112.823811531,4767
112.523296165,4769
94.672633934,4770
86.505588913,4771
105.000105476,4772
113.184157181,4774
113.173787308,4776
112.391436005,4777
95.3928628921,4778
94.4607011795,4780
94.579391861,4784
95.7395851136,4786
79.044404602,4787
96.3295724869,4788
112.965142441,4789
104.513803482,4791
94.6153520584,4792
112.678676415,4795
94.0956840515,4796
93.923711586,4803
95.2801635742,4805
95.0611591339,4807
94.639888382,4809
95.0046604156,4816
79.7631864548,4817
93.3537475586,4818
95.1658420563,4820
103.518112564,4821
112.269115448,4823
94.8741418839,4824
112.891734505,4825
103.701860428,4829
95.9069473267,4830
113.631879997,4831
104.874929619,4833
98.5985349655,4836
113.109766769,4837
93.7460500717,4838
94.438527298,4840
79.1489660263,4841
94.0708351135,4842
112.614034081,4843
93.9420888901,4844
107.468006897,4849
105.537618637,4851
95.1102804184,4852
94.1543825149,4858
95.9089708328,4860
112.745504761,4863
94.8609243393,4864
112.534319115,4865
112.73911705,4867
94.1370800018,4868
112.528167343,4869
93.846049881,4873
95.1806575775,4875
112.506808853,4876
94.6437639236,4877
111.557400894,4878
79.0690424919,4880
113.165234184,4886
103.640650749,4888
95.0046792984,4889
113.615723801,4890
95.0429960251,4893
94.9405952454,4895
104.698340607,4896
94.4523025512,4899
95.5945150375,4901
112.785798073,4902
94.3874479294,4903
112.955338669,4904
94.1216270447,4910
94.0257518768,4912
95.5449035645,4915
104.03100338,4916
94.8254297256,4917
104.966978455,4920
103.496373367,4927
95.0206983566,4928
103.543378639,4931
94.1401496887,4934
95.2804906845,4936
113.139640236,4939
113.388179398,4942
96.6908664703,4943
103.505101776,4944
94.527481842,4945
111.557783508,4947
94.2945322037,4948
95.1319721222,4951
112.929229355,4952
94.278338623,4953
94.3752103806,4956
114.399186706,4957
94.2009643555,4958
94.9488037109,4960
94.9546278,4968
104.997747231,4969
104.211081505,4971
113.136381721,4973
113.290193939,4975
94.9940868378,4976
94.7636377335,4978
112.395357513,4979
95.2861728668,4982
111.613175201,4983
95.316437912,4984
116.407406044,4985
94.2686229706,4986
115.564774704,4987
95.5111682892,4988
95.4133857727,4994
95.7609025955,4995
88.6582258225,5002
95.0111480713,5004
103.6456213,5005
95.3974910736,5006
103.576243973,5007
112.164406204,5009
113.134267425,5011
95.3366844177,5014
104.147845078,5015
94.1715431213,5018
112.816409493,5019
94.0582036972,5020
112.137490082,5021
94.7417985916,5022
94.1623847961,5023
96.1023111343,5025
94.0386232376,5032
94.6259134293,5034
94.1266952515,5036
94.8105283737,5038
113.169116974,5039
95.4719739914,5046
112.819274521,5049
95.2292842865,5051
93.8723861694,5052
113.135715675,5053
95.9934108734,5054
94.9096200943,5055
94.7488414764,5057
94.4197319031,5059
96.1814872742,5062
112.436593246,5063
113.955228233,5065
94.7820808411,5069
95.5930784226,5071
114.067757225,5074
93.8390113831,5075
114.032235718,5076
79.0155619621,5077
104.018527031,5079
95.0314224243,5080
113.003536606,5081
103.953707314,5083
104.779533768,5088
95.3514225006,5089
111.667281151,5093
104.510460281,5094
96.3884555817,5095
111.86899128,5099
112.338655281,5101
103.36072216,5103
94.8907377243,5104
112.272591019,5105
93.779353714,5107
112.693383789,5108
94.638902092,5109
93.8806627274,5111
111.389496422,5112
94.5260726929,5113
112.522823143,5114
93.946213913,5115
94.6105197907,5118
95.352857399,5122
78.8563800811,5123
94.5651407242,5125
103.748852539,5127
94.834365654,5128
115.010996819,5129
94.8255220413,5132
114.576191711,5134
94.8564876556,5135
112.736857605,5137
94.0916883469,5142
103.619971657,5143
93.6746635437,5144
93.8749952316,5148
94.4101177216,5149
105.190058899,5150
78.8425292969,5154
94.367524147,5155
94.5174602509,5159
94.2612360001,5164
113.31849575,5165
94.0629699707,5166
112.129603195,5167
93.7084386825,5169
93.0209255218,5171
111.935125923,5172
94.3293550491,5176
112.583522415,5184
94.4007823944,5185
112.225562858,5186
105.156999016,5188
111.9565485,5189
94.0663368225,5190
113.319619179,5191
111.996335602,5193
94.2193426132,5196
78.920126915,5199
103.575138092,5200
93.3211830139,5203
112.216639519,5204
93.6661701202,5205
94.3511152267,5207
109.8440485,5208
94.7550476074,5212
94.3451307297,5214
93.4419630051,5218
94.1927120209,5220
93.2205904007,5222
95.197829628,5224
104.305562592,5225
111.03749218,5227
103.922097015,5229
92.8241104126,5232
115.449826622,5233
103.185625458,5234
112.047127533,5237
112.40014286,5239
92.9996847153,5240
112.259836197,5241
93.999770546,5244
112.565077782,5248
93.0658065796,5251
94.4859928131,5253
94.4310832977,5255
104.404265022,5256
95.0245786667,5257
95.6050365448,5259
112.407125282,5260
94.0074888229,5266
94.0439229965,5268
112.020087051,5275
112.15987854,5276
94.697710228,5277
94.3527153015,5279
103.861050034,5280
93.9663547516,5281
95.892319107,5283
79.1036923409,5284
95.169361496,5285
103.41676197,5286
94.0160551071,5287
97.8591941833,5289
111.997206115,5290
109.358040047,5292
94.5498174667,5293
103.388451958,5294
94.0774129868,5297
104.715160561,5299
94.9036111832,5302
78.8574122429,5305
94.33757267,5306
94.330742836,5308
94.3150104522,5309
110.409835053,5310
111.904574204,5312
113.090853119,5316
94.9115594864,5317
78.8484332085,5319
95.4204044342,5320
94.1849222183,5323
112.447774506,5329
111.341568756,5331
111.890561295,5334
112.366066551,5336
104.004418755,5338
94.5866933822,5341
95.3180908203,5345
94.1362976074,5348
113.224220657,5349
106.686388588,5355
94.5413005829,5356
104.18538475,5360
111.579160881,5362
112.510825539,5364
106.957637596,5366
94.7191265106,5367
94.6085151672,5368
95.1815401077,5370
78.8006409645,5371
104.036468506,5373
112.052300263,5375
93.3312994003,5376
112.420507813,5378
94.7074966431,5379
94.2925235748,5383
103.461120033,5384
112.418006897,5389
81.7426703453,5391
113.016525078,5393
112.170279503,5395
111.64018631,5397
93.9725078583,5398
112.276455307,5399
116.476347351,5401
93.6692592621,5402
111.894879723,5403
93.8262020111,5404
79.0447192192,5407
93.8574556351,5408
112.375486183,5413
94.3110303879,5414
94.3141717911,5417
109.363249588,5418
112.485224342,5420
93.5664039612,5421
94.1982177734,5424
112.262553024,5425
94.0273557663,5426
111.998306656,5429
94.5146169662,5431
103.191623688,5437
93.2451311111,5440
105.081877518,5444
103.994125557,5446
94.5031702041,5447
94.9717731476,5451
113.763871574,5452
103.212242127,5455
94.6033315659,5456
94.06114254,5458
112.873909569,5459
94.9750560761,5460
94.7884738922,5462
112.057482529,5463
94.1927612305,5464
112.51568985,5465
94.9640823364,5466
103.420412254,5467
94.9699956894,5468
112.798600006,5469
95.0514205933,5472
94.0182941437,5474
113.101230621,5475
95.8229804993,5476
103.992756844,5479
113.394383812,5480
112.278116989,5482
93.3160739899,5485
116.84851532,5486
81.5059331894,5488
103.950123024,5495
94.6417921066,5496
112.223416138,5497
112.201852035,5499
93.5969007492,5503
94.1802389145,5504
98.4074834824,5507
93.8409057617,5509
93.9424135208,5511
112.36196518,5512
111.883769035,5516
94.64596138,5517
103.666944504,5518
94.2936695099,5521
103.914678192,5522
94.7604558945,5527
94.7266614914,5528
111.793502998,5529
95.4022705078,5532
114.489769363,5533
104.517685699,5535
102.797836304,5536
93.7020563126,5540
94.6652215958,5547
112.079790306,5548
79.1906002045,5550
94.4400756836,5551
111.68525753,5554
94.4651819229,5555
111.667981148,5559
92.8302883148,5560
112.638082695,5561
93.2406751633,5562
112.381622124,5563
78.9199700355,5565
94.2519020081,5566
103.357075119,5567
94.13132267,5568
94.5700061798,5572
94.3879470825,5574
94.8062635422,5576
112.358802032,5579
79.093661499,5580
94.2311618805,5581
94.1415330887,5583
111.545405579,5584
111.62830944,5586
93.7094499588,5587
102.960152435,5589
103.139196777,5591
93.6172636032,5592
114.325320816,5593
94.5016452789,5594
78.9166595459,5595
112.120448685,5596
111.913917923,5597
115.7183321,5598
93.9856960297,5599
112.231429672,5602
94.5013780594,5603
94.0713085175,5605
93.760981369,5607
113.340718079,5608
93.6656147003,5609
93.6548404694,5610
94.1227729797,5612
111.81417675,5613
93.9654535294,5614
94.3328157425,5616
94.7217912674,5621
94.6108861923,5623
113.410709,5628
94.3926959991,5629
95.9673189163,5631
95.1287836075,5633
103.882980919,5638
95.4208360672,5639
104.966400147,5640
94.3782901764,5645
78.8342499733,5646
94.381208992,5649
112.056770134,5653
113.10352211,5655
94.6057155609,5656
94.2951814651,5658
116.66872673,5662
93.0012153625,5663
94.1537065506,5667
94.0231052399,5670
103.015136528,5671
94.4952074051,5672
103.174975204,5673
94.3670463562,5674
103.673999596,5675
94.7962888718,5676
113.317248726,5679
112.093606758,5683
94.4969249725,5687
78.7553111076,5688
94.6211715698,5690
112.288523102,5691
93.3652402878,5692
111.984323311,5693
94.7672979355,5694
112.173856544,5697
92.8684312821,5698
113.527114868,5699
94.754454422,5704
113.455356789,5707
103.313196564,5709
94.6102987289,5710
94.4059749603,5714
94.4766334534,5718
95.0873138428,5721
94.7992685318,5723
113.57380867,5724
94.6028301239,5725
112.822563744,5726
101.415709114,5729
103.848336601,5730
94.819495964,5731
78.912582016,5733
94.3446573257,5736
104.557845306,5741
112.256968689,5745
94.8309288025,5747
104.371315575,5748
111.68819809,5750
94.7407655716,5751
94.5800512314,5752
94.7456520081,5754
94.5503269196,5755
94.6161798477,5757
115.801637077,5758
104.207703018,5760
103.39019165,5762
111.332164383,5766
96.201804924,5768
115.921948814,5769
94.1857963562,5770
112.099550438,5771
93.7797487259,5772
111.913801384,5773
94.5418684006,5774
93.620933342,5776
113.726623726,5777
94.0433135986,5778
112.749365425,5780
94.2550706863,5782
82.0260343552,5783
95.7485765457,5784
95.2921852112,5786
94.8227830887,5788
112.51221447,5789
94.4157016754,5790
104.07647934,5791
105.79688015,5793
94.7092075348,5794
116.271183777,5796
94.7404903412,5797
94.5019733429,5801
94.693022728,5803
112.136252212,5804
94.4728416443,5805
79.0536991119,5806
112.111350441,5808
94.846036911,5813
94.2509469986,5815
105.481198692,5816
93.9542331696,5822
112.748818397,5823
106.672090149,5825
112.434869003,5827
103.087758064,5829
94.5689184189,5830
112.734929657,5831
94.0245985031,5832
111.940944481,5833
113.246397591,5837
94.651140213,5838
94.9720844269,5839
105.018494034,5842
112.120505905,5844
103.049587631,5845
112.630948639,5846
78.825211525,5848
112.096570015,5850
93.3682821274,5851
95.8361646652,5853
104.079352379,5854
104.896111488,5858
111.49111824,5860
103.150112534,5864
94.6144298553,5866
113.259321404,5867
93.4617763519,5868
112.75393486,5869
93.8769615173,5870
112.044947624,5871
112.761935234,5874
111.503466034,5876
92.7095890045,5877
94.0528434754,5878
111.876634979,5879
93.5401018143,5880
93.6289796829,5884
111.183903503,5886
101.807865143,5890
93.8632978439,5896
102.862881661,5897
95.5044425964,5898
103.745799065,5901
111.95971241,5903
93.4228103638,5906
112.994426155,5908
93.3806610107,5909
111.517574501,5910
94.2741399765,5911
111.976089287,5912
112.625493812,5914
111.809352493,5919
93.6695526123,5924
94.4088382721,5926
103.946903992,5929
94.6867630005,5930
94.6643789291,5932
113.643626976,5933
93.3741231918,5934
111.860671615,5935
93.4263988495,5936
111.981153679,5937
94.3150716782,5938
111.016331482,5939
111.68742466,5942
94.0807621002,5943
105.018382263,5944
111.709688187,5946
92.9997833252,5951
102.871362305,5953
94.3662546158,5954
103.387719345,5957
94.22730999,5961
105.134861755,5962
79.4497021675,5964
94.1124349594,5965
112.603260231,5968
93.6911714554,5969
93.564027977,5974
111.909358597,5975
78.52393713,5978
103.309698868,5981
94.64251194,5982
113.018446541,5983
111.002757073,5989
94.0280025482,5991
103.884036827,5992
94.5705579758,5995
102.769773293,5996
111.526618194,5997
93.701691246,5998
79.5659734726,5999
111.406154251,6001
94.7604345322,6002
112.903563881,6003
94.3638643265,6004
111.909807587,6006
94.2705924988,6007
101.491013717,6011
103.412273789,6012
94.2506134033,6014
102.787024117,6015
93.6029937744,6016
111.95614109,6017
95.3686414719,6018
94.4480001449,6024
103.766150093,6025
112.878412056,6026
111.137274742,6028
78.4802131653,6029
93.7149959564,6030
112.543811226,6036
93.8790002823,6040
111.904873085,6041
93.8209733963,6042
93.7237462997,6044
103.377449226,6045
103.492285919,6047
93.914066124,6048
112.143103027,6049
115.426627922,6051
112.471366119,6052
92.5053985596,6053
111.923492813,6054
105.675986671,6058
94.0274328232,6059
95.1043338776,6062
115.609989738,6063
102.856612968,6064
93.8757806778,6065
94.0603847504,6067
111.600824165,6068
102.829057312,6070
102.440376663,6071
110.997249794,6072
111.047287369,6080
94.0290477753,6081
105.128871155,6084
93.9946451187,6087
103.985854149,6089
110.981879044,6092
93.7749940872,6094
111.901077461,6095
113.889848137,6097
93.5116474152,6100
103.818333054,6104
93.9336133957,6105
111.044163513,6106
78.840750885,6107
93.4177562714,6108
110.974714089,6109
93.1408294678,6110
110.969492531,6114
94.1326770782,6116
103.832347679,6117
94.0750581741,6118
78.6145427704,6123
111.959071541,6125
111.866849709,6128
103.022531509,6130
111.174681854,6132
79.0796027183,6137
113.600501442,6139
93.4121974945,6140
113.78023262,6141
103.875714683,6142
108.606007194,6144
93.7882066727,6145
93.8096925735,6146
92.8882602692,6149
94.210823822,6156
112.943480301,6159
93.4120588303,6160
102.874710655,6162
111.173399544,6164
93.0471599579,6165
81.1428857803,6168
111.431643486,6169
93.9156774521,6170
111.656692314,6171
92.6999990463,6172
114.502413368,6173
100.211428642,6176
92.481319809,6177
94.2505645752,6178
94.0507778168,6180
103.288022995,6181
94.5978570938,6182
93.3276027679,6185
111.495174026,6186
111.575213242,6188
93.8500867844,6189
105.112223816,6192
93.9742160797,6193
103.35380764,6194
94.3459421158,6195
114.996650124,6196
93.8604745865,6197
111.856769562,6201
93.3905311584,6202
112.507834816,6203
93.8942525864,6204
116.244804001,6207
95.7041160584,6209
93.606801033,6210
112.735085678,6211
111.773477173,6213
92.5626874924,6216
93.2325460434,6217
93.8168304444,6219
78.5128691673,6222
94.6999214172,6223
98.4006011963,6235
93.8226690292,6240
93.5692083359,6242
93.9712579727,6247
111.965126228,6251
111.87866478,6254
93.5263633728,6255
102.733129501,6260
94.2238801956,6261
105.074633217,6262
111.922603607,6264
103.315896416,6269
106.391306496,6271
111.414753533,6275
93.4833122253,6276
94.0075517655,6278
111.72843895,6279
113.546076393,6281
93.33795681,6284
94.0660690308,6286
78.8285861015,6287
94.3976823807,6288
93.5253454209,6292
93.9636072159,6293
94.1717189789,6295
111.811175156,6298
111.520396996,6300
103.351932144,6304
111.76794014,6308
94.361857605,6310
110.995112228,6312
94.4171922684,6320
93.2532728195,6324
112.130003738,6325
94.8291715622,6330
111.377779579,6336
105.777011109,6340
98.6329750061,6341
104.104242516,6342
94.0923023224,6344
112.073929024,6345
111.771559143,6347
93.72315979,6348
111.754320717,6349
78.4388360024,6351
112.026358032,6353
94.1337327957,6354
94.3864923477,6357
103.547939873,6358
102.7161232,6360
113.328056145,6363
92.3858627319,6364
113.303741074,6368
94.0118927002,6370
94.5544273376,6371
93.6935569763,6377
93.9836057663,6379
93.4035198212,6381
78.4613739014,6382
111.813833809,6383
111.212600899,6388
111.457881737,6390
102.394314003,6392
94.2064748764,6393
93.6684673309,6395
102.885183334,6398
78.4082880974,6401
93.7841180801,6402
111.1872715,6403
93.5142017364,6405
92.8500621796,6406
112.741981888,6407
103.233733368,6409
93.2919111252,6411
94.0604944229,6413
105.140684509,6416
94.409903717,6417
93.5662406921,6418
116.686396027,6419
111.217387962,6420
111.293847847,6426
93.1417890549,6429
93.8787750244,6430
111.032079506,6431
95.4574047089,6432
94.6266014099,6434
112.020437813,6437
94.1085905075,6438
102.646390915,6439
94.0642210007,6440
93.7407497406,6441
110.509226418,6442
94.3631980896,6443
93.9861509323,6445
112.266611862,6448
110.856621361,6450
94.1674407959,6453
93.8470991135,6455
93.0677049637,6457
111.25402565,6458
93.9888154984,6461
111.439384079,6464
93.502366066,6467
94.0613273621,6469
78.300161171,6470
93.0159105301,6471
102.573083115,6473
93.7009355545,6474
93.4839359284,6479
93.2782718658,6481
110.895293427,6484
92.4326595306,6495
111.558841705,6496
110.960784149,6505
94.1993062973,6506
97.8975353241,6508
93.5287094116,6509
102.969348335,6510
102.792691421,6512
93.79323349,6513
112.312209511,6514
92.7264785767,6515
93.8391798019,6519
93.4273605347,6521
78.5531568527,6523
104.102492523,6525
93.4671590805,6526
93.8082513809,6528
111.855488968,6529
102.796762657,6531
104.11006794,6533
93.9393529892,6534
110.993750572,6535
92.6117969513,6536
111.298036576,6537
93.1604450226,6540
111.287229156,6541
93.5464611054,6547
111.309271049,6548
111.529097557,6551
110.909319305,6553
104.641525459,6555
97.3974761963,6556
78.4297276497,6561
93.0036636353,6564
110.989669991,6565
93.6226762771,6568
110.257680893,6569
102.047595024,6573
93.8439788818,6574
111.042923737,6577
113.226180077,6579
93.1424411774,6581
110.778739357,6582
104.759602547,6585
95.5143964767,6586
102.96295948,6589
78.1445504189,6590
93.2727516174,6593
111.000940323,6594
92.6285093308,6595
92.8042301178,6599
93.8981006623,6600
112.2911726,6601
91.8998706818,6602
111.916934204,6603
93.3390716553,6604
102.669511414,6607
103.265721512,6608
93.5520231247,6609
93.2793193817,6611
110.254146195,6613
93.4239925385,6614
97.438948822,6616
110.253647423,6617
93.7884397507,6618
101.502764893,6619
104.626417923,6621
102.295958328,6627
112.179690361,6629
78.0960936546,6631
93.3834972382,6634
93.8429971695,6636
93.6225915909,6638
110.233603287,6639
111.389180946,6641
93.5412303925,6642
113.714009666,6651
78.3957134247,6654
93.6964532852,6657
92.8789873123,6663
110.418461418,6665
93.3106880188,6666
93.7912425995,6668
104.451024437,6669
93.4790487289,6670
93.536829567,6671
94.6888460159,6673
93.2175409317,6675
78.0414913178,6676
93.7518453598,6677
93.1938680649,6679
110.949208832,6680
102.90604229,6681
102.837740707,6685
94.0301000595,6688
92.4524560928,6689
111.448562622,6690
110.200906181,6692
93.6736949921,6693
93.56698246,6694
115.691905212,6698
93.2066972733,6699
111.933576965,6700
92.83262043,6701
111.066684723,6702
92.4733083725,6704
110.780140304,6707
110.967571068,6712
92.617183876,6713
93.7044782639,6715
110.825087547,6721
93.312018013,6722
111.367813683,6723
93.1374185562,6724
115.865285301,6725
111.088534736,6731
80.6258351326,6735
93.6444328308,6736
107.172048378,6737
93.6131614685,6738
102.918271255,6739
102.11292057,6741
92.8641057968,6743
93.6722038269,6745
110.248112106,6747
93.3426679611,6749
102.575541878,6750
114.408508873,6751
94.409992218,6752
109.988066483,6753
115.025146294,6755
93.2434106827,6756
102.141609573,6757
110.861730003,6759
92.4722084046,6761
92.7318199157,6763
114.676713181,6764
93.6427707672,6765
110.963624382,6766
110.856759834,6768
92.3021205902,6771
93.4957832337,6773
93.4012269974,6774
103.523413277,6778
93.9765480042,6779
92.1674606323,6781
94.726826477,6784
92.5692358017,6786
110.799258232,6787
92.5552867889,6790
102.690146065,6793
109.822927284,6795
111.067781639,6798
102.402640724,6806
93.431180191,6807
93.2316703796,6810
109.968154526,6815
93.2331392288,6816
102.001834869,6817
93.0878850937,6818
102.541264534,6819
93.3592258453,6820
92.4278064728,6822
114.368421936,6823
110.472507477,6824
93.2202867508,6825
77.9509913444,6828
111.855748367,6829
110.163628578,6831
92.5503889084,6832
110.457176018,6833
92.6395284653,6834
94.4536317825,6836
110.734663963,6837
92.2413314819,6838
102.542714119,6840
91.9488264084,6843
91.5870981216,6845
93.2704271316,6846
110.454256058,6847
111.304674912,6851
93.1535751343,6852
110.673801613,6853
94.0615070343,6858
110.902560043,6861
111.889650917,6863
78.0641781807,6864
92.9180927276,6865
110.675859642,6866
94.0604341507,6867
102.116455269,6868
93.2880958557,6869
110.606733132,6870
110.26468544,6874
92.9949131012,6875
110.824465179,6877
92.6898338318,6878
94.4276954651,6880
110.14041214,6883
93.1653404236,6884
92.8665262222,6886
93.6900131225,6890
110.218626595,6893
92.3383440018,6894
110.619233322,6899
93.4041130066,6900
91.6936199188,6904
110.586059761,6905
92.2904623032,6906
92.6209817886,6910
102.729561806,6912
112.165320396,6913
93.060333252,6920
93.1298212052,6922
109.717844582,6923
93.2924640655,6926
110.003572655,6927
92.203698349,6928
110.124894905,6931
93.0574487686,6933
91.9536115646,6936
110.512461281,6937
111.420148849,6939
92.7464420319,6941
110.770044899,6942
93.2565454483,6943
101.632824135,6944
93.3348449707,6945
110.426084518,6946
114.579245949,6947
103.108761788,6949
102.713587379,6951
110.085692978,6953
92.5478254318,6954
109.818626976,6955
109.509848976,6963
92.5116062164,6964
92.8885494232,6966
93.0369901657,6968
102.382366371,6970
111.228003311,6972
110.446712875,6976
110.549516106,6978
103.553201294,6981
102.203122711,6985
92.7925907135,6986
110.507454491,6987
110.350904274,6989
114.319334602,6991
112.009859848,6993
93.4749549866,6994
110.602443123,6995
92.8089174271,6996
111.316272163,6997
77.9726861954,6998
109.82491436,7001
110.330723953,7003
93.3415626526,7006
100.861821556,7008
91.5799812317,7010
93.1291152954,7011
111.407399178,7012
91.9550933838,7013
110.696437263,7014
102.408814812,7017
93.4901920319,7018
91.4484777451,7019
93.3520921707,7023
102.608699226,7024
92.5640079498,7025
110.529085922,7026
92.3863742828,7027
111.940194511,7028
109.718813133,7030
92.6055456162,7031
110.999127769,7033
93.0044137955,7036
93.2947061539,7037
93.1403038025,7039
92.3678985596,7044
110.672789001,7045
94.4152160645,7046
103.69271164,7049
93.5888198852,7050
102.387266922,7051
109.658960915,7054
93.2313865662,7055
93.2878364563,7057
110.612460708,7060
94.5327108383,7061
92.0108844757,7063
110.608632469,7064
94.1705545425,7067
92.9798746109,7071
101.966847229,7074
93.3987344742,7075
110.672495079,7078
92.072451973,7079
112.373880768,7080
93.3931812286,7081
110.785076523,7082
92.5103246689,7083
112.019719505,7085
102.428542328,7092
93.1399425507,7094
92.7943445206,7100
110.761297226,7101
110.550716782,7102
110.610573769,7104
94.5270927429,7105
93.4548288345,7106
100.811519623,7107
77.753379631,7108
92.5873239517,7109
110.516114807,7110
93.4974058151,7112
102.57575798,7113
93.5439659118,7114
110.556329155,7116
99.6036998748,7117
102.09148922,7118
93.255752182,7120
102.030928993,7121
101.786595726,7123
94.5629768372,7124
106.202030563,7127
101.776630974,7131
92.9650320053,7132
91.5090835571,7133
110.14183979,7134
92.080446434,7135
110.599160194,7136
92.4132358551,7137
92.9234472275,7141
102.455482864,7144
110.344662475,7147
92.9515148163,7148
92.3549095154,7150
93.2404758453,7151
101.980057716,7152
92.7337036133,7154
92.9739171982,7156
102.343309212,7157
114.549994087,7159
93.5414745331,7161
92.71153965,7163
101.920402527,7164
77.7364494324,7167
102.377249146,7169
93.0733118057,7170
92.6111595154,7173
102.394602394,7174
110.497409439,7177
102.222232437,7178
92.5257652283,7179
83.1849427223,7180
110.566563034,7181
92.7644929886,7182
93.4148256302,7184
111.574061394,7185
91.9028894424,7186
113.807614326,7187
92.9758924484,7188
111.310627746,7189
101.905934334,7191
109.522734833,7193
94.7127012253,7197
92.8372770309,7199
110.778857422,7200
92.04739151,7201
93.0874904633,7204
110.027747536,7207
111.814878845,7209
92.8927467346,7210
104.277684212,7211
92.4230703354,7213
111.309745598,7214
110.929166985,7216
93.3893531799,7217
110.523464394,7220
109.71059494,7224
92.5899068832,7225
110.928430748,7226
93.0659870148,7227
111.570311928,7234
77.8899704933,7236
102.162071991,7239
92.9418516159,7240
113.398871613,7242
109.957435226,7244
92.2781553268,7245
110.846102905,7247
92.6664422989,7248
114.663144875,7249
110.57199688,7250
92.6072702408,7251
110.29885006,7252
77.8816056251,7253
93.1554550171,7256
92.4513298035,7260
110.916935921,7261
94.2913446427,7264
111.600213814,7269
93.1666109085,7270
110.544749069,7273
86.6491100311,7279
110.746633148,7281
91.6250389099,7284
111.809847069,7285
114.733644867,7286
92.1361873627,7287
93.2809936523,7289
92.3944026947,7292
111.436571693,7293
94.5067760467,7296
110.707244873,7297
91.612528038,7298
110.767002106,7299
101.711735916,7301
110.041026115,7304
116.200278282,7306
93.2859451294,7308
101.673788833,7309
92.2735088349,7312
77.8252986908,7313
92.5474506378,7314
92.5518993378,7316
114.819698525,7319
93.8143491745,7321
93.1891204834,7323
101.896332741,7324
93.3553741455,7325
101.729357147,7328
77.6118741035,7330
93.3213459015,7334
111.382436371,7337
93.9635305405,7338
92.2084405899,7339
92.2004238129,7341
111.307004547,7342
110.534241676,7344
110.398935127,7345
109.493844604,7347
110.710658073,7349
93.4616634369,7350
111.946308518,7353
110.855448532,7355
92.9908678055,7356
111.239017105,7357
93.088155365,7358
92.7125829697,7360
103.831420136,7363
93.2203865051,7364
92.9456050873,7366
93.1907409668,7368
110.20352993,7369
92.0941204071,7370
92.8756071091,7373
110.962268448,7374
92.9328256607,7375
92.904400444,7377
92.0081138611,7379
114.276760101,7380
111.688813591,7382
93.3378353119,7383
92.8127891541,7385
102.316119003,7386
93.4061981201,7391
107.301221084,7394
110.471167374,7396
93.264286232,7397
93.2401885986,7399
102.503158951,7400
77.644358921,7403
109.965385437,7405
111.196517372,7408
111.736918259,7414
103.419825935,7416
92.4098190308,7417
92.8704395294,7419
108.063027,7420
92.8856521606,7421
93.2091917038,7422
103.899111366,7423
77.5974117279,7425
93.1301273346,7430
93.0377332687,7432
93.1772180557,7433
110.095709038,7434
109.453670692,7436
92.2058612823,7437
102.811927986,7438
103.363990784,7440
92.7376264572,7441
110.29965744,7442
111.540300369,7445
101.637819481,7446
110.479013634,7448
102.887738991,7450
93.0277467728,7451
110.608498573,7454
92.8496339798,7455
110.600091934,7457
101.674232674,7459
93.0119310379,7462
93.0005926132,7464
109.832507706,7465
92.5244861603,7466
110.182522392,7467
110.289295578,7469
93.1079961777,7472
109.612697601,7473
93.1056318283,7479
102.91660347,7480
110.258947182,7484
92.8062698364,7491
103.855326653,7494
92.828140068,7495
92.3315937042,7501
92.8708335876,7503
102.469278717,7504
92.6495077133,7505
110.412131691,7508
91.9225065231,7509
77.6853334427,7510
111.698885345,7511
93.0184900284,7515
102.405447769,7516
92.9010761261,7517
102.510497475,7518
92.8344924927,7519
93.5410617828,7521
101.889118767,7522
102.241942596,7524
102.863671494,7526
92.9147554398,7527
101.545394707,7528
93.0008916855,7529
110.042708206,7534
110.711016655,7537
92.8335670471,7538
93.8668790817,7540
110.819997406,7541
110.815667152,7545
111.996936035,7551
93.2276691437,7553
101.489002037,7554
93.0182584763,7555
110.27240448,7561
93.0099252701,7562
92.9067834854,7564
103.328577805,7565
92.628650856,7566
111.12455616,7567
101.513444519,7569
92.7254104614,7570
113.145781326,7571
92.9728336334,7572
101.782192039,7574
110.724998856,7578
92.5182323456,7579
92.1609149933,7586
84.7380653381,7587
92.8214902878,7590
109.534868431,7593
92.7282129288,7594
92.6256542206,7595
92.2294719696,7600
77.7347202301,7601
92.150151825,7602
107.267725563,7603
92.4244539261,7604
92.0996505737,7606
112.009275246,7608
77.9835960388,7613
109.865498734,7615
109.300995636,7616
113.880407715,7617
92.8610933304,7618
102.221285248,7619
93.013760376,7622
101.476109314,7623
93.027689743,7624
102.431474686,7625
93.1529129028,7626
101.963036156,7627
77.5701838493,7628
102.493298531,7631
102.323727799,7632
92.8533344269,7633
113.397977257,7634
92.4762281418,7635
111.129302216,7636
111.129302216,7637
92.3659410477,7639
77.4418048859,7640
110.660416984,7644
92.1574270248,7645
102.383279991,7648
92.8068319321,7649
110.212148094,7650
109.756785393,7652
92.5077798843,7653
92.6917726517,7655
110.291033936,7659
93.1863124847,7662
92.3355466843,7664
94.0110523224,7666
92.7381156921,7668
109.742770195,7669
93.0758651734,7670
93.0478471756,7672
109.943490791,7673
92.0312988281,7678
78.0666636467,7679
103.480502319,7680
91.4461833954,7683
114.541611099,7685
92.9452339172,7688
109.198323059,7690
92.497546196,7692
92.4513896942,7693
111.158486939,7695
92.4949569702,7696
92.625517273,7698
110.692346001,7699
92.1702960968,7702
110.756134033,7703
92.9550271988,7704
111.570161438,7707
81.6409683227,7713
102.130902481,7715
110.390354729,7717
92.834220314,7718
102.221697044,7719
106.314091301,7721
93.1998884201,7722
101.680257416,7725
101.820604706,7727
77.6669345856,7730
91.7733556748,7733
101.239336395,7735
110.668130493,7740
109.799064827,7741
91.6667125702,7742
110.411802864,7744
92.3555931091,7747
77.3489188194,7750
110.18359642,7752
110.802809715,7754
102.921872139,7756
92.3257980347,7757
102.695708084,7758
103.301574707,7760
92.3875024795,7761
109.978363609,7763
92.5799180985,7765
110.956360245,7767
92.5940643311,7768
92.0765598297,7771
91.5490890503,7773
110.402503395,7774
103.484825325,7776
92.2014064789,7779
91.8279380798,7783
103.208826828,7786
92.2317630768,7787
92.4378385544,7789
92.5987829208,7791
92.4256925583,7793
110.505616188,7794
91.8448451996,7795
77.3454471588,7799
110.390938759,7800
92.9367326736,7802
111.558090401,7805
101.209893608,7807
92.8138166428,7808
102.804093743,7811
109.052750206,7817
102.100171852,7818
92.5549779892,7819
91.8966768265,7822
109.712183571,7823
110.471373177,7825
91.5667850494,7828
91.8369911194,7832
77.2685578346,7833
110.142786598,7834
92.5241643906,7835
92.4851751327,7837
92.2756811142,7840
92.0846290588,7842
106.172082901,7843
92.1653806687,7844
92.3692815781,7846
92.7400850296,7850
110.639059639,7853
111.800168991,7855
92.4472707748,7858
110.093630981,7863
110.313883591,7865
92.2271867752,7866
91.4071672439,7868
111.107280731,7869
77.2042717934,7871
101.653771782,7872
101.522037888,7874
110.257182884,7877
91.9283971787,7878
110.299117088,7879
91.7559764862,7881
92.7467248917,7883
101.662209511,7885
92.867057991,7886
94.0279188156,7889
102.568282509,7890
92.7689760208,7891
92.3943731308,7893
102.887652588,7894
109.995609283,7896
101.201807404,7898
92.2107444763,7901
109.083825302,7902
112.384185791,7904
92.2758428574,7905
114.544562912,7906
92.675387001,7909
101.253380966,7910
92.3063495636,7913
110.258655548,7918
91.3649524689,7919
91.4363243103,7923
92.5004825592,7925
90.8867454529,7927
92.6459123611,7930
93.0436029434,7932
91.8440706253,7933
92.0406812668,7935
101.83032589,7939
91.9397047043,7942
110.767462349,7943
103.113430405,7945
92.7238895416,7946
92.7619415283,7948
109.251627159,7949
91.7391460419,7950
110.941849899,7951
102.092596245,7955
92.6994510651,7959
110.638357162,7960
92.3579040527,7961
101.653567123,7962
102.344203949,7964
92.6236772537,7965
110.48963623,7966
102.024066925,7967
92.8247127533,7968
104.738921547,7971
91.3641819,7974
106.728228378,7976
110.184897423,7978
110.64143486,7982
92.6358083725,7983
102.09505825,7984
91.6499521256,7986
109.254304123,7989
109.086252022,7991
109.939858627,7992
91.8014146805,7993
110.219337845,7994
91.8275011062,7995
91.9540124893,7997
102.095433235,7998
109.038775444,7999
91.6158050537,8002
92.2340734482,8007
93.1883392334,8009
92.4017736435,8011
92.5508739471,8013
102.221224213,8015
110.291870499,8017
114.355467987,8019
92.5932607651,8023
110.952202606,8024
110.56544056,8026
91.8471212387,8027
92.0141620636,8029
110.10986538,8030
92.1304904938,8031
94.3154502869,8033
92.565026474,8035
103.028331757,8036
105.038163757,8039
90.902690506,8042
92.4695859909,8044
77.4796858788,8046
111.004382706,8048
92.2752214432,8049
102.568066406,8050
92.5297569275,8053
91.9587001801,8054
92.1165180206,8059
91.9037965775,8061
110.094225311,8062
110.023970413,8064
102.369708252,8066
92.6956800461,8067
92.5297109604,8068
93.0898685455,8070
111.437163544,8071
91.5998401642,8072
92.1223258972,8076
91.9307182312,8080
110.699052238,8081
100.679667282,8084
111.395615196,8087
91.2021753311,8089
113.964848518,8090
102.371790504,8091
112.249550056,8094
91.6630846023,8100
92.616194725,8101
92.4940553665,8110
109.084910393,8111
92.4612327576,8112
110.050708389,8115
92.7481155395,8116
110.024145317,8118
115.601830673,8121
110.099334717,8125
110.862998772,8127
92.0026660919,8128
109.048226929,8129
93.4430980682,8131
92.3931020736,8138
101.322129249,8139
92.1347219467,8140
91.5406951904,8141
109.617327881,8142
109.68912487,8143
110.566599274,8145
91.2086572647,8146
111.428102302,8148
110.113285065,8153
91.1840419769,8154
111.366421318,8155
92.6836803436,8161
109.966718102,8162
91.4937925339,8163
110.254965019,8166
110.214757347,8168
91.9445281982,8170
109.121298599,8172
91.4267950058,8173
102.634370995,8176
92.3351139068,8179
92.5398048401,8181
114.260855866,8182
109.568671608,8184
103.261932564,8190
92.5703809738,8191
110.813244438,8194
110.287629128,8196
110.805898476,8198
110.159026337,8199
110.394960976,8201
92.2654312134,8202
92.663773346,8207
109.037511063,8208
110.320998955,8211
110.048305893,8214
92.358026123,8217
109.933388329,8218
92.5756402969,8222
105.687241364,8229
92.2244411469,8231
93.3716011047,8233
92.2909486771,8236
110.966493797,8238
101.397115898,8240
102.925891686,8243
111.107380485,8246
91.8977552414,8250
93.1463516235,8254
77.1695249558,8256
109.62565136,8257
91.7154529572,8258
92.7195228577,8260
110.253161239,8261
112.800459862,8263
92.4457151413,8264
109.625432205,8267
91.6231355667,8268
91.7085727692,8271
109.013909531,8272
93.2322372436,8275
92.583033371,8276
103.239883804,8277
114.176860046,8278
92.2897727966,8279
109.595795059,8280
93.1386497497,8281
109.282310676,8282
110.78737545,8287
91.4042964935,8288
110.897945976,8289
91.9393198013,8294
91.6807682037,8296
110.225618744,8299
102.02338295,8302
110.492447281,8308
101.785299492,8314
93.4348604202,8315
109.403635406,8316
92.2768043518,8317
110.172311401,8319
91.2512319565,8320
115.210584068,8321
92.5037015915,8323
92.4371992111,8325
110.332518387,8326
109.10504055,8328
110.796854782,8330
92.0260599136,8331
111.026247215,8332
92.2880111694,8334
91.6563987732,8338
93.2606142044,8339
91.6469453812,8341
110.475419807,8345
92.6603006363,8346
101.813271904,8347
92.8553157806,8349
92.9635522842,8351
110.735051346,8352
109.271954727,8353
109.773779869,8355
109.270770836,8358
110.917852974,8359
92.0191869736,8360
110.536728287,8361
101.77960434,8363
92.231187439,8364
94.525969696,8365
102.33391552,8366
109.797720337,8370
92.5485651016,8372
92.689689827,8376
111.09033432,8377
109.787031364,8379
91.932371521,8380
110.353075028,8381
91.2127510071,8386
101.527858162,8388
93.002633667,8389
110.425597382,8391
93.355380249,8394
105.307988548,8396
102.640973091,8398
111.6104599,8400
92.4743291855,8401
92.0612764358,8404
93.3250307083,8407
111.115176773,8408
109.551670647,8409
104.892393684,8410
93.2383838654,8411
93.0526956558,8413
110.513872719,8414
94.3295257569,8416
