ID,y
1,84.3563720703
2,96.0101325989
3,81.9513054371
4,78.4971367836
5,114.778860188
8,92.5564893723
10,111.798099709
11,91.7817944527
12,115.356447697
14,94.1671638489
15,115.679392529
16,106.04478426
17,95.1336794853
19,95.0261380195
20,102.137417602
21,95.1661375046
22,114.877770424
23,98.036830616
26,93.4677750587
28,94.9937081337
29,96.1621692657
33,95.8877127647
35,95.9103504181
41,94.9363847733
42,91.8604118347
43,114.201643753
45,102.075407505
46,102.295547581
51,92.2199744225
53,83.316242218
55,113.521463585
56,94.0165452957
57,101.518806458
58,93.0369450569
59,108.574977398
63,115.222864628
64,94.9953624725
65,105.143357182
69,92.6472652435
71,93.8025234222
72,102.346261883
73,94.0977548599
76,107.02783947
77,104.111549282
78,113.477589321
82,94.6310141563
83,104.093202686
84,91.3865067482
85,102.766140938
87,114.228099537
88,95.0341415405
89,112.869480896
91,95.411563015
93,92.2344625473
94,103.472601986
95,92.4989382744
96,116.0157794
97,93.9845743179
98,111.358633041
99,95.8010860443
101,102.405249596
103,112.824243736
104,95.1389863014
105,114.104743385
110,93.0528022766
111,113.433324623
113,112.474722481
114,94.5104001045
115,113.725525665
117,112.862948704
120,94.8775837898
121,113.509824944
122,94.2741065025
123,113.162748241
126,111.949942875
132,113.024220943
135,103.359436798
137,102.117483425
138,93.1185102463
140,93.7968707085
142,113.22181387
144,112.697818565
148,89.8510192871
149,112.808090496
155,92.5493253708
156,112.315919781
157,93.935478878
162,113.701201725
163,92.3776447296
167,90.5416965484
172,114.955392933
179,112.052855587
180,96.5255834579
181,109.76628828
182,92.5956569672
183,113.360381222
185,112.8764184
187,116.425102806
188,96.158719635
189,91.8300204277
191,94.4442410469
192,114.971369934
193,92.0794567108
194,110.680308819
195,91.5973695755
196,114.7938447
198,93.8933917046
199,113.833588982
201,101.472848892
204,95.9080152512
205,105.073333168
206,91.6382293701
210,93.5141304016
211,101.314189243
216,115.761378861
219,115.906178856
220,93.9315464974
221,111.646982193
226,110.013276482
227,95.8405956268
228,113.043356609
230,111.992930508
231,92.8499230385
235,114.973081684
236,91.548384285
238,113.544157219
242,101.488699341
243,94.4275364876
244,80.686555481
245,115.244904423
247,112.394387627
248,92.2731777191
249,93.0005473137
250,113.031855297
251,91.5351023674
253,114.68402977
254,96.171185112
256,95.7805696487
257,93.3038408279
258,114.362517071
259,94.2740184784
262,84.8348190308
266,91.2819542885
267,114.579774952
272,100.065222931
273,112.344401836
275,93.4806806564
276,113.43076849
279,91.6945239067
280,105.180147839
283,94.6009423256
285,112.692810917
288,112.764764404
289,90.5291063309
290,101.148561764
291,94.2114891052
292,113.852782822
293,111.171365833
296,92.9252904892
297,114.473731804
298,113.858873558
299,93.9924343109
304,92.1427404404
305,82.0498283386
306,93.8022648811
307,110.332913685
311,110.987744617
313,110.261556816
314,92.2314853668
316,94.9529813767
324,94.9742241859
327,91.1472211838
329,95.0544753075
330,110.843286323
337,101.232973957
338,92.0510117531
339,102.5727211
340,94.7816669464
343,91.5137649536
345,114.417920876
346,93.2759614944
347,113.661955452
349,113.972896099
350,91.9654195785
352,112.998411942
353,93.0361624718
354,81.9091761112
357,92.6545761108
358,109.872939015
362,115.955796623
364,115.929239655
365,102.775048256
366,93.7714076996
367,114.538855553
368,93.7974114418
370,81.246995163
373,93.5425521851
377,93.4630649567
378,111.33726759
382,104.195075131
384,112.328931236
390,95.2048296928
392,114.076814079
393,114.522878838
395,92.1871482849
396,102.671146488
399,82.7330086708
406,109.962873936
408,110.049670601
409,94.9511014938
410,81.1564563274
412,112.576401997
413,90.6728899002
419,94.129195118
420,112.204890823
421,91.8785763741
430,102.627786064
434,93.696143055
436,93.3460836411
437,92.9809848785
438,91.8722434044
439,112.343965054
440,93.7750955582
443,116.452160549
446,93.3219950676
448,95.6444725037
452,93.5887907982
453,102.616030788
457,101.360933113
458,93.7544264793
459,113.984781933
460,100.650943184
462,102.844331741
464,102.344612122
465,115.790994167
467,114.32702465
471,113.564282036
472,82.783343029
473,93.670221138
475,94.5874994278
480,93.752099514
488,110.317722225
490,111.722839737
491,102.578952503
492,81.002398777
493,95.0489645958
497,91.8876325607
498,114.662590313
499,95.026038456
500,100.205387592
501,95.0404844284
502,113.568098927
506,84.3095262527
510,110.180198193
511,93.4551445961
512,93.9610357285
516,95.4908936501
518,95.0653071404
519,111.008757782
521,93.4078906059
522,110.814354801
526,112.564327145
529,91.0442827225
532,113.579251862
533,92.7724363327
536,112.146500874
537,100.874100781
539,94.6805402756
540,101.982071304
541,94.6956384659
543,90.957423687
546,113.719594002
547,93.8357225418
548,81.5588150024
551,94.0351016998
552,100.251771164
556,103.92593317
557,92.7580062866
558,115.207374477
559,93.0212115288
560,102.833129501
562,105.433994675
566,90.2217500687
570,115.074024487
571,95.2154457092
572,103.629064083
573,93.4104743958
575,115.756511784
576,111.644107532
577,91.3154358864
579,95.1814427376
580,111.659252739
581,113.408449841
589,109.990475082
591,100.973234749
593,92.269287014
594,100.853566837
595,93.5874777794
598,95.8116441727
602,111.687951756
604,112.406149864
606,111.884349155
608,93.1785432816
609,101.358236694
610,92.5959388733
616,112.347560501
617,91.867555809
618,101.756343365
620,101.339951038
622,109.84740572
623,90.973522377
624,112.964643669
626,113.383955193
628,111.90725708
629,92.052418232
630,111.403829289
637,93.333374691
638,101.859506893
643,94.2058519364
645,92.5437774658
646,114.732067871
648,89.6956700325
652,90.8176692963
653,95.0019111633
654,114.269296265
656,114.675205898
657,91.2013412476
659,93.7784497261
660,101.021628952
663,95.0347166061
664,113.046492767
666,105.37364502
668,110.47536869
669,93.474998188
671,93.0359268188
675,93.3458267212
677,94.4434550285
678,114.710016441
679,102.400201607
682,95.3302084923
685,105.770815945
687,92.6509714127
688,95.3900475502
693,114.2782053
696,91.3318480492
698,94.2836687088
701,90.4217973709
704,104.298240852
705,115.391497898
709,114.999844551
710,94.3373080254
711,101.935221005
712,94.6182906151
714,111.725070381
715,94.9710351944
716,110.267654801
717,91.8485984802
720,115.021166515
721,94.0884598732
724,100.692490768
725,90.4841765404
726,114.428188419
728,110.817202568
731,96.2707185745
734,101.376998901
738,91.3364665031
745,113.762114143
746,95.6222780228
751,80.106469059
754,91.6474259376
756,94.4377901077
758,92.9964328766
759,113.275063706
761,114.496965218
766,93.0414195061
767,113.056076622
768,90.6879981041
769,113.79280014
770,93.958562851
771,82.8451016426
772,100.866494846
773,94.3205076218
774,112.205264378
776,113.2106534
777,95.44706707
780,114.616845608
782,102.35923233
787,100.626002598
788,92.7998164177
792,93.4493083954
793,113.431194496
798,95.5765029907
800,91.6967330933
806,110.079294872
809,112.372812271
811,112.978987122
812,93.0306835175
814,116.554001713
816,102.095234394
817,90.9791875839
818,109.385383606
820,111.932234955
823,94.7790514946
829,92.8287696838
830,113.823313808
831,91.4813515663
834,112.238583279
839,94.1495993614
841,81.24033041
844,100.723430824
845,94.5465351105
848,91.1864163399
850,94.5634367943
851,100.520520115
852,91.6593166351
854,95.1440544128
855,93.9174455643
856,100.365983105
859,101.390428925
861,112.442589474
864,94.6255442619
865,113.375997734
866,93.6495657921
867,95.8818394661
869,92.0572461128
871,98.6199384689
872,110.007129383
882,100.884412003
883,91.8704774857
885,95.0554205895
888,90.7932092667
893,110.867816067
901,114.791383839
903,103.995306492
904,94.310014534
905,103.732781029
910,94.1012598038
911,111.065605545
914,113.860017395
918,111.499601364
921,91.3032122612
928,93.3733261109
929,101.708424664
932,92.4490236282
933,102.636719227
934,94.2821396828
935,111.895387268
937,81.1884151459
939,94.2664435387
940,99.3903689384
941,93.9757194519
942,102.240970325
943,91.129812336
944,102.329226017
947,110.085160065
949,114.353249931
951,113.13613472
952,93.358306694
953,103.491904163
954,79.3488796234
957,113.330624676
959,90.984089756
960,116.499718475
963,116.663462734
965,109.753096485
967,103.882691956
971,90.4809062004
972,82.3777229309
973,92.9079619408
974,111.809928513
975,91.9203946114
978,117.062601185
980,113.676915932
981,93.9340751648
984,112.768738937
986,92.0969162941
988,91.3516245842
989,112.632560253
990,100.570585632
992,115.001611328
996,95.6595056534
999,113.155335808
1000,93.470715332
1001,113.529504204
1002,93.5522809029
1003,112.914054489
1004,93.7628334999
1008,111.315380764
1009,94.5709004402
1010,104.411265182
1012,116.974765587
1013,93.9096048355
1014,110.237633514
1015,92.7793447494
1016,115.866696549
1019,92.6508210182
1020,111.996455097
1021,95.1979089737
1022,103.13974371
1024,94.5245861053
1025,79.160763216
1027,92.3792143822
1028,100.729056644
1029,93.6463057518
1030,92.0045084953
1033,114.15013361
1036,94.3362482071
1037,114.639237785
1038,97.5715039253
1042,93.2504437447
1043,100.724379635
1044,91.3354421616
1045,112.369528389
1047,115.510388279
1050,91.385184288
1051,110.539439774
1054,96.2467514992
1056,91.5744438171
1057,95.4220058441
1059,94.1189837456
1062,100.389382839
1063,105.062941265
1064,92.3004588127
1066,95.6095646858
1070,105.281025791
1076,113.43476305
1077,100.11754961
1078,114.722449875
1080,115.666877174
1082,115.46054945
1083,91.6219291687
1089,114.291176319
1091,92.6172538757
1093,91.2643567085
1097,91.7442465782
1099,94.1251843452
1101,92.1443407059
1103,92.2964274406
1104,112.508739185
1106,110.206787777
1109,91.7581208229
1110,110.773773766
1111,93.3477197647
1112,112.885124016
1114,93.6455055237
1116,90.9463467598
1117,113.81531086
1120,95.0696556091
1124,115.305869961
1125,94.3228974342
1126,112.342455006
1134,110.760055351
1137,92.3726200104
1138,115.698153782
1144,110.657177734
1145,94.0019154549
1146,91.0232465744
1148,94.1737734795
1150,95.11208601
1152,101.56855526
1153,95.6277911186
1154,101.785672188
1155,94.9025196075
1157,94.3844166756
1162,93.5979826927
1165,113.222672844
1166,92.5177905083
1167,105.07696352
1168,92.8170079231
1169,101.685105038
1171,114.808691883
1172,92.5532574654
1173,103.567643547
1174,91.430644989
1176,92.8055521965
1177,101.278196144
1178,94.8082217216
1182,112.219917869
1186,92.6291842461
1187,114.085024357
1188,91.9406764031
1189,114.846348286
1191,102.24014883
1192,92.5573312759
1197,111.947605229
1198,95.2341877937
1200,81.7441628456
1201,92.3187799454
1203,93.2877165794
1209,115.980329609
1214,103.874555302
1218,113.026658726
1222,94.5875768661
1226,94.8103189468
1228,93.2280342102
1230,96.3349746704
1232,80.113274622
1233,97.7593251228
1236,117.119233894
1238,92.7707954407
1241,111.62969799
1244,103.910810661
1246,93.6306401253
1247,113.737176228
1250,115.101429844
1251,93.6469449043
1254,110.979116058
1255,93.5074258804
1256,113.218713379
1257,94.2483941078
1258,91.4474435806
1259,111.144711494
1260,92.0092348099
1263,110.888725281
1267,83.3541788101
1268,110.589912415
1271,92.795732975
1272,110.7551507
1274,101.825032425
1275,92.3150069237
1276,110.441838264
1277,98.0420927048
1279,92.8215798378
1281,92.2482330322
1282,92.4133324623
1283,114.450607872
1285,112.223133183
1286,94.1733261108
1289,115.521226883
1296,114.844604397
1299,95.1452917099
1301,93.6953830719
1306,94.6318680763
1307,94.0802799225
1308,93.927589798
1313,110.33480854
1314,92.7174194336
1315,110.964712334
1316,95.5751554489
1317,110.188671684
1319,95.3785150528
1323,92.4971798897
1324,101.685632706
1325,93.9350057602
1328,101.46926508
1329,93.9842396736
1330,112.972199059
1331,92.2428537369
1332,102.789911461
1337,90.8659916878
1338,111.221550846
1339,94.1686952591
1340,115.016735268
1343,113.1112813
1347,101.863292599
1348,93.5367567063
1349,102.312738895
1352,93.8185129166
1354,91.6088758469
1359,111.874601078
1360,92.8026630402
1363,111.072251701
1364,91.7626585007
1365,103.972653484
1366,93.272005558
1372,94.2381036758
1375,101.893173885
1376,92.5147451401
1378,97.2925670624
1379,114.396091175
1380,93.5180929184
1381,100.904792976
1384,113.759598637
1387,93.8164640427
1388,113.798042679
1392,82.0986299038
1394,102.118634033
1395,91.8771492004
1396,110.966831493
1398,95.1849460602
1399,111.01541214
1400,94.1249118805
1401,90.8921728134
1403,96.401451683
1404,112.879665947
1406,110.924829483
1407,91.1835748672
1408,110.650209904
1410,82.5102274418
1412,110.75165348
1413,91.5050599098
1415,93.9859173775
1420,110.768508816
1422,113.106457806
1423,108.220076275
1424,110.700065136
1425,90.3326462746
1426,81.9781900883
1427,94.2362262726
1429,92.5981431961
1430,112.364432812
1431,92.3961941719
1432,101.44034214
1434,115.174567795
1437,93.2648428917
1438,102.609306622
1440,113.986222267
1441,112.688080502
1442,93.0555795669
1444,113.351933956
1445,93.7797888756
1446,101.133931351
1448,93.9078612328
1453,93.993018055
1454,110.798625755
1455,93.5984384537
1456,116.822751904
1458,111.284403515
1459,99.2164601326
1461,95.9099977493
1465,93.9595380783
1466,110.823367214
1469,92.2654158592
1472,93.8424788475
1474,91.2679588318
1477,112.378520775
1479,110.196596813
1482,92.6388780594
1483,80.6942784786
1487,94.255603981
1488,113.236709118
1490,113.174072361
1492,112.212955666
1494,114.728063965
1496,100.119930649
1497,94.7611042023
1499,92.5331109047
1502,95.4021118164
1507,113.059685516
1508,93.3044953346
1509,109.947519779
1511,94.6451993942
1512,111.536326504
1513,113.83183794
1514,102.155011845
1518,114.459931564
1519,93.4771014213
1522,114.698214054
1524,82.0642259598
1527,95.700658226
1529,95.5229174614
1532,103.499551964
1536,114.311685181
1537,115.962962341
1539,103.581792831
1542,117.682143593
1543,92.3538827896
1544,101.481436634
1545,84.619727087
1550,91.7787254334
1551,111.623315525
1554,106.430671024
1556,101.438206386
1559,93.8435801506
1560,81.8739113808
1562,94.4166152
1566,92.1177809715
1567,113.234295464
1569,101.531246853
1570,112.26960783
1571,112.809842587
1574,92.9591126442
1578,101.052010059
1580,95.3171792984
1583,112.782517528
1584,91.9570297241
1585,111.375689793
1586,93.4861041069
1587,113.51887331
1588,93.8024785042
1590,114.231485844
1592,100.573753071
1596,113.200911617
1598,113.5937953
1599,91.9383587837
1604,114.293103313
1606,102.787983227
1607,91.7674085617
1608,102.183777332
1609,114.461879158
1611,94.0938240051
1613,91.0862106323
1616,92.0361132622
1619,113.224434376
1620,93.0605514526
1621,112.012640858
1622,94.6059109688
1625,114.742671585
1627,115.005802441
1629,115.45873785
1634,94.4628793716
1636,93.8605546951
1638,103.194128132
1639,95.5105741501
1641,92.3458257675
1643,93.5001872063
1644,99.6390782356
1645,114.853318214
1646,92.9945428848
1647,108.27179985
1648,92.3574698448
1652,93.3215662003
1653,113.540631199
1656,92.4214584351
1658,90.9800010681
1659,111.580490303
1661,91.1476051331
1663,93.1439257622
1664,115.10674839
1665,92.6981759071
1666,101.052227783
1667,101.315398121
1668,80.3969377518
1669,101.91170311
1670,93.9048107147
1672,113.369311523
1674,111.642762089
1677,113.160728836
1678,94.2652693748
1679,112.526107979
1680,92.5718801498
1683,103.485400677
1686,103.905593872
1687,113.222176838
1689,114.001125622
1690,93.868003273
1691,116.824851799
1692,113.572510719
1693,92.6305624008
1695,90.1214330673
1696,94.3069263458
1697,111.127885246
1700,100.842399693
1701,93.9067293167
1702,112.159408569
1703,92.9244416237
1704,113.457243824
1706,92.4449861527
1707,114.29426775
1708,93.0958460808
1710,90.6942398071
1711,99.9812847137
1713,102.436213207
1717,101.049939823
1719,101.301360512
1720,95.1939107895
1722,93.1859523773
1725,102.038184834
1726,93.0480847359
1727,103.702518082
1729,111.043686199
1730,93.1264401436
1731,112.138951206
1733,100.86667099
1734,93.2410370827
1735,113.989167595
1738,93.0395956993
1742,91.4578449249
1745,110.962928009
1747,92.7792142868
1749,92.4875213623
1751,92.5265229225
1752,82.4322799683
1753,100.038878345
1754,93.8319664002
1755,94.7562503815
1756,102.98442297
1758,112.077629566
1759,92.9238129616
1760,102.573582554
1761,113.411939907
1762,96.2333936691
1763,109.475982952
1764,92.8070872307
1766,91.2097298622
1768,91.3809976578
1769,82.3011267185
1771,111.807402515
1772,95.6888237953
1773,102.710000324
1774,93.3101293564
1775,114.583624554
1777,111.359225178
1779,89.9720511436
1780,105.674423313
1787,93.8034265518
1788,92.9560270309
1790,90.9068284035
1796,113.239602852
1801,96.0027350426
1803,92.8836158752
1807,112.783461762
1809,112.896657753
1812,92.0241046905
1813,111.515354061
1814,93.4317536354
1815,110.815006542
1816,92.9854611397
1818,96.1447538376
1820,95.6214811325
1821,116.615256214
1822,90.2819993973
1825,94.318236351
1826,102.00136795
1828,90.8838636398
1831,101.145613289
1836,115.987828827
1837,94.19576931
1841,91.3180970192
1844,101.198345566
1848,93.0143832207
1851,102.708582497
1852,92.7267333031
1853,91.3760054588
1854,110.224262333
1856,92.7014413834
1859,113.188322544
1860,93.44943676
1861,79.9500743866
1863,103.25215559
1865,94.9468998909
1866,102.163798714
1867,91.4448005676
1868,92.4626975059
1872,94.1454639435
1879,92.0517830849
1880,102.143212414
1882,94.0965701103
1885,101.355681705
1887,101.686133957
1888,91.1193142891
1890,111.61477747
1894,91.8079410553
1895,101.196016789
1896,94.5312680244
1897,112.594974327
1900,111.69250555
1901,94.8573232651
1902,113.290011787
1905,94.5919485092
1906,108.955505467
1912,101.585617065
1915,92.3746663094
1916,101.715253639
1917,95.7511797905
1918,100.805195904
1920,82.6965936661
1923,91.4663941383
1924,103.531147003
1925,92.3631204605
1930,114.674128532
1932,110.055073929
1933,93.8703279495
1934,113.759736919
1935,94.7239151955
1940,83.3837949753
1941,93.9626421928
1942,111.565248203
1943,91.7228887558
1944,94.4930253983
1945,112.128606319
1948,116.163429356
1949,96.7125520706
1952,92.8509662628
1954,91.4444662094
1955,110.673581219
1958,95.0825422287
1959,82.3955607414
1960,109.558262348
1963,91.1157140732
1965,94.3996751785
1968,101.76860714
1969,92.1288771629
1971,93.5621162415
1972,110.391947269
1973,91.6807946205
1975,93.1884529114
1977,93.7698435784
1978,93.0867750168
1979,110.910081387
1981,90.563785553
1982,117.145980358
1987,111.52309351
1988,92.2089728355
1993,94.4267514229
1997,94.8977031708
1999,90.8818655968
2001,93.7344124794
2002,113.978949928
2003,91.4262489319
2004,82.5440340042
2006,110.71061182
2007,95.5955522537
2009,103.864809322
2010,93.2162049294
2013,90.5361294746
2018,81.7077287674
2022,102.545997429
2024,111.239605427
2025,93.4302512169
2026,102.79285183
2030,102.882390404
2031,93.565141964
2032,101.311827278
2033,91.1536927223
2035,92.831027317
2036,111.755135632
2037,92.2329992294
2040,93.2349555016
2043,116.071225166
2044,106.880640411
2046,101.639797688
2054,113.99969368
2055,91.9388111115
2056,105.976727104
2059,96.07304039
2060,92.9947933197
2062,95.3178702355
2063,110.310847378
2066,90.9370680809
2067,113.435217762
2072,91.0215820313
2073,113.522883988
2074,92.6644467354
2075,114.841946125
2076,95.6471902847
2080,91.8316549301
2082,91.0748883247
2085,113.129512692
2087,111.54787941
2091,114.530340576
2092,91.9408389091
2093,106.904761791
2098,95.6124926567
2101,108.893596745
2102,94.3612163544
2103,80.8143036842
2105,101.333326054
2106,89.4713137627
2107,114.389892387
2110,94.1345463753
2114,94.0313245773
2115,111.574693394
2117,83.8121024132
2118,92.730903244
2119,100.733293724
2120,93.5790940285
2122,94.5127720833
2123,112.201749134
2126,94.1218091011
2127,101.825888348
2128,93.1517923355
2129,111.379469013
2132,92.8186905861
2135,101.292596817
2138,93.1019351959
2139,114.623317432
2141,112.309259796
2142,95.110910511
2146,91.8612983704
2151,113.928298092
2157,101.911868572
2159,115.219120121
2162,95.2414961815
2164,115.424450302
2167,94.0757526398
2168,112.579620266
2171,94.5729840279
2173,89.6380825996
2174,101.821506214
2175,91.8187980652
2178,95.0096349716
2180,91.5829899788
2185,110.557857799
2189,92.1585138321
2190,113.285751152
2192,100.743831444
2194,116.624673462
2200,115.902424431
2201,93.2568588257
2203,111.014529801
2204,91.4711987495
2205,113.327327251
2209,112.187173271
2213,105.062933063
2214,94.8211102486
2215,116.663622761
2216,96.3045310974
2218,93.6910411835
2219,102.125748825
2220,92.4799379349
2222,94.7307458878
2223,111.437907982
2225,113.271070671
2226,90.2173285484
2230,92.498333931
2233,112.789095497
2234,112.212407971
2235,91.5360285759
2236,83.3566809654
2237,92.5654287338
2240,114.460872078
2241,91.9065849304
2248,104.201146507
2249,91.0012721062
2250,110.692656326
2252,111.987307835
2253,93.6963506699
2254,112.79623909
2256,83.6265873909
2258,94.3683806419
2259,112.532414341
2262,90.4881262779
2265,94.1831332207
2266,101.697869969
2269,91.3102899551
2271,93.4037428856
2273,94.3322779655
2274,110.531514358
2275,95.1056362152
2277,93.5329220772
2279,92.9698825836
2280,83.9660997391
2282,91.5378005028
2283,98.8195199013
2288,92.6281237602
2289,113.933561611
2291,92.8588054657
2292,115.159536076
2297,91.2889023781
2298,104.048743153
2299,91.0950133324
2300,113.708021641
2301,95.7288643837
2304,93.4297224045
2305,100.702136326
2306,93.456487751
2308,95.0096437454
2309,110.671562958
2311,95.2080254555
2312,100.784328747
2316,103.516202927
2321,101.793971348
2322,111.63054018
2325,101.784849262
2326,92.5371974945
2329,114.90934906
2330,89.8319990158
2331,102.666771889
2332,113.698665428
2333,93.6827816963
2334,100.299445248
2335,112.356708431
2337,112.629019547
2338,94.8137359619
2340,113.593334198
2342,90.1262403488
2345,92.7049066544
2349,95.9502512932
2351,81.2126950741
2352,94.8163887024
2354,110.631243992
2355,114.549043083
2357,113.117184544
2358,93.0543741226
2360,96.281853199
2361,110.376168251
2364,94.3579751015
2366,91.1454806328
2369,101.479422569
2370,92.5141353607
2371,113.033016872
2373,116.561570454
2374,93.6115431785
2376,113.102978039
2378,113.374477577
2382,89.3332746506
2383,93.7777796745
2386,104.592204571
2387,91.5516265869
2389,94.4628956795
2390,113.832005119
2392,92.0522596359
2398,113.519911289
2399,94.3781111717
2400,93.654417038
2401,110.440344334
2402,94.6389422417
2404,95.3779854774
2407,114.471039104
2408,110.203401661
2409,113.656520939
2412,83.5390757561
2413,90.9070660591
2415,94.8409567833
2420,113.216387749
2422,91.2660748482
2423,100.323257065
2426,95.6717123985
2432,92.1159283638
2434,94.4740900993
2435,92.9680330276
2436,110.387722301
2438,111.1921731
2440,111.843499565
2443,91.8070477486
2444,94.6205132484
2447,102.763436317
2450,92.2830094337
2454,93.8399640083
2455,111.698318577
2459,93.6582960129
2460,109.591935635
2463,93.4466750145
2465,92.307936573
2468,81.7957836151
2469,94.3962627411
2474,94.7588738442
2478,92.3154403687
2480,92.6036108017
2481,115.137157536
2489,92.8853914261
2490,101.795162201
2492,89.9152346611
2496,91.6131594658
2497,114.124127388
2500,93.2960185051
2505,91.1393772125
2507,98.5634110451
2508,112.567096138
2509,93.7006203651
2510,81.5223422527
2513,92.9237844467
2515,91.4410335541
2518,94.111622715
2519,114.405531979
2520,94.5271002769
2521,112.737365055
2523,111.920633411
2525,94.5500472069
2529,112.311936283
2530,91.5283772469
2533,114.19848299
2535,93.7199658394
2538,100.813087749
2544,114.915757847
2553,112.095729256
2556,94.5753837585
2558,93.2375522614
2559,115.967374039
2560,94.3490106583
2561,112.836175728
2562,95.4748661995
2563,110.79626894
2564,95.1420045853
2565,113.729325676
2567,103.903391075
2572,94.5850380898
2575,92.1342855453
2576,111.602382946
2577,93.1791062355
2578,92.6648562431
2579,115.522852135
2580,92.685509491
2582,110.963887692
2583,99.1348152161
2587,94.2438203812
2589,113.486324596
2590,94.1401637077
2591,112.047556877
2594,90.9609745026
2597,90.1290822983
2598,100.022812748
2599,91.343351078
2600,100.046307755
2602,112.566208267
2603,94.0981244087
2604,100.805190086
2606,111.950916195
2607,83.1440846443
2608,91.2308516502
2613,110.453403377
2614,94.7511898995
2615,111.015352631
2617,111.474308014
2620,95.0570051193
2623,111.118280602
2624,94.0739450455
2627,111.398306942
2629,80.8457461834
2630,89.4056750298
2632,92.1266080856
2636,93.4079512596
2639,91.6362304687
2640,103.188253784
2642,111.645829487
2644,102.228576755
2646,112.036247826
2647,93.1228561401
2649,94.5127401352
2650,105.634981156
2652,102.047786999
2653,100.9078619
2655,110.920906258
2657,113.348414803
2659,109.775386429
2662,92.6394246101
2663,113.854506969
2664,93.8152638435
2665,103.631637001
2670,91.2543240547
2671,103.814550304
2672,92.6772781372
2675,103.148191738
2677,110.429834843
2679,113.477218533
2683,111.519710731
2684,91.8122708321
2685,95.1691779137
2688,103.914368057
2689,91.8382944107
2690,99.980107975
2693,91.6954252243
2694,112.533982754
2697,102.310514355
2699,93.866983223
2703,93.0298659325
2705,101.344696999
2709,82.3416700363
2710,93.293963623
2711,110.101734734
2712,92.5130700111
2713,90.4597128868
2714,113.949698353
2715,92.8777271271
2717,92.0085161209
2718,113.372288895
2720,109.831789398
2721,95.145698452
2726,94.7878117561
2728,92.9194476128
2731,99.3567539215
2732,110.352654552
2734,92.0326791763
2736,103.917277813
2737,92.5205075264
2738,99.8904236794
2739,113.626481628
2746,96.6111989975
2749,101.557001209
2751,114.495904827
2752,105.804653835
2753,93.4929585457
2757,101.394638157
2758,93.8568020821
2759,109.560154343
2760,93.2573292732
2762,109.847817135
2764,95.5144914627
2765,114.151005459
2769,113.729234695
2771,113.823994923
2774,93.3262042046
2776,93.6525725365
2777,112.905007839
2778,89.9121966362
2779,111.319689179
2782,94.5215063095
2784,93.9070785522
2787,94.6408081055
2789,93.9212504387
2792,94.5689813614
2798,90.447795105
2799,101.025270462
2800,94.5203670502
2801,80.8907778263
2802,96.2101391792
2804,96.3324379921
2807,102.161392593
2808,91.4559980392
2809,117.118835926
2811,113.667064667
2812,92.8152886391
2814,90.6808421135
2816,93.6115965843
2817,113.97066803
2818,109.740856552
2820,110.833486175
2821,79.7282152653
2822,94.3490459442
2823,103.12433176
2824,94.5443228722
2826,92.997369957
2829,94.513574028
2834,91.4724568367
2835,82.208611393
2838,92.0305531502
2839,112.750755978
2840,95.5232616425
2841,111.423586655
2842,93.6051318169
2846,112.601646996
2848,93.5882753372
2849,91.1602396965
2850,114.286154747
2851,93.627690506
2853,95.7216078758
2854,111.704505157
2858,111.922072697
2861,92.7115171433
2864,94.6581155777
2865,114.265793228
2866,111.286850452
2867,92.3912765503
2868,112.147484875
2870,111.639422226
2877,91.7866538048
2878,110.495608902
2880,111.403265762
2882,82.1671106338
2883,91.7831515312
2884,101.777293301
2885,94.6361276627
2887,91.8869354248
2888,111.653588963
2889,94.7356764793
2890,100.233956814
2891,97.180061245
2892,116.359100532
2893,91.3555100441
2898,113.962332439
2899,95.3616250038
2900,114.304784203
2901,93.0584267616
2909,91.4505163193
2910,111.537572289
2911,111.732046127
2913,112.298552418
2914,93.0525553703
2918,94.1689270019
2919,110.02505188
2920,96.550060749
2921,110.297699356
2922,93.1315573692
2923,100.569595814
2925,113.525849056
2926,92.6321115494
2927,112.767943954
2929,109.659897423
2933,94.0059194565
2934,111.126757145
2936,112.435241413
2941,100.690963078
2942,94.8063065529
2943,110.792140675
2945,102.538413143
2950,92.246648407
2951,111.964026737
2953,116.493475628
2954,91.4229687691
2955,104.700273514
2956,88.5575911522
2960,93.7676776886
2962,91.7200066566
2963,104.946791649
2964,104.106810379
2966,81.2568890572
2967,91.7588587761
2968,112.035213089
2969,90.504594326
2971,91.4682100296
2972,91.9954410553
2974,95.4544327736
2975,113.232124138
2977,115.567900181
2980,111.055339432
2981,93.8126261711
2983,94.3567610741
2984,101.451117992
2985,115.215010357
2986,101.895144558
2987,91.6899167061
2989,93.2249878883
2990,110.521932983
2991,94.6135710716
2992,82.7994837761
2995,99.8369222641
2996,101.584308147
3002,111.538297462
3004,117.3683671
3005,114.568962955
3006,93.343821907
3010,92.1870282173
3011,99.7592723846
3014,93.6628001213
3015,94.1476078987
3016,90.2231154442
3017,113.652508926
3018,94.7288428307
3021,102.215215778
3024,100.222373199
3028,93.2061975479
3030,92.8640414238
3032,91.7730555534
3039,94.2813361168
3040,103.032184792
3041,94.4299564362
3043,93.721404171
3044,111.544894791
3046,111.321435642
3055,96.1106233597
3056,115.764655876
3058,93.0468977928
3059,112.969592476
3061,116.694901371
3063,102.583499527
3066,92.4642097473
3067,102.303375435
3068,81.6458805561
3069,94.8269955635
3072,114.579967689
3073,110.367131329
3074,93.4624444008
3077,94.7712353706
3082,91.2974253654
3084,100.287097835
3085,110.704129124
3088,100.987226677
3091,96.4287996292
3092,111.550819206
3093,92.6207242966
3094,101.802337265
3096,112.90058651
3097,94.8534861565
3098,80.6766476631
3102,114.114456463
3106,96.2659720421
3109,89.6444918633
3111,93.3544332504
3112,114.587919807
3113,91.9502450943
3115,92.5100250244
3116,112.33299036
3117,92.0792243958
3121,112.999463367
3122,94.0546258926
3123,92.8190160751
3124,101.677064896
3125,94.3510048866
3126,100.958122826
3127,116.428399849
3129,94.4525365829
3130,111.112295246
3132,102.178886032
3134,103.111080837
3135,91.7353016853
3137,79.8604623794
3138,91.9344061851
3140,93.0568538666
3144,112.480845928
3145,95.3705368996
3146,111.472907543
3147,95.3328838348
3148,101.911481667
3149,102.097980022
3150,112.760848713
3151,91.2120106697
3152,94.7764187813
3155,94.9712442398
3156,113.715956688
3159,93.7024971962
3161,89.1938786507
3162,103.170832825
3163,93.2125536919
3165,100.59631691
3172,96.6110655785
3173,110.261837673
3176,93.2442772865
3177,102.655493546
3179,113.064453316
3183,93.4017781258
3186,94.0429234505
3187,102.841358089
3189,111.155833244
3190,91.3930152893
3192,116.338795662
3193,94.7195205689
3194,113.142231274
3197,93.8979280472
3198,94.1366902351
3200,91.7617973328
3201,115.120935726
3202,93.540473938
3204,91.7360822678
3205,94.9950775146
3206,112.840349865
3208,103.210049057
3210,103.289078999
3211,92.8870109558
3212,116.51919899
3213,95.5239472389
3214,111.2317976
3216,100.92921648
3219,95.5738686562
3220,112.713335609
3221,94.0259643555
3226,109.269122791
3227,92.4142709732
3228,110.303836441
3229,91.6446315765
3232,82.0541995049
3233,93.7753829956
3234,93.9315793991
3236,93.215400219
3238,112.560819817
3239,110.585444737
3240,95.3174303055
3247,111.095829582
3249,102.41841774
3252,113.800269699
3253,94.3282439232
3254,100.897838974
3255,94.4261451721
3256,113.086081505
3257,95.23081913
3262,93.1314288139
3263,103.391741085
3264,91.5390550613
3266,110.799676514
3267,90.5971700668
3269,91.2760845184
3272,114.657492542
3274,94.1360842705
3275,102.296064091
3277,93.2916776657
3279,94.4071108818
3280,100.738528729
3283,93.5802660942
3285,94.5287638664
3287,93.6611582756
3288,100.949531365
3290,102.028309441
3291,91.5765989304
3298,111.111865139
3299,94.7701164246
3302,113.843116951
3303,93.0453978538
3304,103.452001476
3307,94.6583810806
3309,92.3002338409
3314,83.9476520538
3316,112.783681297
3317,93.891078949
3319,94.4434792518
3320,111.247414112
3321,94.6524342537
3322,103.691500473
3324,95.2682552338
3326,91.7872628212
3329,112.369978523
3330,94.2688284874
3331,110.710550022
3335,116.06441822
3337,92.6223122597
3338,101.561441707
3339,91.4483785629
3340,111.313035583
3341,93.087906456
3343,92.5277968407
3346,94.8490198135
3348,90.9175369263
3351,101.033792019
3352,115.023641014
3355,92.6095111847
3356,114.819563103
3358,101.335810852
3359,93.390411663
3360,110.882726288
3371,112.997715187
3372,92.3542567253
3374,91.8487399101
3377,110.390202236
3378,91.158349514
3380,101.285075664
3382,93.1143493652
3386,94.4933306694
3389,109.858616829
3391,101.219202805
3393,90.3620242119
3394,104.868387794
3395,92.0914485931
3397,110.955250645
3398,93.7221915245
3399,80.5816219807
3400,94.0638234139
3404,99.7421578408
3407,110.779506683
3409,102.472840595
3419,91.7602391243
3421,93.0021914482
3425,93.5779611587
3427,82.4154714584
3428,115.244945335
3429,111.5398489
3431,92.5436611175
3435,90.8821292877
3436,112.491900349
3439,90.9562486648
3441,96.0385001183
3442,114.550057697
3443,94.2961023331
3444,100.025040627
3445,91.6180985451
3446,111.672466755
3449,91.8484987259
3453,95.3444009781
3457,93.6004829407
3460,103.158174515
3461,90.6989244461
3462,94.8531515122
3464,103.581798172
3465,81.2899514675
3466,95.4931966782
3467,100.718092918
3468,94.6188801765
3469,101.1848629
3470,99.5987523079
3472,111.932540417
3473,98.3254153252
3475,94.4877399445
3476,111.26391716
3478,101.799277878
3479,90.3739539146
3483,95.0474331856
3484,100.935604668
3485,93.1018466949
3487,92.1112826347
3488,110.827168941
3496,113.883804512
3497,91.7622573853
3499,93.9892295837
3500,81.375142622
3501,92.2775560379
3504,95.2796265602
3508,104.336114502
3511,91.8530788422
3512,112.837634087
3515,96.6943187714
3517,92.8290512085
3518,100.155754375
3526,114.852825928
3528,113.975764465
3529,93.9590137482
3530,112.577753544
3531,91.946854496
3532,112.999761963
3533,92.1471991539
3534,95.4443842888
3535,83.5981759071
3536,92.7013285637
3537,112.652608395
3538,96.3387497902
3539,110.850847244
3540,101.910117054
3545,111.19889946
3546,92.6187864304
3550,101.928125
3551,94.4893732071
3553,92.6224450111
3554,103.471064377
3557,92.9779930115
3558,110.30673027
3559,90.2752480507
3561,95.5280566216
3562,110.87308197
3563,95.2454217911
3564,101.444809532
3565,90.4349903107
3567,92.8485872269
3571,103.121451664
3572,93.1295629501
3574,93.8150595665
3576,94.4315962791
3577,113.319321346
3578,92.3917362213
3579,95.0244561195
3583,95.0986504555
3585,92.0764097214
3586,101.637393379
3587,110.510731316
3593,91.0116512299
3594,113.372332287
3595,93.6599444389
3599,93.3169931412
3600,102.245650196
3601,112.337795544
3602,91.9005467415
3604,93.0560037613
3609,115.392792702
3610,115.238945484
3612,111.490206623
3614,112.942310333
3615,94.482804966
3617,93.2363302231
3618,110.822460651
3619,111.005144405
3620,111.211701298
3621,92.6215202332
3625,91.6881640434
3626,101.4501441
3630,99.9942537306
3631,93.8391446114
3632,101.799560165
3633,94.9224709511
3634,111.007748032
3637,97.3952972412
3639,93.0105713844
3640,112.06430769
3641,93.5982386589
3644,114.220878315
3645,95.1019253731
3646,93.6109396934
3647,92.1260630608
3648,110.565741158
3653,110.809042168
3654,93.3140283585
3655,111.23950777
3659,99.3066569328
3660,93.5224655151
3662,111.918769741
3666,94.3501901627
3668,93.3498955727
3671,93.3684008598
3673,94.5512541771
3674,110.444691181
3675,93.1641864777
3681,93.8447518349
3682,111.524470139
3686,110.75118227
3687,96.1591796875
3692,80.9476983547
3695,111.331079864
3696,92.0738821983
3699,111.190823269
3705,113.537169743
3707,81.7767002583
3708,93.0260237694
3709,110.968776798
3710,93.5887330055
3712,93.0340661049
3715,110.673522186
3716,93.7578819275
3720,110.999902534
3722,81.7992499352
3726,93.3283951759
3728,93.76564188
3729,111.340030575
3731,100.498942852
3735,110.570667553
3736,91.1209228516
3739,98.5140485763
3741,110.723802376
3743,102.465630722
3744,92.5079054833
3745,110.57438879
3746,93.1395719528
3751,94.2850403786
3753,91.9531850815
3760,112.79141922
3761,94.9020349503
3762,111.358287144
3763,93.5439981461
3765,94.4811332703
3768,110.679600525
3769,91.7023047447
3770,100.579345894
3773,109.861643314
3774,92.5810584068
3776,93.602331543
3778,91.5000458717
3779,112.54342823
3780,97.1651397705
3781,110.20414629
3782,93.166031456
3783,110.375603485
3784,93.2046566963
3786,91.6740562439
3789,107.900857544
3790,94.5962944985
3793,110.102620697
3795,109.202511406
3797,95.0273480415
3798,115.636282158
3800,112.985316277
3804,94.0044644356
3810,93.9981256485
3815,110.329499817
3816,92.1385140419
3818,103.460793686
3824,109.952433205
3828,102.550987911
3830,111.121287823
3831,93.4362699509
3832,80.5618710518
3834,110.056022072
3835,95.8557244301
3836,109.696656227
3838,91.5236006737
3839,115.027300644
3840,110.880874443
3845,92.1204463959
3846,110.677770519
3847,92.2628289223
3849,82.3979438305
3853,110.392758179
3855,103.653549576
3856,95.0986196518
3864,79.980514574
3865,93.4536568642
3866,111.994762421
3867,91.6241335869
3868,112.914594173
3869,92.8294867516
3871,94.7754483223
3875,101.226246452
3876,97.3515940666
3878,95.2889166832
3879,110.638185883
3881,112.414914989
3883,110.592983437
3884,94.7960747719
3886,109.811083794
3890,90.9982193947
3893,109.813903141
3897,100.964345074
3901,95.2018885613
3902,108.777174473
3913,112.904430962
3914,95.0438739777
3916,93.0722846985
3917,110.849549198
3924,100.640371227
3925,91.5878963471
3928,90.6538681984
3929,112.244038677
3932,88.3518291473
3933,100.563448048
3934,82.0665143967
3935,92.9810879707
3936,94.4093071938
3937,109.444948959
3938,93.9548729896
3939,109.807126999
3943,94.9644716263
3944,110.409313965
3945,110.687638473
3946,92.2451094627
3947,110.459357166
3948,93.3917090416
3949,109.665402222
3950,95.0885137558
3951,110.183270836
3952,94.4513616562
3953,111.087975311
3961,113.799031448
3962,93.497249794
3966,93.9332708359
3967,103.751618957
3968,94.7077662468
3969,110.156236935
3970,93.5609319687
3971,101.01854353
3973,93.6553792
3974,110.893703079
3975,111.162962627
3977,93.193238163
3979,111.718739605
3985,91.6259828568
3986,102.936033154
3988,109.242845535
3991,93.0071640968
3992,103.406066227
3993,89.4962514877
3994,92.2004806519
3995,111.008420944
4005,109.721995354
4007,91.362071228
4008,101.550926685
4009,91.2900493622
4010,111.183754444
4011,80.3669388294
4012,95.093348217
4013,102.184007358
4015,110.880291557
4016,111.508431149
4018,112.049416351
4025,92.5108595848
4026,112.249764442
4028,112.406290531
4029,92.3366373062
4031,93.8481287956
4032,109.399599266
4033,94.1158988953
4034,102.430500984
4037,92.6129398346
4038,100.571695232
4039,92.0995763779
4041,94.8537273407
4042,109.719314194
4043,95.7457192421
4044,99.956760025
4045,96.9402557373
4046,112.324783611
4047,91.0798758507
4048,102.185642529
4049,92.8683485985
4051,91.0390672684
4052,110.777786827
4058,101.163008595
4062,108.89097929
4064,110.156671238
4067,93.3531627655
4068,81.6103173256
4070,94.0459144592
4072,115.066987038
4074,110.141684341
4075,94.5569290161
4076,110.437004852
4077,92.0938802719
4078,110.761652374
4080,100.026268768
4082,112.463722515
4085,93.6957328796
4086,114.546018505
4088,112.185661888
4089,95.0076861382
4092,81.0559129238
4094,94.8468624115
4095,110.581642532
4096,95.1093605041
4097,101.504312134
4102,92.3941187859
4105,111.380803776
4107,113.53673811
4111,93.5116104126
4112,103.754009152
4113,94.2754212379
4114,111.942456627
4115,95.1840359688
4116,110.816908264
4117,93.7921516418
4118,91.689013958
4119,112.81317482
4120,97.758991909
4122,80.2408336163
4125,95.3980606079
4126,111.245956707
4129,110.5734519
4134,110.390100098
4137,94.3494878769
4141,101.818849182
4142,93.7704444885
4144,92.0393327713
4145,101.540025902
4146,92.6345636368
4150,95.5027879715
4151,81.9038750648
4154,93.3407616615
4156,91.0843633652
4157,111.001265717
4159,112.072703934
4160,93.3630758286
4161,112.384630299
4168,94.5385332107
4171,100.547664452
4172,103.87475605
4173,95.9360520363
4175,94.9415471077
4176,99.9622463227
4177,92.697584629
4178,98.399153614
4179,92.1094223976
4181,109.3011796
4183,92.8221752167
4184,112.018756962
4185,94.2461839676
4186,113.451846218
4188,115.075819778
4190,110.903883171
4192,93.7408847809
4193,109.757577324
4194,111.530107307
4195,92.3134010315
4196,82.2119930267
4202,90.2751205444
4203,100.639719295
4208,92.2325852394
4209,112.562094116
4210,92.2323926926
4211,111.914054203
4212,115.609602833
4214,101.523485756
4215,94.9661539078
4216,113.10182724
4217,94.7969460487
4219,89.8992962837
4222,109.509638405
4224,80.7682507038
4231,101.067551994
4232,92.3925587654
4234,95.0723223686
4236,93.5137396813
4237,102.194134903
4240,94.8786066055
4242,100.631508827
4243,95.524339962
4247,94.1246967316
4248,109.939345837
4249,91.1368964195
4254,100.371123123
4263,92.6713025093
4265,110.435164928
4267,111.424160004
4268,111.098461819
4271,111.118497181
4272,91.9196164131
4273,110.69140234
4274,95.8845840454
4276,95.1090740204
4278,94.1470280647
4280,91.3618047714
4281,110.120400524
4283,95.0829119682
4284,110.682170963
4285,93.7309535027
4286,111.815873814
4287,95.6421787262
4288,111.776101303
4289,94.8204282761
4290,80.6567301274
4293,94.4798026085
4296,112.099636936
4297,93.808436203
4299,92.2787959099
4303,112.994812393
4310,93.4407479286
4312,103.794768238
4318,100.409745216
4320,111.952968311
4322,91.3487128258
4323,114.752552223
4325,103.430768394
4326,109.799868393
4328,100.604638576
4330,103.152791309
4332,110.706657982
4333,91.3221522331
4335,93.6380616188
4336,110.874913692
4338,101.666939354
4341,92.8561052322
4342,101.143647003
4344,103.433485222
4347,91.8134750366
4348,100.260827827
4351,108.830777264
4352,94.4773570061
4353,111.37125082
4355,100.421818066
4356,94.8945411682
4359,100.081212234
4360,94.2141728401
4361,94.5895849228
4364,91.0355792045
4365,104.084337902
4368,93.9997674942
4372,90.0176762581
4374,93.6851802826
4376,93.3279780388
4377,102.864775467
4380,91.4892546654
4383,102.539567184
4384,93.104848671
4385,100.731950474
4389,96.6858627319
4391,89.4327109337
4392,109.762460422
4393,95.2264144897
4395,97.3207298279
4396,112.011207008
4398,113.267151642
4399,105.850008202
4401,91.6748307228
4406,91.5960204124
4408,102.060976124
4412,100.730341339
4415,92.2332765579
4418,111.905265903
4419,94.3533067703
4420,81.9729084015
4422,111.775835228
4423,94.810674572
4425,95.6102197647
4428,110.688561153
4431,112.798259163
4434,92.4104268074
4436,92.888807869
4437,111.059763241
4439,116.277631855
4440,92.6145331383
4441,114.341254997
4444,93.2164638519
4445,101.025760746
4446,94.1635882378
4447,113.610656357
4452,104.033546066
4456,114.30031929
4457,94.2533407211
4458,110.946702766
4460,94.868313694
4461,117.401075077
4462,92.421577549
4465,99.8466702462
4466,100.029843807
4468,93.1851212502
4469,102.271405125
4472,111.529551315
4475,93.5294311524
4478,95.5931494713
4479,113.85966177
4480,93.3063617706
4483,82.3731621742
4484,92.5472963333
4485,102.293091106
4486,92.1325052262
4488,93.9069823265
4489,104.817986298
4490,92.3048237801
4491,106.768923187
4492,93.263968277
4493,108.488701725
4494,90.543978405
4495,101.076207542
4498,82.7552123547
4499,92.5288492203
4500,102.282324123
4503,111.812317753
4505,101.962158966
4506,92.4267684937
4507,95.5860562325
4508,102.187546348
4510,110.829554653
4511,92.8308127403
4513,90.7844118118
4516,83.1046253681
4519,95.1195545197
4521,92.9648653984
4531,93.2192830086
4532,82.6398704529
4533,94.8278325081
4534,110.041754723
4536,101.756267834
4537,94.6926529884
4539,92.5589384079
4542,101.814943504
4545,93.2623474121
4549,93.6357622147
4551,92.9585856438
4554,100.605006218
4556,111.671795368
4559,113.399663448
4561,111.954187393
4562,111.232483578
4566,113.347302532
4569,92.7957299233
4570,112.068607712
4573,94.6631305695
4574,100.811922264
4575,93.4401575089
4577,93.3946662903
4578,110.776179504
4580,110.797700691
4582,95.3749726295
4583,112.102996349
4585,93.5540420532
4587,100.703720284
4595,97.1896039009
4596,112.825084591
4601,91.3767832756
4602,112.43721199
4603,91.5887831688
4605,112.654184627
4606,97.9105518341
4607,110.955292988
4608,93.864553833
4610,91.5865176201
4613,105.34449749
4617,92.0083221436
4618,111.083442879
4619,95.6494682312
4620,91.6571455956
4622,101.853252602
4625,91.4629018784
4626,102.076202488
4627,93.5417106628
4629,95.4139318466
4631,93.567387104
4633,101.668731499
4634,115.141054916
4635,92.9503312111
4639,94.9424946785
4640,101.216177654
4642,101.821679211
4644,110.513753986
4646,102.307421303
4647,92.0524079323
4648,82.5359050751
4649,92.4794154167
4650,115.36509409
4655,93.5098918915
4660,96.1393251419
4661,114.308581448
4662,92.0809741974
4663,112.55956068
4665,90.0413928032
4666,111.270046139
4667,100.45463686
4668,93.6446616173
4670,93.3974261284
4671,114.939455032
4672,90.6839579582
4673,100.494406605
4675,102.759946346
4676,92.1756867409
4677,111.52276144
4680,92.1736515045
4682,94.6183012009
4683,113.211728668
4685,100.330677605
4686,94.375295639
4688,111.818045139
4690,111.202217388
4692,113.707891178
4693,93.0701408386
4697,94.233925724
4700,111.143497753
4702,112.531814671
4707,116.525723743
4708,91.4157180786
4710,83.8696211815
4716,101.145034027
4717,91.6276388168
4718,88.707425499
4720,92.2876773834
4721,83.8296013832
4723,91.9301921844
4726,110.660436439
4727,92.2335148811
4729,92.8122937202
4731,92.5491630554
4732,113.85994873
4735,90.8999320984
4736,102.538508034
4737,93.4615333557
4738,110.838673592
4739,111.66728878
4744,103.142816448
4747,92.2135601997
4749,112.854494667
4750,94.370827198
4752,112.03267231
4755,92.2850309372
4756,102.134401417
4757,112.347267056
4758,92.3468984604
4759,103.516971397
4763,92.838367939
4764,101.866104031
4765,93.898143959
4766,92.9078647614
4767,112.207917976
4769,112.685862637
4770,93.506338501
4771,85.7423584938
4772,101.201843643
4774,112.412164211
4776,112.476301098
4777,110.485009003
4778,92.8500626564
4780,90.8721894264
4784,93.7326733589
4786,93.7756759644
4787,83.1684538841
4788,94.5385789871
4789,112.160466385
4791,102.475624657
4792,92.7209365845
4795,111.676669598
4796,93.4036213875
4803,94.6374360085
4805,94.6547479629
4807,95.274900341
4809,91.4687738419
4816,94.2211634636
4817,82.3684350491
4818,93.7852360725
4820,92.8968582153
4821,101.103510666
4823,112.399621391
4824,93.1967802048
4825,111.233924866
4829,103.35665369
4830,94.8771950722
4831,111.868598747
4833,103.519809437
4836,93.8481571198
4837,111.396860981
4838,94.0648618698
4840,94.5342970848
4841,81.8911201954
4842,94.1374311447
4843,114.405339622
4844,95.4969367027
4849,111.534967804
4851,102.964926815
4852,93.0183573723
4858,93.1340636253
4860,95.1556051254
4863,113.257286549
4864,91.7562935829
4865,111.642187882
4867,110.908668804
4868,90.7478035927
4869,112.306820679
4873,91.9057221413
4875,93.0790313721
4876,115.832215786
4877,96.8927330971
4878,111.457608604
4880,83.1565221786
4886,111.268373394
4888,102.041910839
4889,92.8700820923
4890,114.714067841
4893,93.0067067146
4895,91.7940488815
4896,103.169373226
4899,91.0466411591
4901,92.9199341774
4902,110.311293602
4903,93.7215188026
4904,112.276294708
4910,94.3254618645
4912,95.193530941
4915,93.0063131332
4916,102.876086617
4917,93.9495319366
4920,101.798900986
4927,103.265103626
4928,94.8051512718
4931,101.480296135
4934,91.4697228432
4936,93.9182873726
4939,114.27589035
4942,113.264430523
4943,97.6249565125
4944,102.475086307
4945,93.4559633255
4947,110.531248474
4948,92.4552096367
4951,93.453844738
4952,111.781580162
4953,93.18002882
4956,95.5814447403
4957,113.72328434
4958,95.9208311081
4960,91.6943295479
4968,94.8518672943
4969,101.886702156
4971,101.54376297
4973,112.932093525
4975,114.494686985
4976,92.3834625244
4978,93.4374412537
4979,111.721060944
4982,92.3009271622
4983,111.840351772
4984,94.95088377
4985,115.822193909
4986,91.4940175057
4987,115.466855431
4988,93.0394726753
4994,94.5808236122
4995,92.991822052
5002,84.371217823
5004,93.009071064
5005,104.472475815
5006,93.0145626068
5007,101.845613766
5009,114.936887264
5011,112.80153532
5014,92.857307148
5015,107.032135677
5018,94.2804759026
5019,111.816035271
5020,94.2863694191
5021,113.286758137
5022,94.1517355919
5023,91.9491630554
5025,93.7969408035
5032,93.2389661789
5034,91.7858607292
5036,91.535069561
5038,92.0940063476
5039,114.30817728
5046,91.4485848427
5049,111.659682751
5051,91.942598629
5052,94.5993079185
5053,112.036107159
5054,91.6799461365
5055,92.5965707779
5057,94.9319887161
5059,93.9124319076
5062,96.3105140686
5063,112.702349854
5065,113.935319805
5069,95.015987587
5071,92.8210122108
5074,113.936147881
5075,91.1973711968
5076,113.066928005
5077,82.8073395729
5079,105.100110531
5080,92.7805885315
5081,112.900548172
5083,103.965322304
5088,102.310896683
5089,92.1857765198
5093,112.12007494
5094,102.476972961
5095,93.5750904083
5099,113.745129013
5101,112.980340672
5103,103.345028973
5104,96.4472498894
5105,113.228774834
5107,93.4161349296
5108,113.229887772
5109,92.3178712845
5111,92.1171964645
5112,110.184900284
5113,93.4336702347
5114,110.573504925
5115,92.8572853088
5118,94.3288096428
5122,91.9301121712
5123,83.1451331615
5125,93.0164077759
5127,105.563109303
5128,91.948476696
5129,113.676339626
5132,91.2981689453
5134,113.467469025
5135,92.2005290985
5137,114.295179558
5142,93.3057985306
5143,101.311808109
5144,91.6119072914
5148,95.5139710426
5149,92.6549178124
5150,103.16993103
5154,81.81192379
5155,92.6204158783
5159,92.4361886978
5164,92.1688222885
5165,114.329904556
5166,94.5796735764
5167,112.711350155
5169,95.85414505
5171,91.020136261
5172,110.026422882
5176,93.0340643883
5184,111.641048718
5185,92.5982229233
5186,110.575788975
5188,102.605564117
5189,113.833369637
5190,94.013021183
5191,114.327150345
5193,111.907192516
5196,92.9670407295
5199,83.688022995
5200,105.080666542
5203,92.0624653816
5204,111.893641663
5205,95.3307174683
5207,94.2144365311
5208,108.236323738
5212,91.7786705971
5214,92.1521811485
5218,94.6252513885
5220,94.1077097893
5222,92.1901836395
5224,93.8388167381
5225,100.482651997
5227,112.550529003
5229,104.050106144
5232,91.8421721458
5233,117.369617653
5234,100.760823917
5237,113.126784897
5239,114.732793617
5240,95.3398932457
5241,111.618596363
5244,93.314321804
5248,112.213216305
5251,95.7252853394
5253,92.6471773148
5255,92.443105793
5256,101.842795181
5257,94.0065137863
5259,95.167169857
5260,110.952311802
5266,95.5795008659
5268,92.7521335602
5275,113.588352966
5276,111.847394276
5277,92.0345269203
5279,93.4123247147
5280,102.71563139
5281,92.6540881157
5283,91.6861832619
5284,83.5420381546
5285,92.3181343079
5286,102.109358978
5287,97.5362272263
5289,96.5272022247
5290,110.499558353
5292,105.233204842
5293,92.0067958832
5294,101.16109066
5297,94.1729031563
5299,101.622770119
5302,92.0958870888
5305,81.9935480595
5306,94.2741790771
5308,93.5216883659
5309,91.1221833229
5310,117.446466541
5312,112.194144344
5316,115.762903213
5317,91.9382716179
5319,81.0638063907
5320,91.8917751312
5323,96.8225787163
5329,113.174008655
5331,109.740903664
5334,112.180685902
5336,111.851723099
5338,101.649899387
5341,92.4796154022
5345,92.4121477127
5348,94.2332006454
5349,113.243175507
5355,104.66761198
5356,93.4804897308
5360,104.234607601
5362,111.941854668
5364,111.741444874
5366,102.798105621
5367,92.0368794441
5368,93.1328807831
5370,90.7472710609
5371,81.6150126457
5373,104.010009766
5375,112.703796577
5376,91.365278244
5378,111.578508186
5379,91.8511914253
5383,93.772253418
5384,103.6770854
5389,110.413298798
5391,81.9745256901
5393,110.922276497
5395,112.758838558
5397,110.928586006
5398,95.0488838196
5399,112.176588917
5401,115.114744949
5402,94.5471176148
5403,112.120409489
5404,91.9293567657
5407,81.9528521538
5408,93.6222015381
5413,112.846437836
5414,93.797979641
5417,95.2693577766
5418,105.457719231
5420,113.506823254
5421,96.4968525887
5424,94.5702010155
5425,111.645746327
5426,91.9242026329
5429,113.784045982
5431,95.3066961289
5437,100.7221838
5440,92.1665086746
5444,101.652482033
5446,106.570209312
5447,93.9654619217
5451,93.041361618
5452,106.856762791
5455,103.582847023
5456,93.2663615227
5458,92.6538039207
5459,113.196030712
5460,92.8586338997
5462,93.656308651
5463,111.123417187
5464,91.6739430428
5465,115.696836185
5466,94.6425551415
5467,100.881528187
5468,92.3993864059
5469,114.136066246
5472,92.8910978317
5474,92.6363286018
5475,113.656587982
5476,94.9440767288
5479,100.741365623
5480,111.70768652
5482,110.702158737
5485,92.4754067421
5486,115.480400658
5488,81.9226372719
5495,101.408928204
5496,91.246701622
5497,114.939017963
5499,114.066160679
5503,97.9403264999
5504,94.7178601265
5507,96.8979607582
5509,96.1880758285
5511,92.7589725494
5512,111.347605801
5516,111.622414589
5517,91.3328909874
5518,103.322253132
5521,94.8801527023
5522,101.778555298
5527,92.3043088913
5528,93.721462822
5529,111.33444128
5532,94.9997496605
5533,113.450314617
5535,106.682098866
5536,104.446053123
5540,99.2712738991
5547,92.4134538651
5548,112.77465868
5550,82.0290513516
5551,93.7343840599
5554,110.878753948
5555,95.2151991844
5559,110.784989071
5560,94.8371460915
5561,111.753556156
5562,93.7671298027
5563,112.290248203
5565,83.790268898
5566,94.000215435
5567,100.910005665
5568,95.1993691444
5572,93.1849524498
5574,91.8366467476
5576,94.126235199
5579,111.296686459
5580,82.738669157
5581,94.6292387962
5583,91.6249927521
5584,111.657893848
5586,112.528546715
5587,94.3311373711
5589,100.62726202
5591,101.566279983
5592,96.2221146583
5593,114.837095833
5594,94.1628878594
5595,79.1971076012
5596,111.687922096
5597,110.870410156
5598,117.003091907
5599,91.7907151222
5602,112.389649105
5603,93.236946106
5605,96.6110194206
5607,91.6884694099
5608,111.248446655
5609,93.9497961044
5610,96.2729783058
5612,93.8912295341
5613,111.441727161
5614,94.0001364708
5616,94.4564300537
5621,92.4568766594
5623,92.3497304916
5628,114.645984841
5629,91.7765181542
5631,94.4419207573
5633,99.647245121
5638,102.540409088
5639,94.683327961
5640,102.989642334
5645,93.0914689064
5646,81.6855744362
5649,93.0460639954
5653,113.363529396
5655,114.616895199
5656,91.9839797974
5658,94.1460028648
5662,114.972565651
5663,91.5902793884
5667,96.069893837
5670,93.1406482697
5671,102.109852409
5672,93.9361457825
5673,100.871057034
5674,94.6759716034
5675,103.538014317
5676,93.2766576767
5679,112.140061474
5683,114.843046093
5687,93.8761031151
5688,83.2577712059
5690,91.7786057472
5691,110.826685428
5692,94.8537838936
5693,113.35150423
5694,94.7364872932
5697,112.191993141
5698,92.5926856041
5699,112.452507305
5704,94.1130506515
5707,112.183768463
5709,101.310523891
5710,96.1957827568
5714,94.6181015968
5718,94.8396305084
5721,93.3596966743
5723,94.1861008644
5724,113.984490681
5725,94.6117629051
5726,112.905525684
5729,99.5237172127
5730,103.649702168
5731,94.6403321266
5733,83.152060318
5736,95.2672997475
5741,103.672739601
5745,111.983095551
5747,95.0655826569
5748,102.5379879
5750,112.342977047
5751,95.087208271
5752,95.7642651558
5754,95.3296027183
5755,93.6604282379
5757,94.0108506203
5758,116.284337521
5760,103.245502949
5762,103.945051384
5766,112.103721523
5768,96.1584321976
5769,116.325885391
5770,96.4073801994
5771,112.446536064
5772,97.6335993767
5773,113.81218586
5774,93.9882787704
5776,97.893776226
5777,113.165899467
5778,94.6810188294
5780,114.85563364
5782,97.0295068741
5783,81.7526333332
5784,93.5053215027
5786,94.4451626778
5788,96.0928750038
5789,113.076141071
5790,93.8235342026
5791,102.442691326
5793,102.418269443
5794,93.8289035797
5796,117.416018391
5797,92.6586380005
5801,93.6791676521
5803,93.600015068
5804,110.868187237
5805,93.7623524666
5806,83.3022954941
5808,111.441019916
5813,94.2591756821
5815,93.9419513702
5816,105.52646637
5822,92.34208107
5823,112.316295147
5825,102.965455627
5827,111.201911068
5829,102.324848556
5830,91.3621652603
5831,113.458661938
5832,91.0817176819
5833,111.172420692
5837,115.887303352
5838,91.2136206627
5839,91.5357871056
5842,103.890375805
5844,112.094128704
5845,101.985023975
5846,114.572612095
5848,79.1202758789
5850,112.955914593
5851,93.0270265579
5853,94.7833179474
5854,102.496921253
5858,104.653473759
5860,110.344766045
5864,101.495659351
5866,91.028469944
5867,111.731765938
5868,93.6535553932
5869,111.565293789
5870,91.5370236397
5871,111.623829365
5874,113.35561161
5876,110.858905125
5877,90.9442294121
5878,93.0141125679
5879,111.324167728
5880,93.7707802773
5884,96.7914299965
5886,111.25373106
5890,103.471610642
5896,91.8530938148
5897,101.763261604
5898,94.9629289627
5901,101.809147072
5903,111.966517925
5906,96.2509617805
5908,112.438249302
5909,94.0253978729
5910,110.196489906
5911,91.7065004349
5912,110.885397148
5914,113.270078373
5919,112.754640293
5924,92.7327905655
5926,94.7187233925
5929,102.085167122
5930,92.6523983002
5932,91.8486204147
5933,116.393705463
5934,94.4034665108
5935,110.563200951
5936,92.0938346863
5937,109.172386169
5938,93.6218463898
5939,112.226220798
5942,110.039143372
5943,92.2298141479
5944,101.248528385
5946,112.947339058
5951,92.5098155975
5953,100.36801548
5954,93.0509508133
5957,101.197238159
5961,93.2111211777
5962,102.899568844
5964,80.3336621761
5965,92.8424922943
5968,114.822126293
5969,98.3555822373
5974,93.5692340851
5975,109.677650642
5978,81.224272871
5981,103.662181759
5982,92.4506005287
5983,111.47989645
5989,112.321125221
5991,96.7032762527
5992,100.956094265
5995,94.2418778419
5996,99.3643401146
5997,112.147186756
5998,91.4247732162
5999,81.8361777306
6001,111.407387733
6002,91.405727768
6003,110.248007488
6004,93.9588764191
6006,111.638512516
6007,95.2685814857
6011,101.923509121
6012,102.855077744
6014,92.6522610664
6015,101.624887657
6016,94.1818696022
6017,109.677258205
6018,90.6510095596
6024,93.8298903465
6025,103.280783081
6026,113.482508278
6028,110.191124535
6029,80.682000637
6030,96.0830794334
6036,113.956503773
6040,96.5400774002
6041,109.739323044
6042,92.7748217583
6044,93.6495861053
6045,100.547742176
6047,101.789331913
6048,97.6274673462
6049,111.04922018
6051,115.408264446
6052,110.366387844
6053,91.9064639092
6054,112.254177189
6058,102.953694916
6059,96.0821286201
6062,92.7652636528
6063,115.809610367
6064,101.87965889
6065,93.5693317413
6067,92.3331136703
6068,109.784564495
6070,101.535423374
6071,102.990022182
6072,111.839949799
6080,111.889490986
6081,93.4622466087
6084,102.394337749
6087,91.0488248825
6089,101.489365101
6092,111.267672062
6094,95.3538105965
6095,111.864183331
6097,113.365506935
6100,94.9021217346
6104,101.822981644
6105,94.5710279465
6106,111.324126053
6107,81.4593611717
6108,95.0939961433
6109,110.484255791
6110,96.5648661614
6114,111.207169819
6116,92.0278261185
6117,101.811611843
6118,94.2479406357
6123,79.9458757401
6125,111.954298496
6128,110.517253876
6130,100.996291828
6132,109.68597374
6137,80.9397721291
6139,116.430408859
6140,94.9229667663
6141,113.109993839
6142,104.514315414
6144,112.14510746
6145,96.8828813553
6146,94.6260611534
6149,91.3744660377
6156,94.1116885185
6159,113.630215359
6160,95.8068815231
6162,101.567142773
6164,112.186740875
6165,93.2059089661
6168,81.2947129726
6169,110.237199497
6170,95.5997457504
6171,111.004936409
6172,90.3138381004
6173,115.176020718
6176,96.257460022
6177,93.9956227302
6178,92.0997739792
6180,93.0992827415
6181,99.8211317062
6182,92.5087730408
6185,93.5809522629
6186,112.584574795
6188,110.823365784
6189,93.2613990784
6192,103.423092938
6193,91.9194185257
6194,99.4372706413
6195,94.9915363312
6196,114.446370888
6197,94.2807637215
6201,110.871055031
6202,93.4257452965
6203,111.025520229
6204,93.923991108
6207,114.922059631
6209,93.3653180122
6210,94.9557760239
6211,110.181595802
6213,110.882157707
6216,90.2642080307
6217,94.7005114555
6219,93.5250329971
6222,80.5532871246
6223,92.344593811
6235,93.9332257271
6240,94.5089085579
6242,94.1394377708
6247,93.6258717537
6251,113.476808929
6254,112.67563076
6255,93.0887293816
6260,101.469556141
6261,92.9618211746
6262,101.51382637
6264,111.002869511
6269,102.25577631
6271,103.21828785
6275,112.124837685
6276,96.1924909592
6278,92.3608357429
6279,111.007314682
6281,112.347238827
6284,92.6784543037
6286,92.518258667
6287,81.9796653748
6288,90.5946692467
6292,93.6335927963
6293,94.2886224747
6295,93.1760147095
6298,111.884860325
6300,112.857648182
6304,100.390076161
6308,111.351605034
6310,95.0474444389
6312,111.728879166
6320,94.0712026596
6324,92.2118317604
6325,112.204959679
6330,93.9340419769
6336,111.032336617
6340,104.557498741
6341,96.3878816605
6342,102.675447369
6344,94.5797141075
6345,113.165654659
6347,111.90185566
6348,90.9372516632
6349,111.735599422
6351,82.5866417885
6353,112.254001045
6354,92.8146821022
6357,93.7274247169
6358,103.575528431
6360,101.978692913
6363,113.577934265
6364,91.2231214523
6368,113.076867485
6370,93.7894205094
6371,91.9923236847
6377,93.4338342667
6379,95.4435493469
6381,94.1315989494
6382,79.0905636311
6383,112.261457348
6388,109.80376339
6390,109.83185215
6392,101.406177998
6393,91.5123599052
6395,94.0918865204
6398,100.536715031
6401,82.8251083851
6402,92.5312222481
6403,112.946849155
6405,95.5793897629
6406,92.5566746712
6407,111.001834965
6409,100.468434715
6411,92.8226848602
6413,91.6539422989
6416,103.221007633
6417,94.8846493721
6418,91.7331430435
6419,115.157481098
6420,111.359676647
6426,110.912207508
6429,93.6560623169
6430,93.0678647995
6431,111.898865032
6432,93.2754411697
6434,92.1856061935
6437,113.019117832
6438,93.8769265175
6439,100.69473505
6440,92.6729060173
6441,91.3005596161
6442,110.755913067
6443,95.1443193436
6445,93.7887231827
6448,110.758466244
6450,114.004540253
6453,93.0844870567
6455,96.340653038
6457,93.9205236435
6458,109.925508595
6461,92.6110193253
6464,110.214630222
6467,95.9052019119
6469,90.1082983017
6470,79.9280261517
6471,95.3865597725
6473,101.312028599
6474,93.0870556831
6479,92.4059632301
6481,92.3128710747
6484,111.316069222
6495,90.402135849
6496,112.660052395
6505,111.693835163
6506,91.1534013748
6508,96.6976151466
6509,94.2569229126
6510,101.275880527
6512,100.844146538
6513,92.53502388
6514,113.222957707
6515,92.8479603767
6519,93.7565488815
6521,91.3605731964
6523,82.5439181805
6525,106.063953304
6526,93.1173932076
6528,91.9845869064
6529,113.33673811
6531,100.521309376
6533,103.704348755
6534,92.1092764855
6535,110.397035408
6536,92.5972100258
6537,110.17852478
6540,92.5939049721
6541,111.038757992
6547,92.1267448425
6548,110.297227383
6551,110.634179592
6553,111.943175316
6555,102.807859039
6556,96.0936081886
6561,81.6966953278
6564,94.6519509315
6565,111.078149033
6568,91.6135883331
6569,110.093435955
6573,101.246347523
6574,90.2303137779
6577,110.922415447
6579,113.402063847
6581,95.3449824333
6582,110.892619038
6585,105.73647604
6586,92.9936226845
6589,102.50082922
6590,79.988795042
6593,90.9458727837
6594,111.875193596
6595,92.8123934746
6599,94.1490050316
6600,92.4993741989
6601,112.037491703
6602,92.8488706589
6603,110.490006638
6604,93.7468056679
6607,100.351250839
6608,101.137936115
6609,91.562690258
6611,93.3909107208
6613,109.930834961
6614,93.8412579537
6616,96.2962943077
6617,109.454910278
6618,92.8152825356
6619,99.4741840363
6621,102.441002369
6627,100.817031765
6629,112.514565468
6631,80.823590374
6634,91.8022934914
6636,93.933310318
6638,90.2851336479
6639,109.736423111
6641,110.592908382
6642,91.7495849609
6651,113.44379425
6654,79.8867229462
6657,92.1992210388
6663,95.6866321564
6665,108.55092535
6666,93.6170860291
6668,92.346993351
6669,101.992764759
6670,92.8232372284
6671,92.438101387
6673,93.5566492081
6675,92.8554934502
6676,81.6781006813
6677,91.8629645348
6679,92.426911068
6680,111.093457699
6681,101.427154255
6685,98.8936030388
6688,93.6530508042
6689,95.6423736572
6690,108.862435627
6692,109.934541511
6693,91.5997421265
6694,94.8911270142
6698,115.096688557
6699,94.24316082
6700,109.679438305
6701,92.9250989914
6702,110.579540825
6704,95.6360376358
6707,111.813966751
6712,110.865986729
6713,93.7833320618
6715,94.1271859169
6721,111.021953583
6722,93.8608027458
6723,110.053258133
6724,95.1393540382
6725,114.8677001
6731,110.836309051
6735,81.0517982483
6736,92.9223903656
6737,104.198259544
6738,93.4850744247
6739,99.9930405617
6741,102.194165039
6743,93.8860842705
6745,92.1886973381
6747,109.582156181
6749,92.0868573189
6750,103.007110119
6751,115.280149937
6752,91.9416622162
6753,109.305981159
6755,115.405631542
6756,91.7597484589
6757,101.917104435
6759,109.946183681
6761,91.2024701118
6763,94.1456228256
6764,115.397311497
6765,92.0835053444
6766,111.237452793
6768,111.134913826
6771,96.457435894
6773,93.2964953423
6774,92.4664282799
6778,100.88835001
6779,94.5971302032
6781,93.6551411629
6784,90.6426383018
6786,93.8565093994
6787,108.695461845
6790,90.5829987526
6793,103.859915733
6795,109.325545216
6798,108.572127151
6806,102.582403278
6807,94.289966011
6810,92.8844609261
6815,111.503132057
6816,92.6754755974
6817,100.207327175
6818,93.2656474114
6819,99.4590303421
6820,94.8528641701
6822,92.4485172272
6823,114.789519215
6824,109.712623119
6825,92.6332048416
6828,79.9383274078
6829,112.594797611
6831,110.173732662
6832,91.9747858048
6833,110.299153042
6834,92.1398477554
6836,92.1489215851
6837,110.230703449
6838,92.376369381
6840,99.0779964447
6843,91.7893481255
6845,90.6989516258
6846,95.4696106911
6847,109.017687988
6851,109.50983696
6852,90.6786808968
6853,109.008854389
6858,91.6615710258
6861,109.202117348
6863,111.727312088
6864,81.3222885132
6865,96.751538372
6866,109.746135998
6867,93.2031698227
6868,101.525756073
6869,91.2321229935
6870,110.216907501
6874,110.61361742
6875,92.2854316711
6877,110.916276073
6878,91.4110424995
6880,94.0878890038
6883,111.473669243
6884,93.6021789551
6886,92.4806152344
6890,92.4795368195
6893,112.192686367
6894,92.9793111801
6899,110.282750893
6900,95.0447861671
6904,92.9240561485
6905,109.67689867
6906,92.7863787651
6910,92.4087256432
6912,100.632504368
6913,112.728671551
6920,93.3786888123
6922,91.9011068344
6923,109.49174242
6926,91.8218225479
6927,112.751718426
6928,92.7254361153
6931,113.651620579
6933,92.6001310349
6936,87.4484904289
6937,109.630490208
6939,110.835360146
6941,93.9447523117
6942,110.873368549
6943,93.3515786171
6944,98.3504915237
6945,92.6558664322
6946,108.16301136
6947,114.86966219
6949,99.5660569191
6951,101.278185558
6953,109.098646736
6954,94.8144996643
6955,109.800217247
6963,112.163486481
6964,93.2290595055
6966,93.6656477928
6968,92.1989896774
6970,99.0375094414
6972,111.183519173
6976,109.667122936
6978,109.724283314
6981,99.7718491555
6985,99.4961312294
6986,93.5577082634
6987,109.925156307
6989,110.8575284
6991,114.525728798
6993,114.17818346
6994,91.8365861893
6995,110.50551939
6996,93.4369066238
6997,111.10545845
6998,79.7537560463
7001,110.948890781
7003,111.937345886
7006,93.1958396912
7008,103.339528084
7010,90.9761569023
7011,90.5387044907
7012,110.596163082
7013,94.0004442215
7014,109.842445183
7017,100.263439178
7018,92.6100403786
7019,88.5022518158
7023,92.5941982269
7024,101.10413084
7025,92.4628584862
7026,110.418243218
7027,92.821018219
7028,113.075268364
7030,109.350352192
7031,93.0484810829
7033,109.958030224
7036,94.9025456429
7037,92.5614244461
7039,94.05929842
7044,92.0140041351
7045,110.716340256
7046,91.9761387825
7049,101.669229507
7050,93.9492625237
7051,100.214693642
7054,112.196932411
7055,93.7569252968
7057,94.1723566055
7060,110.743050194
7061,92.4645489693
7063,91.8039987564
7064,109.573488331
7067,94.5655089378
7071,95.2497541428
7074,99.5192625999
7075,92.7934610367
7078,110.112555122
7079,92.5812482834
7080,109.510751629
7081,93.7538121223
7082,111.293001747
7083,92.0194615364
7085,112.515343285
7092,100.893551826
7094,92.4256203651
7100,91.214994812
7101,109.331139278
7102,109.641639137
7104,110.003633595
7105,93.3101847649
7106,93.601132679
7107,97.4494866371
7108,79.9894784451
7109,92.6514052391
7110,109.479003239
7112,93.8957590103
7113,99.0011071205
7114,92.1507834435
7116,109.460589695
7117,95.2134836197
7118,99.5398662567
7120,93.474322319
7121,100.554880238
7123,100.879155922
7124,91.9357666016
7127,111.46807394
7131,101.121462441
7132,92.6685065269
7133,91.890579319
7134,109.347040081
7135,94.0536851883
7136,112.106285572
7137,92.4800487518
7141,90.8212083817
7144,99.1301683426
7147,110.1922966
7148,89.6002501488
7150,92.7315860748
7151,92.5405384064
7152,100.472432423
7154,93.9955739975
7156,93.6664896011
7157,101.418607712
7159,114.696534061
7161,93.6895245552
7163,93.0638977051
7164,99.2758443832
7167,81.3839142799
7169,100.877722836
7170,92.5424080849
7173,90.8513599396
7174,99.7276013375
7177,109.677853966
7178,101.0715415
7179,93.9444878578
7180,81.9776530266
7181,109.247832394
7182,92.433721447
7184,92.454126358
7185,111.139116859
7186,88.0115736008
7187,112.679477883
7188,94.1169816017
7189,109.56330061
7191,99.6278557777
7193,111.735440254
7197,93.9965910912
7199,96.9311954498
7200,110.930755424
7201,95.466168499
7204,92.4562371254
7207,108.622216606
7209,111.734576225
7210,93.4635645866
7211,101.537585544
7213,92.8441988945
7214,111.770762539
7216,110.885712147
7217,91.2338954926
7220,109.57657156
7224,109.245294857
7225,95.4517342567
7226,111.61847496
7227,92.5266206741
7234,111.062953472
7236,81.8771168709
7239,101.61538887
7240,92.5032053947
7242,113.438992882
7244,110.621456146
7245,92.254365921
7247,109.379433441
7248,92.0933021545
7249,116.644903755
7250,110.085138989
7251,93.215025425
7252,109.931430912
7253,79.1548882961
7256,91.5918399811
7260,93.6163541794
7261,110.423513317
7264,91.1559315681
7269,113.107454014
7270,92.1070047379
7273,110.66778965
7279,89.6803408623
7281,109.967846489
7284,91.1763821602
7285,110.724776173
7286,116.5834795
7287,93.4956944465
7289,93.925418663
7292,94.6948429108
7293,110.474457359
7296,92.696637249
7297,110.785772705
7298,92.2706830978
7299,111.435310078
7301,99.7093032837
7304,108.809848023
7306,117.318796921
7308,92.0991916656
7309,101.013903427
7312,95.105830574
7313,79.2803733826
7314,95.0681715012
7316,91.44839077
7319,115.839705563
7321,90.1434574127
7323,90.4935069084
7324,100.182959938
7325,91.6662138939
7328,101.346835041
7330,81.8795340538
7334,92.788299942
7337,112.235891533
7338,92.827495575
7339,91.4488110542
7341,94.7485123634
7342,111.747391605
7344,110.944305515
7345,109.860170269
7347,112.704959869
7349,110.055973435
7350,93.1213992119
7353,110.535002327
7355,108.828380966
7356,92.3360357284
7357,111.492547607
7358,91.6511760712
7360,92.212505722
7363,100.593468094
7364,92.2949206352
7366,93.0758478165
7368,94.3120401382
7369,111.737201214
7370,91.4620475769
7373,93.2826529503
7374,110.906655026
7375,93.2187674522
7377,92.0505529404
7379,91.4389666557
7380,115.455171967
7382,110.269786835
7383,92.8544323921
7385,91.2821051598
7386,102.437303638
7391,91.8187329292
7394,105.256742287
7396,110.320778084
7397,91.8836242676
7399,91.5776926994
7400,100.215838146
7403,79.7519876957
7405,112.210068893
7408,110.336467838
7414,111.772817135
7416,100.40312109
7417,92.6635322571
7419,92.0291192055
7420,106.285030079
7421,92.3964877129
7422,91.2379037857
7423,100.744599438
7425,78.6611035347
7430,90.3436061859
7432,92.3252346992
7433,90.3398264885
7434,109.296738243
7436,110.626690197
7437,92.6064745903
7438,99.6390574455
7440,100.672729588
7441,92.7479722977
7442,110.821191406
7445,109.418792152
7446,101.867965412
7448,110.23147583
7450,101.819752216
7451,92.9339863777
7454,109.493624878
7455,94.1708518982
7457,109.140870285
7459,100.301638699
7462,92.3047769546
7464,93.7372596741
7465,108.057178307
7466,95.2657011986
7467,108.790456962
7469,110.506717968
7472,90.8393199921
7473,109.912395287
7479,92.397006607
7480,99.9717867852
7484,109.672195148
7491,93.7114784241
7494,101.456041241
7495,93.928205967
7501,92.9396231651
7503,91.7022285461
7504,99.2909220696
7505,94.6799441338
7508,109.098105335
7509,92.8365665436
7510,79.2785697937
7511,112.413187981
7515,92.87524786
7516,100.482610989
7517,93.1592962265
7518,99.728953743
7519,92.7003034592
7521,88.7708868027
7522,101.241392326
7524,101.253406334
7526,101.797636128
7527,91.2503741264
7528,101.733743763
7529,91.9379393578
7534,109.032291794
7537,109.427420807
7538,91.7346609116
7540,90.6700629234
7541,108.327014732
7545,109.838075352
7551,113.766406918
7553,93.1364040375
7554,100.002834892
7555,94.1181618691
7561,111.370807743
7562,93.7492132187
7564,93.0347866058
7565,100.495897579
7566,93.4306035995
7567,109.895915031
7569,100.504042911
7570,94.7739315987
7571,112.618662643
7572,94.0070467949
7574,101.45670166
7578,109.916209602
7579,91.2007499695
7586,94.9237530708
7587,82.7213628769
7590,91.349407959
7593,109.995373154
7594,90.9777287483
7595,93.2087556839
7600,93.6114785194
7601,79.6396060944
7602,93.2173488617
7603,110.144298553
7604,93.9444003105
7606,91.514007473
7608,112.195275498
7613,81.0725186825
7615,109.392446899
7616,110.919000339
7617,115.513978481
7618,92.5608357429
7619,100.372939873
7622,93.4988641739
7623,101.005385303
7624,92.4607973099
7625,100.973332882
7626,92.1164368629
7627,99.9831188202
7628,79.477934742
7631,99.1904397964
7632,99.1995113373
7633,92.7915929794
7634,114.982744121
7635,91.5308465004
7636,111.257370567
7637,111.25289526
7639,93.8479897499
7640,78.1058582783
7644,110.286041546
7645,92.7693652153
7648,100.583965301
7649,94.0729631424
7650,109.814944744
7652,107.499105263
7653,93.002041626
7655,92.0091855049
7659,110.947553825
7662,90.948651123
7664,90.744888401
7666,91.8713932037
7668,91.8036767959
7669,111.789831448
7670,90.8065479279
7672,90.4136389732
7673,111.805108261
7678,93.9654047966
7679,79.7147481918
7680,101.741301346
7683,92.0388730049
7685,115.655814838
7688,93.0163020134
7690,109.43996706
7692,93.1575177193
7693,93.601113224
7695,110.750897312
7696,92.7947871208
7698,91.7939465523
7699,111.804559898
7702,91.182852745
7703,110.725765991
7704,92.8690639496
7707,112.921465111
7713,83.4025222778
7715,101.803974628
7717,110.283109951
7718,92.8230769157
7719,99.0520429611
7721,111.428609943
7722,93.4039564133
7725,100.63996067
7727,98.2914059639
7730,81.9413807392
7733,92.6036610603
7735,101.268639374
7740,110.107193184
7741,110.81458435
7742,91.8514409065
7744,109.759703255
7747,92.1378605842
7750,82.3608560562
7752,110.701278782
7754,110.273390484
7756,100.740556812
7757,92.8756651878
7758,99.1430478096
7760,100.518666744
7761,93.3931716919
7763,111.485552883
7765,89.1856027603
7767,110.422606945
7768,92.7772059441
7771,93.2554918289
7773,91.9688895226
7774,110.196361542
7776,101.804317188
7779,93.8071162224
7783,90.4509571075
7786,102.406210041
7787,93.5333939552
7789,91.6870952606
7791,94.0425217629
7793,92.4935828209
7794,109.419165134
7795,93.0187589645
7799,81.7253767014
7800,107.722267532
7802,92.1175729752
7805,107.507161999
7807,100.908567715
7808,89.4509076118
7811,99.4240363121
7817,108.670700836
7818,98.8779103279
7819,92.2937800407
7822,93.4028038979
7823,109.655691242
7825,110.830948067
7828,91.6155469894
7832,91.4050355911
7833,82.1025484562
7834,109.107078457
7835,91.1675498009
7837,91.6838163376
7840,93.5473619461
7842,90.8216934204
7843,109.063171673
7844,92.9461283684
7846,93.4676065445
7850,92.0238537788
7853,109.868340015
7855,111.466809082
7858,92.1695178986
7863,111.776249409
7865,110.384359837
7866,88.9720682144
7868,91.9510950089
7869,109.185902214
7871,82.2509128094
7872,100.570714283
7874,98.4887247085
7877,110.940407848
7878,93.7696921349
7879,109.294628906
7881,89.2318924904
7883,92.4617745399
7885,99.6002745628
7886,93.3324572563
7889,92.4866305351
7890,101.243272781
7891,92.3628036499
7893,94.0388921738
7894,97.7317973137
7896,109.247704792
7898,102.11694746
7901,92.1045845985
7902,108.341598702
7904,111.173523235
7905,93.9373374939
7906,114.495947647
7909,90.9215513229
7910,99.9712960243
7913,90.7008110046
7918,110.452415276
7919,90.8226233482
7923,91.3484140396
7925,92.880448246
7927,86.8675104141
7930,89.7700621605
7932,89.8100513458
7933,92.0518873215
7935,93.8883400917
7939,100.520798683
7942,89.8148269653
7943,111.025870323
7945,99.7321485519
7946,93.7991476059
7948,89.2265445709
7949,109.110551166
7950,91.8763840675
7951,110.782587051
7955,98.8507727623
7959,92.1678861618
7960,110.014147663
7961,91.6712283134
7962,99.7712121964
7964,99.0484382629
7965,93.0054691315
7966,110.155170155
7967,100.481289768
7968,92.6105703354
7971,100.082596588
7974,91.2380864143
7976,107.409087658
7978,110.376761913
7982,110.381776619
7983,91.0021548271
7984,100.290074634
7986,89.4258124352
7989,108.572994518
7991,108.884231854
7992,109.49674511
7993,90.3884395599
7994,110.972031784
7995,92.948747921
7997,94.8653513908
7998,99.2412940979
7999,108.40848856
8002,92.7911527634
8007,92.7908478737
8009,90.4809396744
8011,92.1357316971
8013,91.0712384224
8015,97.4811372757
8017,108.002489757
8019,114.424845791
8023,93.6319434166
8024,109.63356657
8026,109.392631531
8027,92.4071485519
8029,93.429878521
8030,109.776937199
8031,94.4681070328
8033,90.4024209023
8035,94.0914679527
8036,102.049689293
8039,101.12966032
8042,91.8279788017
8044,92.2096797943
8046,82.5942030907
8048,109.259475899
8049,94.4115912437
8050,100.139037705
8053,89.7591770172
8054,93.5457756996
8059,91.748880291
8061,92.6807293892
8062,112.042184353
8064,109.141909981
8066,101.554782963
8067,90.3974866867
8068,91.1674872398
8070,92.0097734451
8071,110.004007912
8072,90.7396475792
8076,91.2808348656
8080,91.0078005791
8081,110.046578503
8084,101.257644272
8087,111.685504627
8089,91.1859043121
8090,114.640967179
8091,99.9397820472
8094,115.06945324
8100,90.7223304748
8101,93.194203186
8110,93.4224291802
8111,108.592815208
8112,93.4446619034
8115,111.358325768
8116,92.4834042549
8118,108.47639513
8121,115.264350128
8125,110.42668438
8127,108.748704719
8128,91.7400724411
8129,108.456727219
8131,92.843061924
8138,92.8450540542
8139,101.346880722
8140,91.2163488388
8141,90.8451609612
8142,113.424572849
8143,110.831603432
8145,109.447505379
8146,94.0431581497
8148,111.709687233
8153,111.164927387
8154,91.4154886246
8155,110.67833252
8161,91.6428877831
8162,109.743028545
8163,91.6695205688
8166,108.447198391
8168,110.053743839
8170,90.9655303955
8172,110.433126259
8173,92.7235220909
8176,99.6126592636
8179,93.0381980896
8181,91.1432326317
8182,114.872912788
8184,111.416862106
8190,99.9094957352
8191,92.3539678574
8194,111.388549519
8196,109.181803799
8198,108.185158253
8199,110.85478487
8201,110.442153072
8202,94.1807396889
8207,92.2434786797
8208,109.048060322
8211,108.917540646
8214,111.73794117
8217,92.0586894035
8218,108.201107883
8222,93.3743271828
8229,101.813481617
8231,90.5382370949
8233,92.4452702522
8236,94.1476039887
8238,110.12662878
8240,100.90801096
8243,99.2761901855
8246,107.329632473
8250,89.6283161163
8254,91.9105800629
8256,82.3458505154
8257,108.868860912
8258,90.3061641693
8260,92.9537531853
8261,109.675084591
8263,111.349489117
8264,91.5230077744
8267,109.954625511
8268,92.8877399445
8271,93.7595663071
8272,108.634643173
8275,91.629518795
8276,91.555588913
8277,101.152451706
8278,114.138023949
8279,91.3969684601
8280,109.006319523
8281,92.2713212013
8282,107.874822521
8287,112.129801845
8288,90.6714093208
8289,109.531223679
8294,90.420481205
8296,88.0016814232
8299,109.263001347
8302,99.9653826714
8308,108.325899506
8314,99.0516695976
8315,93.8520507812
8316,108.977455807
8317,89.907184124
8319,111.831023312
8320,88.7740921021
8321,114.620863819
8323,91.7319303513
8325,90.578425312
8326,107.603756428
8328,108.94993639
8330,107.942057324
8331,93.1555912018
8332,108.368412399
8334,96.3668178558
8338,92.9578942299
8339,91.3144589424
8341,89.9148270607
8345,109.215523052
8346,90.2322490692
8347,100.509403419
8349,90.096376133
8351,92.6174211502
8352,108.719853878
8353,109.063021755
8355,112.770998383
8358,108.62500124
8359,108.175941372
8360,92.4390002251
8361,109.056785679
8363,98.6022260666
8364,92.9079603195
8365,91.3274049759
8366,98.9619208336
8370,108.782532215
8372,94.1927303314
8376,91.670494461
8377,112.077835464
8379,111.461789513
8380,90.6294713974
8381,110.213820744
8386,90.8427379608
8388,99.2270939827
8389,90.3551075935
8391,109.959985924
8394,92.2533145905
8396,100.905133438
8398,100.157365704
8400,112.198381328
8401,91.0000146866
8404,90.848338604
8407,92.8901294708
8408,108.553565025
8409,110.224710846
8410,101.450590706
8411,94.5758078575
8413,88.4926211357
8414,110.6151618
8416,94.0597208977
